0.9999994040
0.9999992847
0.9999994040
0.9999995232
0.9999994040
0.9999994040
0.9999992847
0.9999994040
0.9999994040
0.9999992847
0.9999994040
0.9999995232
0.9999992847
0.9999995232
0.9999994040
0.9999992847
0.9999992251
0.9999994040
0.9999994040
0.9999992251
0.9999992251
0.9999992847
0.9999992847
0.9999992847
0.9999992847
0.9999995232
0.9999992251
0.9999992251
0.9999992251
0.9999994040
0.9999992847
0.9999994040
0.9999991655
0.9999992251
0.9999994040
0.9999994040
0.9999994040
0.9999993443
0.9999994040
0.9999992847
0.9999994040
0.9999991655
0.9999991655
0.9999994040
0.9999993443
0.9999995232
0.9999994040
0.9999992847
0.9999992847
0.9999992847
0.9999994040
0.9999993443
0.9999992847
0.9999994040
0.9999994040
0.9999993443
0.9999992251
0.9999992847
0.9999994040
0.9999994040
0.9999993443
0.9999994040
0.9999992847
0.9999992847
0.9999995828
0.9999994040
0.9999994040
0.9999995232
0.9999992847
0.9999992251
0.9999994040
0.9999994040
0.9999992847
0.9999992847
0.9999992847
0.9999992847
0.9999994040
0.9999995232
0.9999993443
0.9999993443
0.9999994040
0.9999991655
0.9999994040
0.9999995232
0.9999990463
0.9999993443
0.9999994040
0.9999994040
0.9999994040
0.9999994040
0.9999994040
0.9999992251
0.9999995232
0.9999994040
0.9999995232
0.9999991655
0.9999991655
0.9999994040
0.9999991655
0.9999994040
0.9999994040
0.9999992847
0.9999992847
0.9999992251
0.9999992251
0.9999994040
0.9999991655
0.9999993443
0.9999992847
0.9999992847
0.9999992847
0.9999991655
0.9999994040
0.9999993443
0.9999994040
0.9999992847
0.9999993443
0.9999992251
0.9999994040
0.9999995232
0.9999994040
0.9999991655
0.9999992251
0.9999994040
0.9999994040
0.9999992847
0.9999992251
0.9999992847
0.9999995828
0.9999992847
0.9999990463
0.9999994040
0.9999994040
0.9999995232
0.9999994040
0.9999995232
0.9999992847
0.9999995232
0.9999995232
0.9999992847
0.9999994040
0.9999994040
0.9999995232
0.9999995232
0.9999995232
0.9999996424
0.9999994040
0.9999994040
0.9999994040
0.9999994040
0.9999992847
0.9999993443
0.9999994040
0.9999994636
0.9999992847
0.9999994040
0.9999993443
0.9999994040
0.9999994040
0.9999994040
0.9999994040
0.9999994040
0.9999995828
0.9999992847
0.9999994040
0.9999994040
0.9999994040
0.9999994040
0.9999994040
0.9999994040
0.9999994040
0.9999995232
0.9999995232
0.9999992847
0.9999994040
0.9999994636
0.9999995232
0.9999992847
0.9999994040
0.9999994636
0.9999995232
0.9999994636
0.9999994040
0.9999994040
0.9999994040
0.9999992847
0.9999992847
0.9999994040
0.9999994040
0.9999994040
0.9999994040
0.9999992251
0.9999995232
0.9999995828
0.9999994040
0.9999994040
0.9999995232
0.9999994040
0.9999995232
0.9999995232
0.9999995232
0.9999994040
0.9999993443
0.9999994040
0.9999994040
0.9999995828
0.9999994040
0.9999994636
0.9999991655
0.9999996424
0.9999995232
0.9999995232
0.9999995232
0.9999995232
0.9999995232
0.9999994636
0.9999995232
0.9999994040
0.9999995232
0.9999995232
0.9999995232
0.9999996424
0.9999995232
0.9999994040
0.9999994040
0.9999994040
0.9999994040
0.9999994040
0.9999995232
0.9999995232
0.9999995232
0.9999995232
0.9999992251
0.9999995232
0.9999994040
0.9999995828
0.9999994040
0.9999996424
0.9999994636
0.9999994040
0.9999994040
0.9999994636
0.9999993443
0.9999995232
0.9999996424
0.9999994040
0.9999996424
0.9999994040
0.9999996424
0.9999995232
0.9999994040
0.9999995232
0.9999995232
0.9999995232
0.9999995232
0.9999994040
0.9999995232
0.9999994040
0.9999995232
0.9999993443
0.9999996424
0.9999995232
0.9999995232
0.9999992847
0.9999995232
0.9999995232
0.9999992847
0.9999994636
0.9999995232
0.9999995232
0.9999994636
0.9999994040
0.9999995232
0.9999994040
0.9999993443
0.9999995232
0.9999995232
0.9999994040
0.9999992847
0.9999995232
0.9999992847
0.9999992847
0.9999992251
0.9999993443
0.9999995232
0.9999992251
0.9999991655
0.9999994040
0.9999993443
0.9999994040
0.9999992847
0.9999994040
0.9999992847
0.9999992847
0.9999994040
0.9999994040
0.9999994040
0.9999995232
0.9999994636
0.9999995232
0.9999995232
0.9999994040
0.9999995232
0.9999994040
0.9999994040
0.9999994040
0.9999992251
0.9999994040
0.9999993443
0.9999995232
0.9999994040
0.9999995232
0.9999994040
0.9999995232
0.9999993443
0.9999994040
0.9999994040
0.9999994040
0.9999994040
0.9999992847
0.9999992847
0.9999994040
0.9999994040
0.9999994040
0.9999994040
0.9999992847
0.9999994040
0.9999994040
0.9999994040
0.9999994040
0.9999994040
0.9999992847
0.9999992251
0.9999992251
0.9999994040
0.9999993443
0.9999992847
0.9999994040
0.9999994040
0.9999994040
0.9999991655
0.9999992847
0.9999994040
0.9999994636
0.9999992847
0.9999995232
0.9999992847
0.9999991655
0.9999992847
0.9999994040
0.9999992847
0.9999991655
0.9999994040
0.9999994040
0.9999992251
0.9999994040
0.9999992847
0.9999995232
0.9999993443
0.9999994040
0.9999992847
0.9999991655
0.9999990463
0.9999992847
0.9999994040
0.9999991655
0.9999992847
0.9999992847
0.9999992251
0.9999995232
0.9999995232
0.9999992847
0.9999995232
0.9999992847
0.9999993443
0.9999992847
0.9999994040
0.9999991655
0.9999991655
0.9999992251
0.9999992251
0.9999992847
0.9999992847
0.9999993443
0.9999994040
0.9999993443
0.9999993443
0.9999991655
0.9999992847
0.9999992847
0.9999994040
0.9999993443
0.9999994040
0.9999995232
0.9999994040
0.9999994040
0.9999992251
0.9999994040
0.9999992847
0.9999992847
0.9999992251
0.9999991655
0.9999992847
0.9999994040
0.9999992847
0.9999992251
0.9999992251
0.9999992251
0.9999993443
0.9999995232
0.9999994040
0.9999992847
0.9999994040
0.9999992847
0.9999994040
0.9999990463
0.9999992847
0.9999995232
0.9999995232
0.9999994040
0.9999993443
0.9999992847
0.9999994040
0.9999994040
0.9999995232
0.9999992847
0.9999994040
0.9999994636
0.9999994040
0.9999995232
0.9999995232
0.9999994040
0.9999994040
0.9999994040
0.9999994040
0.9999994040
0.9999994636
0.9999992251
0.9999992847
0.9999995232
0.9999992847
0.9999994040
0.9999995232
0.9999994040
0.9999995828
0.9999995232
0.9999994040
0.9999994636
0.9999995232
0.9999995232
0.9999995232
0.9999994040
0.9999995232
0.9999995232
0.9999992847
0.9999993443
0.9999994040
0.9999994040
0.9999995828
0.9999994040
0.9999994040
0.9999995232
0.9999994040
0.9999994040
0.9999992847
0.9999994040
0.9999995232
0.9999992847
0.9999994040
0.9999995232
0.9999995232
0.9999995232
0.9999994636
0.9999994040
0.9999992847
0.9999995232
0.9999994040
0.9999994040
0.9999995232
0.9999995232
0.9999994040
0.9999994040
0.9999995232
0.9999994636
0.9999995232
0.9999995828
0.9999995232
0.9999995232
0.9999995232
0.9999994040
0.9999994040
0.9999994040
0.9999995232
0.9999994040
0.9999995232
0.9999995232
0.9999995232
0.9999995232
0.9999995232
0.9999995232
0.9999995232
0.9999994040
0.9999994040
0.9999995828
0.9999995232
0.9999995232
0.9999995232
0.9999995232
0.9999994040
0.9999992847
0.9999994040
0.9999995232
0.9999993443
0.9999995232
0.9999995232
0.9999995232
0.9999995232
0.9999995232
0.9999994636
0.9999995232
0.9999995232
0.9999995232
0.9999995232
0.9999994040
0.9999994040
0.9999994040
0.9999994040
0.9999995232
0.9999995232
0.9999995232
0.9999992847
0.9999995232
0.9999995232
0.9999995232
0.9999996424
0.9999995232
0.9999994040
0.9999995828
0.9999994040
0.9999994040
0.9999995232
0.9999995232
0.9999995232
0.9999994040
0.9999749064
0.9999661446
0.9999665022
0.9999731183
0.9999628067
0.9999719858
0.9999471903
0.9999704361
0.9999682903
0.9999489784
0.9999651313
0.9999831915
0.9999519587
0.9999637604
0.9999742508
0.9999668598
0.9999703169
0.9999614358
0.9999668598
0.9999628067
0.9999505281
0.9999681711
0.9999616742
0.9999595881
0.9999729395
0.9999642968
0.9999618530
0.9999386668
0.9999527931
0.9999752641
0.9999466538
0.9999772310
0.9999523759
0.9999573231
0.9999732971
0.9999541044
0.9999695420
0.9999591708
0.9999778867
0.9999757409
0.9999775290
0.9999420643
0.9999558926
0.9999738932
0.9999615550
0.9999823570
0.9999649525
0.9999553561
0.9999613166
0.9999614358
0.9999721646
0.9999449253
0.9999653697
0.9999483824
0.9999663234
0.9999616742
0.9999613762
0.9999656677
0.9999740720
0.9999684095
0.9999567270
0.9999685287
0.9999436140
0.9999605417
0.9999876022
0.9999797344
0.9999612570
0.9999810457
0.9999612570
0.9999680519
0.9999800920
0.9999747276
0.9999560118
0.9999646544
0.9999629259
0.9999653101
0.9999794960
0.9999763966
0.9999639988
0.9999610186
0.9999592304
0.9999283552
0.9999712110
0.9999698400
0.9999424815
0.9999744892
0.9999600649
0.9999773502
0.9999766350
0.9999665022
0.9999599457
0.9999629259
0.9999802113
0.9999743700
0.9999750853
0.9999642372
0.9999303222
0.9999701977
0.9999604225
0.9999822378
0.9999688864
0.9999751449
0.9999539852
0.9999531507
0.9999494553
0.9999698400
0.9999431968
0.9999523759
0.9999561310
0.9999338984
0.9999615550
0.9999562502
0.9999673367
0.9999666214
0.9999528527
0.9999690652
0.9999524355
0.9999425411
0.9999839067
0.9999896288
0.9999730587
0.9999516010
0.9999534488
0.9999661446
0.9999736547
0.9999747276
0.9999561906
0.9999649525
0.9999732971
0.9999568462
0.9999456406
0.9999813437
0.9999701977
0.9999746084
0.9999644756
0.9999768734
0.9999654889
0.9999811053
0.9999732971
0.9999534488
0.9999763370
0.9999777675
0.9999616146
0.9999685287
0.9999704361
0.9999841452
0.9999529123
0.9999613762
0.9999641180
0.9999599457
0.9999493361
0.9999581575
0.9999682903
0.9999765158
0.9999541640
0.9999531507
0.9999535084
0.9999721050
0.9999674559
0.9999769330
0.9999682903
0.9999711514
0.9999771118
0.9999543428
0.9999721050
0.9999623895
0.9999692440
0.9999663830
0.9999635220
0.9999502897
0.9999618530
0.9999839067
0.9999692440
0.9999685287
0.9999609590
0.9999828339
0.9999727011
0.9999319911
0.9999709129
0.9999815226
0.9999741316
0.9999755621
0.9999678135
0.9999604225
0.9999685287
0.9999588132
0.9999637604
0.9999713898
0.9999545813
0.9999512434
0.9999760389
0.9999112487
0.9999753237
0.9999853373
0.9999740124
0.9999763966
0.9999816418
0.9999765754
0.9999688864
0.9999799728
0.9999772906
0.9999662638
0.9999537468
0.9999706745
0.9999647737
0.9999778867
0.9999706745
0.9999804497
0.9999559522
0.9999792576
0.9999713302
0.9999760389
0.9999685884
0.9999832511
0.9999789000
0.9999754429
0.9999811649
0.9999747872
0.9999663830
0.9999786019
0.9999669790
0.9999846816
0.9999697208
0.9999767542
0.9999605417
0.9999591112
0.9999660254
0.9999595881
0.9999742508
0.9999655485
0.9999600649
0.9999777079
0.9999430180
0.9999715090
0.9999697208
0.9999700785
0.9999716282
0.9999878407
0.9999666810
0.9999817610
0.9999660254
0.9999824762
0.9999511838
0.9999791384
0.9999764562
0.9999672174
0.9999775887
0.9999463558
0.9999895692
0.9999750853
0.9999527931
0.9999724627
0.9999722242
0.9999808073
0.9999794960
0.9999694824
0.9999776483
0.9999703169
0.9999742508
0.9999591708
0.9999868870
0.9999586344
0.9999787807
0.9999591112
0.9999759197
0.9999722242
0.9999561310
0.9999818802
0.9999686480
0.9999633431
0.9999725819
0.9999771118
0.9999685884
0.9999573231
0.9999538660
0.9999713898
0.9999685884
0.9999657869
0.9999394417
0.9999835491
0.9999686480
0.9999760389
0.9999464750
0.9999715686
0.9999868870
0.9999490976
0.9999255538
0.9999463558
0.9999660254
0.9999594688
0.9999514222
0.9999762774
0.9999732971
0.9999622703
0.9999570847
0.9999672174
0.9999752641
0.9999836087
0.9999804497
0.9999548197
0.9999763370
0.9999564290
0.9999709725
0.9999482632
0.9999657273
0.9999753237
0.9999626875
0.9999740124
0.9999554753
0.9999725819
0.9999668002
0.9999721050
0.9999530315
0.9999768734
0.9999679923
0.9999618530
0.9999778867
0.9999715090
0.9999672771
0.9999636412
0.9999676347
0.9999723434
0.9999603629
0.9999577999
0.9999766350
0.9999796152
0.9999638796
0.9999759197
0.9999796748
0.9999681711
0.9999518394
0.9999426603
0.9999456406
0.9999716282
0.9999610186
0.9999604225
0.9999679327
0.9999392033
0.9999765158
0.9999698997
0.9999164343
0.9999459982
0.9999775290
0.9999758005
0.9999622107
0.9999828339
0.9999287128
0.9999205470
0.9999667406
0.9999620318
0.9999491572
0.9999195933
0.9999725819
0.9999733567
0.9999535680
0.9999679327
0.9999619722
0.9999680519
0.9999619126
0.9999400377
0.9999697208
0.9999302626
0.9999510050
0.9999413490
0.9999666214
0.9999553561
0.9999779463
0.9999611378
0.9999573827
0.9999791384
0.9999797344
0.9999530911
0.9999836683
0.9999641180
0.9999511242
0.9999457598
0.9999796152
0.9999442697
0.9999414086
0.9999617338
0.9999352098
0.9999667406
0.9999655485
0.9999723434
0.9999704361
0.9999752045
0.9999639988
0.9999725819
0.9999482632
0.9999752641
0.9999666214
0.9999711514
0.9999613762
0.9999774098
0.9999722242
0.9999766350
0.9999692440
0.9999783039
0.9999646544
0.9999745488
0.9999541044
0.9999494553
0.9999663830
0.9999781251
0.9999692440
0.9999663830
0.9999752045
0.9999393821
0.9999603033
0.9999670982
0.9999703169
0.9999670982
0.9999724627
0.9999517798
0.9999541044
0.9999244213
0.9999614954
0.9999749064
0.9999753833
0.9999585152
0.9999517202
0.9999462366
0.9999614358
0.9999786019
0.9999631643
0.9999637604
0.9999663830
0.9999668598
0.9999725819
0.9999751449
0.9999744296
0.9999724627
0.9999683499
0.9999684691
0.9999716282
0.9999691248
0.9999746084
0.9999449253
0.9999585152
0.9999794960
0.9999637604
0.9999600053
0.9999747276
0.9999600649
0.9999735951
0.9999855757
0.9999521971
0.9999775887
0.9999750853
0.9999719858
0.9999785423
0.9999564886
0.9999743700
0.9999681711
0.9999610186
0.9999539852
0.9999628067
0.9999607801
0.9999746680
0.9999700785
0.9999479651
0.9999621511
0.9999653697
0.9999533892
0.9999701977
0.9999697804
0.9999709129
0.9999583960
0.9999705553
0.9999829531
0.9999819994
0.9999753237
0.9999768734
0.9999699593
0.9999668598
0.9999717474
0.9999653101
0.9999804497
0.9999740124
0.9999650121
0.9999631643
0.9999728203
0.9999643564
0.9999593496
0.9999802113
0.9999790192
0.9999834895
0.9999681711
0.9999664426
0.9999665022
0.9999567270
0.9999716282
0.9999479055
0.9999635816
0.9999735355
0.9999794960
0.9999817014
0.9999793768
0.9999523163
0.9999707937
0.9999845624
0.9999613762
0.9999673367
0.9999914169
0.9999638200
0.9999648929
0.9999784231
0.9999766350
0.9999604225
0.9999620318
0.9999806881
0.9999644756
0.9999759793
0.9999763966
0.9999833703
0.9999564290
0.9999818802
0.9999583364
0.9999734163
0.9999740720
0.9999741316
0.9999725223
0.9999712706
0.9999729991
0.9999540448
0.9999654293
0.9999573231
0.9999730587
0.9999723434
0.9999696016
0.9999648333
0.9999755025
0.9999793768
0.9999712706
0.9999717474
0.9999763966
0.9999536276
0.9999791980
0.9999723434
0.9999641180
0.9999815226
0.9999686480
0.9999582767
0.9999797344
0.9999744892
0.9999670982
0.9999737740
0.9999768734
0.9999668598
0.9999740124
0.9999499321
0.9999725223
0.9999681711
0.9999549389
0.9999681711
0.9999831319
0.9999589324
0.9999681711
0.9999774694
0.9999667406
0.9999715090
0.9999642372
0.9999693036
0.9999653697
0.9999557734
0.9999721050
0.9999641776
0.9999588728
0.9999738932
0.9999655485
0.9999659061
0.9999464750
0.9999595284
0.9999760389
0.9999530315
0.9999771118
0.9999579191
0.9999560714
0.9999742508
0.9999582171
0.9999711514
0.9999577403
0.9999791384
0.9999761581
0.9999765158
0.9999457598
0.9999598265
0.9999748468
0.9999637604
0.9999805689
0.9999670982
0.9999579191
0.9999611378
0.9999608994
0.9999741316
0.9999535084
0.9999681711
0.9999552965
0.9999675751
0.9999616146
0.9999616146
0.9999665022
0.9999735355
0.9999699593
0.9999607801
0.9999697208
0.9999485612
0.9999625683
0.9999871254
0.9999799728
0.9999652505
0.9999814630
0.9999645948
0.9999681711
0.9999785423
0.9999753237
0.9999587536
0.9999661446
0.9999664426
0.9999688864
0.9999778867
0.9999784827
0.9999641180
0.9999627471
0.9999600649
0.9999353886
0.9999696016
0.9999688864
0.9999479055
0.9999750257
0.9999569058
0.9999778271
0.9999758005
0.9999719858
0.9999639988
0.9999633431
0.9999806881
0.9999750853
0.9999774098
0.9999698400
0.9999372363
0.9999749660
0.9999593496
0.9999834895
0.9999710917
0.9999752045
0.9999580383
0.9999536276
0.9999507070
0.9999710321
0.9999462962
0.9999554157
0.9999557137
0.9999397993
0.9999636412
0.9999536276
0.9999697804
0.9999665022
0.9999598861
0.9999715090
0.9999587536
0.9999500513
0.9999841452
0.9999896884
0.9999735355
0.9999533296
0.9999607801
0.9999706149
0.9999734759
0.9999739528
0.9999597073
0.9999662638
0.9999761581
0.9999568462
0.9999497533
0.9999813437
0.9999717474
0.9999740124
0.9999682903
0.9999768138
0.9999673367
0.9999806881
0.9999752045
0.9999557137
0.9999740124
0.9999773502
0.9999668002
0.9999684691
0.9999672771
0.9999842644
0.9999576211
0.9999629259
0.9999630451
0.9999606013
0.9999568462
0.9999605417
0.9999693632
0.9999775290
0.9999582767
0.9999560118
0.9999565482
0.9999730587
0.9999694228
0.9999750853
0.9999727011
0.9999736547
0.9999763966
0.9999560714
0.9999725819
0.9999663830
0.9999723434
0.9999690652
0.9999670982
0.9999536276
0.9999622107
0.9999817610
0.9999700785
0.9999709725
0.9999657869
0.9999828339
0.9999753237
0.9999417663
0.9999723434
0.9999816418
0.9999737740
0.9999789000
0.9999653697
0.9999614358
0.9999690056
0.9999624491
0.9999638796
0.9999755621
0.9999544621
0.9999564290
0.9999765158
0.9999245405
0.9999773502
0.9999842644
0.9999755621
0.9999771118
0.9999818802
0.9999758005
0.9999730587
0.9999789000
0.9999787807
0.9999694228
0.9999576807
0.9999737740
0.9999668598
0.9999802113
0.9999721050
0.9999805689
0.9999617338
0.9999803305
0.9999718070
0.9999740720
0.9999718070
0.9999827147
0.9999799132
0.9999748468
0.9999805689
0.9999762774
0.9999702573
0.9999803305
0.9999703169
0.9999842644
0.9999721050
0.9999756813
0.9999635220
0.9999613762
0.9999678135
0.9999591708
0.9999753833
0.9999693632
0.9999608994
0.9999763966
0.9999466538
0.9999731779
0.9999712110
0.9999730587
0.9999736547
0.9999880791
0.9999699593
0.9999795556
0.9999691248
0.9999834299
0.9999530315
0.9999782443
0.9999761581
0.9999709129
0.9999797344
0.9999489188
0.9999886155
0.9999777675
0.9999543428
0.9999755621
0.9999743700
0.9999811649
0.9999800920
0.9999713898
0.9999772310
0.9999722838
0.9999757409
0.9999638200
0.9999862313
0.9999620914
0.9999790788
0.9999641776
0.9999774098
0.9999723434
0.9999576807
0.9999828935
0.9999707341
0.9999659061
0.9999755025
0.9999777079
0.9999715686
0.9999648333
0.9999562502
0.9999727011
0.9999706745
0.9999693632
0.9999480247
0.9999840260
0.9999682903
0.9999780059
0.9999516606
0.9999712706
0.9999872446
0.9999482632
0.9999290109
0.9999496937
0.9999665618
0.9999623299
0.9999493361
0.9999772310
0.9999732971
0.9999659657
0.9999616146
0.9999727011
0.9999785423
0.9999824166
0.9999796152
0.9999544621
0.9999758601
0.9999581575
0.9999727011
0.9999506474
0.9999640584
0.9999738932
0.9999645948
0.9999747276
0.9999564886
0.9999771118
0.9999699593
0.9999743104
0.9999567270
0.9999774694
0.9999691248
0.9999663830
0.9999763966
0.9999725819
0.9999685287
0.9999656677
0.9999662638
0.9999720454
0.9999641776
0.9999610186
0.9999777079
0.9999800920
0.9999639392
0.9999774694
0.9999763966
0.9999695420
0.9999507666
0.9999487400
0.9999495745
0.9999736547
0.9999654293
0.9999648333
0.9999681115
0.9999513030
0.9999756813
0.9999721050
0.9999312162
0.9999510050
0.9999787807
0.9999756813
0.9999619722
0.9999819994
0.9999380112
0.9999242425
0.9999709129
0.9999662638
0.9999499917
0.9999340773
0.9999736547
0.9999737740
0.9999593496
0.9999698997
0.9999649525
0.9999720454
0.9999675751
0.9999450445
0.9999688268
0.9999346137
0.9999493361
0.9999498129
0.9999696016
0.9999591112
0.9999786615
0.9999579191
0.9999610186
0.9999792576
0.9999800920
0.9999562502
0.9999836087
0.9999675155
0.9999577403
0.9999551773
0.9999799728
0.9999487400
0.9999461174
0.9999663234
0.9999346733
0.9999677539
0.9999641776
0.9999716282
0.9999706745
0.9999734163
0.9999687672
0.9999743700
0.9999527335
0.9999760389
0.9999657273
0.9999704361
0.9999668598
0.9999759793
0.9999756813
0.9999768734
0.9999687672
0.9999767542
0.9999672174
0.9999747276
0.9999577403
0.9999536276
0.9999713302
0.9999777079
0.9999700189
0.9999687076
0.9999771118
0.9999428988
0.9999663830
0.9999672771
0.9999712706
0.9999709725
0.9999735951
0.9999597073
0.9999605417
0.9999325275
0.9999624491
0.9999777079
0.9999762774
0.9999598265
0.9999519587
0.9999510646
0.9999626875
0.9999787211
0.9999613762
0.9999675751
0.9999669790
0.9999691248
0.9999718666
0.9999768734
0.9999752045
0.9999725819
0.9999679327
0.9999727607
0.9999724627
0.9999696016
0.9999763966
0.9999527931
0.9999628067
0.9999792576
0.9999649525
0.9999660254
0.9999758601
0.9999634027
0.9999741316
0.9999840856
0.9999574423
0.9999775290
0.9999788404
0.9999728203
0.9999786615
0.9999585152
0.9999749660
0.9999700189
0.9999638796
0.9999575615
0.9999666214
0.9999643564
0.9999776483
0.9999713898
0.9999481440
0.9999606609
0.9999712706
0.9999590516
0.9999706745
0.9999706745
0.9999703169
0.9999618530
0.9999715090
0.9999828339
0.9999812841
0.9999753237
0.9999770522
0.9999694824
0.9999689460
0.9999722242
0.9999656677
0.9999811649
0.9999739528
0.9999661446
0.9999678135
0.9999726415
0.9999665022
0.9999630451
0.9999818802
0.9999800920
0.9999836683
0.9999667406
0.9999701977
0.9999693632
0.9999610186
0.9999732375
0.9999527335
0.9999684095
0.9999741912
0.9999793768
0.9999824166
0.9999804497
0.9999594688
0.9999719858
0.9999847412
0.9999645948
0.9999710321
0.9999895096
0.9999616742
0.9999672174
0.9999780655
0.9999773502
0.9999645948
0.9999657869
0.9999804497
0.9999699593
0.9999759197
0.9999769926
0.9999826550
0.9999631047
0.9999821186
0.9999607801
0.9999737740
0.9999750853
0.9999728799
0.9999726415
0.9999735355
0.9999731779
0.9999582171
0.9999637604
0.9999594688
0.9999719858
0.9999698400
0.9999719858
0.9999673367
0.9999771118
0.9999772906
0.9999692440
0.9999749660
0.9999753237
0.9999623299
0.9999794960
0.9999735951
0.9999684095
0.9999814630
0.9999719858
0.9999674559
0.9999803305
0.9999716282
0.9999635220
0.9999644756
0.9999701381
0.9999582767
0.9999710321
0.9999397993
0.9999661446
0.9999614954
0.9999457002
0.9999600649
0.9999810457
0.9999505281
0.9999567270
0.9999696016
0.9999638796
0.9999667406
0.9999550581
0.9999619722
0.9999612570
0.9999436140
0.9999625087
0.9999549985
0.9999510050
0.9999688864
0.9999616742
0.9999561906
0.9999373555
0.9999453425
0.9999712706
0.9999428988
0.9999732971
0.9999513626
0.9999482632
0.9999700785
0.9999485016
0.9999636412
0.9999501705
0.9999754429
0.9999710917
0.9999731779
0.9999431372
0.9999498129
0.9999722242
0.9999538064
0.9999783039
0.9999611378
0.9999496937
0.9999549389
0.9999561310
0.9999679923
0.9999438524
0.9999620914
0.9999437332
0.9999610186
0.9999560118
0.9999572635
0.9999613762
0.9999705553
0.9999644756
0.9999535084
0.9999639392
0.9999396801
0.9999560118
0.9999850988
0.9999763966
0.9999577403
0.9999787211
0.9999548197
0.9999624491
0.9999755621
0.9999705553
0.9999533892
0.9999620318
0.9999566078
0.9999598265
0.9999758005
0.9999739528
0.9999618530
0.9999565482
0.9999521971
0.9999189377
0.9999666214
0.9999659061
0.9999342561
0.9999706149
0.9999545813
0.9999738932
0.9999727011
0.9999613762
0.9999571443
0.9999586344
0.9999754429
0.9999696016
0.9999734163
0.9999611378
0.9999218583
0.9999669790
0.9999531507
0.9999802113
0.9999637604
0.9999704957
0.9999481440
0.9999442101
0.9999439120
0.9999669790
0.9999374151
0.9999464750
0.9999488592
0.9999260902
0.9999575615
0.9999532104
0.9999606609
0.9999579191
0.9999507666
0.9999638796
0.9999519587
0.9999334812
0.9999819994
0.9999877214
0.9999693632
0.9999437332
0.9999513030
0.9999648333
0.9999699593
0.9999710321
0.9999527931
0.9999601841
0.9999710321
0.9999520183
0.9999385476
0.9999798536
0.9999655485
0.9999696016
0.9999597073
0.9999736547
0.9999619722
0.9999793768
0.9999707937
0.9999510646
0.9999713898
0.9999755621
0.9999557137
0.9999625087
0.9999669790
0.9999820590
0.9999507666
0.9999547005
0.9999575615
0.9999549389
0.9999471307
0.9999543428
0.9999630451
0.9999734163
0.9999490976
0.9999487400
0.9999507666
0.9999647737
0.9999641776
0.9999744892
0.9999635816
0.9999687076
0.9999728203
0.9999475479
0.9999672771
0.9999575019
0.9999659657
0.9999634027
0.9999556541
0.9999427795
0.9999571443
0.9999807477
0.9999641776
0.9999662638
0.9999551773
0.9999810457
0.9999695420
0.9999248385
0.9999681711
0.9999787807
0.9999712706
0.9999711514
0.9999624491
0.9999553561
0.9999629259
0.9999573231
0.9999593496
0.9999666810
0.9999470115
0.9999414086
0.9999705553
0.9998999834
0.9999700785
0.9999826550
0.9999707937
0.9999722242
0.9999802709
0.9999717474
0.9999648929
0.9999771118
0.9999735951
0.9999604821
0.9999466538
0.9999653101
0.9999576807
0.9999741912
0.9999680519
0.9999786615
0.9999507666
0.9999765158
0.9999678135
0.9999691248
0.9999662638
0.9999791384
0.9999765158
0.9999716282
0.9999769926
0.9999689460
0.9999637604
0.9999772310
0.9999663830
0.9999824762
0.9999645948
0.9999727011
0.9999552965
0.9999496937
0.9999613762
0.9999545813
0.9999719262
0.9999580979
0.9999551773
0.9999744296
0.9999364614
0.9999670982
0.9999653101
0.9999670982
0.9999685287
0.9999854565
0.9999628067
0.9999790192
0.9999639988
0.9999797344
0.9999433756
0.9999749660
0.9999737740
0.9999630451
0.9999753237
0.9999430180
0.9999872446
0.9999709129
0.9999442101
0.9999679327
0.9999669790
0.9999781251
0.9999763966
0.9999660254
0.9999736547
0.9999666214
0.9999706745
0.9999552965
0.9999845028
0.9999516010
0.9999744892
0.9999562502
0.9999720454
0.9999692440
0.9999507666
0.9999777675
0.9999650121
0.9999619126
0.9999703169
0.9999727011
0.9999641180
0.9999548197
0.9999492168
0.9999679327
0.9999640584
0.9999626279
0.9999285936
0.9999818802
0.9999637604
0.9999713898
0.9999372959
0.9999698400
0.9999849796
0.9999405742
0.9999178648
0.9999378920
0.9999607801
0.9999551773
0.9999442101
0.9999732971
0.9999705553
0.9999589920
0.9999551177
0.9999653101
0.9999741316
0.9999802113
0.9999769926
0.9999463558
0.9999704361
0.9999499321
0.9999675155
0.9999443889
0.9999611378
0.9999723434
0.9999572039
0.9999691248
0.9999541044
0.9999691844
0.9999639988
0.9999677539
0.9999489784
0.9999738932
0.9999637604
0.9999577403
0.9999740124
0.9999692440
0.9999631047
0.9999598265
0.9999624491
0.9999676943
0.9999546409
0.9999532700
0.9999719858
0.9999759793
0.9999612570
0.9999730587
0.9999745488
0.9999628067
0.9999432564
0.9999388456
0.9999394417
0.9999691248
0.9999560118
0.9999549389
0.9999638796
0.9999353886
0.9999746084
0.9999659061
0.9999111295
0.9999425411
0.9999753237
0.9999712706
0.9999533892
0.9999790788
0.9999250174
0.9999098778
0.9999608397
0.9999569058
0.9999400973
0.9999179244
0.9999670982
0.9999710321
0.9999491572
0.9999639988
0.9999579787
0.9999656677
0.9999569058
0.9999312162
0.9999636412
0.9999231100
0.9999455214
0.9999311566
0.9999645948
0.9999510050
0.9999731779
0.9999520779
0.9999521971
0.9999747276
0.9999761581
0.9999474883
0.9999819994
0.9999629259
0.9999452233
0.9999414682
0.9999765158
0.9999365807
0.9999322891
0.9999607801
0.9999246597
0.9999638200
0.9999586940
0.9999670386
0.9999667406
0.9999715090
0.9999594688
0.9999687672
0.9999431372
0.9999720454
0.9999622703
0.9999663830
0.9999582767
0.9999741316
0.9999667406
0.9999743700
0.9999656677
0.9999759197
0.9999606609
0.9999710917
0.9999483228
0.9999386072
0.9999634027
0.9999762774
0.9999651909
0.9999622107
0.9999722242
0.9999365807
0.9999563098
0.9999647737
0.9999679923
0.9999626279
0.9999666214
0.9999444485
0.9999470711
0.9999169111
0.9999549389
0.9999722242
0.9999693632
0.9999527931
0.9999485016
0.9999420643
0.9999576807
0.9999765754
0.9999579191
0.9999620914
0.9999603629
0.9999622107
0.9999663830
0.9999713898
0.9999696612
0.9999688864
0.9999644756
0.9999637008
0.9999697804
0.9999626875
0.9999707937
0.9999400377
0.9999535084
0.9999767542
0.9999580383
0.9999558926
0.9999728203
0.9999570251
0.9999684095
0.9999834299
0.9999488592
0.9999726415
0.9999722838
0.9999684691
0.9999750853
0.9999489784
0.9999700785
0.9999621511
0.9999538660
0.9999470115
0.9999595881
0.9999557734
0.9999701977
0.9999661446
0.9999402165
0.9999512434
0.9999623895
0.9999486208
0.9999661446
0.9999621511
0.9999694824
0.9999520183
0.9999647141
0.9999803305
0.9999790192
0.9999722242
0.9999748468
0.9999663830
0.9999648333
0.9999679923
0.9999610186
0.9999759793
0.9999710321
0.9999585152
0.9999585152
0.9999719858
0.9999591112
0.9999558330
0.9999781847
0.9999765754
0.9999809265
0.9999626875
0.9999620318
0.9999614358
0.9999530315
0.9999685287
0.9999467134
0.9999599457
0.9999694824
0.9999747276
0.9999784231
0.9999774098
0.9999467134
0.9999674559
0.9999827147
0.9999577403
0.9999637604
0.9999892712
0.9999600649
0.9999593496
0.9999769330
0.9999731779
0.9999551773
0.9999613762
0.9999764562
0.9999623299
0.9999742508
0.9999734163
0.9999810457
0.9999521971
0.9999772310
0.9999529123
0.9999691844
0.9999701977
0.9999691248
0.9999684691
0.9999680519
0.9999687672
0.9999544621
0.9999626875
0.9999516010
0.9999710917
0.9999670386
0.9999653101
0.9999616146
0.9999724627
0.9999755621
0.9999654889
0.9999679923
0.9999718666
0.9999507070
0.9999765158
0.9999681711
0.9999579787
0.9999772310
0.9999609590
0.9999567866
0.9999771118
0.9999755621
0.9999684691
0.9999721050
0.9999746084
0.9999647737
0.9999738932
0.9999455214
0.9999712110
0.9999670982
0.9999554157
0.9999676347
0.9999836683
0.9999569654
0.9999669194
0.9999752045
0.9999711514
0.9999742508
0.9999628067
0.9999685287
0.9999641180
0.9999547601
0.9999709129
0.9999632835
0.9999600649
0.9999749660
0.9999674559
0.9999637008
0.9999415278
0.9999562502
0.9999745488
0.9999502897
0.9999783039
0.9999574423
0.9999592304
0.9999761581
0.9999557734
0.9999693632
0.9999576807
0.9999783635
0.9999752045
0.9999780655
0.9999455810
0.9999608994
0.9999765158
0.9999630451
0.9999805689
0.9999675155
0.9999576807
0.9999624491
0.9999642372
0.9999731779
0.9999535680
0.9999673367
0.9999516010
0.9999670982
0.9999641180
0.9999608397
0.9999679327
0.9999732971
0.9999698400
0.9999610782
0.9999678135
0.9999461174
0.9999637604
0.9999880791
0.9999804497
0.9999644160
0.9999825954
0.9999624491
0.9999696016
0.9999805093
0.9999754429
0.9999569654
0.9999687672
0.9999649525
0.9999678135
0.9999787807
0.9999787211
0.9999644756
0.9999638200
0.9999589324
0.9999300838
0.9999732971
0.9999703765
0.9999486804
0.9999742508
0.9999619722
0.9999785423
0.9999773502
0.9999696016
0.9999624491
0.9999659061
0.9999820590
0.9999767542
0.9999768138
0.9999692440
0.9999320507
0.9999725819
0.9999613762
0.9999845624
0.9999704957
0.9999742508
0.9999545217
0.9999549389
0.9999502897
0.9999710917
0.9999449253
0.9999527931
0.9999579191
0.9999378324
0.9999612570
0.9999591112
0.9999684095
0.9999670982
0.9999594688
0.9999703169
0.9999577999
0.9999414086
0.9999849796
0.9999905825
0.9999746084
0.9999541044
0.9999577999
0.9999697208
0.9999730587
0.9999763966
0.9999626279
0.9999665618
0.9999740124
0.9999576807
0.9999501109
0.9999829531
0.9999724030
0.9999749660
0.9999660850
0.9999777675
0.9999668598
0.9999818802
0.9999738932
0.9999552965
0.9999755025
0.9999799728
0.9999639392
0.9999694228
0.9999712110
0.9999858141
0.9999552369
0.9999613762
0.9999641180
0.9999653697
0.9999529123
0.9999626875
0.9999682903
0.9999781251
0.9999590516
0.9999538660
0.9999591112
0.9999741316
0.9999683499
0.9999772310
0.9999729395
0.9999748468
0.9999755025
0.9999541044
0.9999743104
0.9999644756
0.9999716282
0.9999665022
0.9999626279
0.9999552965
0.9999632835
0.9999840260
0.9999707341
0.9999707937
0.9999654293
0.9999841452
0.9999732375
0.9999362230
0.9999710917
0.9999827147
0.9999753833
0.9999768734
0.9999690056
0.9999628067
0.9999678135
0.9999645352
0.9999680519
0.9999735355
0.9999554157
0.9999544621
0.9999752045
0.9999075532
0.9999746084
0.9999852180
0.9999771714
0.9999772310
0.9999828339
0.9999781847
0.9999716282
0.9999806881
0.9999773502
0.9999701381
0.9999531507
0.9999724627
0.9999663830
0.9999786019
0.9999710321
0.9999815226
0.9999587536
0.9999817610
0.9999729395
0.9999756813
0.9999701977
0.9999830723
0.9999809265
0.9999753237
0.9999817014
0.9999772906
0.9999701381
0.9999804497
0.9999700785
0.9999856353
0.9999698997
0.9999772310
0.9999631643
0.9999569654
0.9999696016
0.9999591112
0.9999751449
0.9999673963
0.9999622703
0.9999781847
0.9999430180
0.9999715686
0.9999718666
0.9999699593
0.9999713898
0.9999893904
0.9999683499
0.9999817610
0.9999700189
0.9999827147
0.9999517798
0.9999799728
0.9999762177
0.9999706149
0.9999811053
0.9999467134
0.9999893904
0.9999777079
0.9999512434
0.9999750853
0.9999734163
0.9999821186
0.9999798536
0.9999731779
0.9999785423
0.9999722838
0.9999780655
0.9999632239
0.9999878407
0.9999584556
0.9999796152
0.9999651313
0.9999765754
0.9999731183
0.9999582767
0.9999836683
0.9999674559
0.9999662638
0.9999740720
0.9999765158
0.9999717474
0.9999595881
0.9999525547
0.9999728203
0.9999697208
0.9999677539
0.9999437332
0.9999855757
0.9999700785
0.9999772310
0.9999481440
0.9999737740
0.9999882579
0.9999523759
0.9999253750
0.9999489188
0.9999668598
0.9999613762
0.9999521375
0.9999787807
0.9999763966
0.9999641180
0.9999583960
0.9999707937
0.9999776483
0.9999841452
0.9999813437
0.9999551177
0.9999768734
0.9999558926
0.9999700785
0.9999532104
0.9999645352
0.9999758601
0.9999659061
0.9999762774
0.9999575019
0.9999739528
0.9999698997
0.9999732971
0.9999532700
0.9999781847
0.9999696016
0.9999642372
0.9999788404
0.9999746084
0.9999684095
0.9999666214
0.9999685287
0.9999722242
0.9999600649
0.9999598265
0.9999775887
0.9999810457
0.9999662042
0.9999781847
0.9999808073
0.9999685287
0.9999532700
0.9999443293
0.9999461174
0.9999744892
0.9999645352
0.9999633431
0.9999697804
0.9999431372
0.9999786615
0.9999715090
0.9999212027
0.9999490976
0.9999799728
0.9999763966
0.9999630451
0.9999834299
0.9999309182
0.9999191165
0.9999676943
0.9999616146
0.9999495745
0.9999246597
0.9999740124
0.9999770522
0.9999556541
0.9999690652
0.9999656677
0.9999716878
0.9999635220
0.9999426603
0.9999692440
0.9999331832
0.9999566674
0.9999411106
0.9999693632
0.9999586940
0.9999783039
0.9999619722
0.9999607205
0.9999800920
0.9999804497
0.9999513030
0.9999849200
0.9999673367
0.9999510050
0.9999494553
0.9999815822
0.9999470115
0.9999408722
0.9999686480
0.9999337792
0.9999685287
0.9999676943
0.9999735951
0.9999713302
0.9999774694
0.9999666214
0.9999730587
0.9999518394
0.9999759197
0.9999700189
0.9999723434
0.9999636412
0.9999777079
0.9999741316
0.9999785423
0.9999722242
0.9999785423
0.9999681115
0.9999735355
0.9999579191
0.9999514818
0.9999672771
0.9999803305
0.9999702573
0.9999679327
0.9999783039
0.9999420643
0.9999630451
0.9999706149
0.9999679327
0.9999707937
0.9999749660
0.9999538064
0.9999564886
0.9999281168
0.9999633431
0.9999773502
0.9999742508
0.9999600649
0.9999530315
0.9999480247
0.9999634027
0.9999789000
0.9999626875
0.9999673367
0.9999657273
0.9999692440
0.9999747276
0.9999764562
0.9999755621
0.9999736547
0.9999673367
0.9999697208
0.9999739528
0.9999721050
0.9999762774
0.9999512434
0.9999595881
0.9999799728
0.9999653101
0.9999635220
0.9999762177
0.9999625683
0.9999729395
0.9999869466
0.9999550581
0.9999775290
0.9999784231
0.9999743700
0.9999789000
0.9999567270
0.9999750257
0.9999687672
0.9999610186
0.9999557734
0.9999651909
0.9999639988
0.9999765158
0.9999712110
0.9999469519
0.9999612570
0.9999686480
0.9999494553
0.9999718666
0.9999697208
0.9999715090
0.9999617338
0.9999706745
0.9999828339
0.9999831915
0.9999760389
0.9999787807
0.9999715090
0.9999698400
0.9999729395
0.9999660254
0.9999809265
0.9999760985
0.9999661446
0.9999642372
0.9999744892
0.9999668598
0.9999585748
0.9999821782
0.9999802113
0.9999848604
0.9999674559
0.9999687672
0.9999686480
0.9999599457
0.9999741316
0.9999521375
0.9999670982
0.9999741316
0.9999784231
0.9999831915
0.9999810457
0.9999529123
0.9999713898
0.9999851584
0.9999627471
0.9999716282
0.9999916553
0.9999678135
0.9999682903
0.9999797344
0.9999769926
0.9999612570
0.9999672174
0.9999811649
0.9999672771
0.9999779463
0.9999784827
0.9999841452
0.9999591708
0.9999822378
0.9999598861
0.9999747276
0.9999751449
0.9999748468
0.9999737740
0.9999744892
0.9999733567
0.9999595881
0.9999643564
0.9999575615
0.9999738932
0.9999727011
0.9999696612
0.9999670982
0.9999775887
0.9999782443
0.9999715090
0.9999736547
0.9999781847
0.9999555945
0.9999809265
0.9999752045
0.9999673367
0.9999805689
0.9999674559
0.9999623299
0.9999804497
0.9999761581
0.9999690056
0.9999707341
0.9999758005
0.9999667406
0.9999750853
0.9999514818
0.9999725819
0.9999687672
0.9999559522
0.9999704361
0.9999838471
0.9999595881
0.9999648333
0.9999759793
0.9999680519
0.9999721050
0.9999661446
0.9999675751
0.9999670982
0.9999541044
0.9999705553
0.9999644160
0.9999601841
0.9999754429
0.9999673367
0.9999671578
0.9999459386
0.9999564886
0.9999774098
0.9999516010
0.9999783039
0.9999561310
0.9999595881
0.9999758005
0.9999594688
0.9999709129
0.9999601841
0.9999784231
0.9999763370
0.9999783039
0.9999496937
0.9999606609
0.9999772310
0.9999620914
0.9999814630
0.9999676943
0.9999558926
0.9999634027
0.9999643564
0.9999743700
0.9999536276
0.9999682903
0.9999579191
0.9999675155
0.9999662638
0.9999637604
0.9999674559
0.9999755621
0.9999715090
0.9999603629
0.9999720454
0.9999538660
0.9999589324
0.9999874234
0.9999806881
0.9999656677
0.9999808073
0.9999632835
0.9999673963
0.9999796152
0.9999736547
0.9999574423
0.9999678135
0.9999663830
0.9999692440
0.9999794960
0.9999794960
0.9999674559
0.9999641180
0.9999618530
0.9999369979
0.9999727607
0.9999712706
0.9999499321
0.9999746084
0.9999601841
0.9999781251
0.9999762774
0.9999709129
0.9999610186
0.9999657273
0.9999802113
0.9999747276
0.9999789596
0.9999686480
0.9999428988
0.9999734759
0.9999597073
0.9999841452
0.9999692440
0.9999755621
0.9999562502
0.9999559522
0.9999500513
0.9999711514
0.9999495745
0.9999533892
0.9999579191
0.9999362230
0.9999632835
0.9999591112
0.9999687672
0.9999682903
0.9999599457
0.9999698400
0.9999575615
0.9999456406
0.9999846220
0.9999893904
0.9999755621
0.9999544024
0.9999575615
0.9999704957
0.9999734759
0.9999750257
0.9999576807
0.9999667406
0.9999763966
0.9999575615
0.9999501109
0.9999805689
0.9999735355
0.9999784231
0.9999696016
0.9999768734
0.9999659061
0.9999803305
0.9999731779
0.9999568462
0.9999753833
0.9999790192
0.9999650717
0.9999717474
0.9999683499
0.9999843836
0.9999570847
0.9999585748
0.9999662042
0.9999622703
0.9999569654
0.9999623299
0.9999684095
0.9999781847
0.9999547005
0.9999572039
0.9999575019
0.9999737740
0.9999693632
0.9999748468
0.9999722242
0.9999707341
0.9999766350
0.9999566078
0.9999746084
0.9999648333
0.9999719262
0.9999707937
0.9999670982
0.9999552965
0.9999652505
0.9999837875
0.9999721050
0.9999732971
0.9999642968
0.9999837875
0.9999753833
0.9999401569
0.9999707937
0.9999818802
0.9999742508
0.9999781847
0.9999679327
0.9999637604
0.9999682903
0.9999636412
0.9999670386
0.9999753237
0.9999522567
0.9999543428
0.9999752641
0.9999197721
0.9999775887
0.9999849796
0.9999745488
0.9999772310
0.9999830127
0.9999779463
0.9999750257
0.9999805689
0.9999777675
0.9999665618
0.9999586344
0.9999742508
0.9999653101
0.9999797344
0.9999729395
0.9999810457
0.9999587536
0.9999806285
0.9999718666
0.9999758601
0.9999715686
0.9999824166
0.9999817610
0.9999759197
0.9999806881
0.9999777079
0.9999716282
0.9999815822
0.9999704957
0.9999855757
0.9999710321
0.9999758005
0.9999643564
0.9999586344
0.9999693036
0.9999604225
0.9999748468
0.9999670982
0.9999639988
0.9999786615
0.9999457598
0.9999736547
0.9999735355
0.9999729991
0.9999740124
0.9999881983
0.9999713302
0.9999823570
0.9999713302
0.9999846220
0.9999538660
0.9999815226
0.9999764562
0.9999718070
0.9999807477
0.9999504089
0.9999893904
0.9999777675
0.9999562502
0.9999752045
0.9999731183
0.9999818206
0.9999798536
0.9999721050
0.9999787211
0.9999706149
0.9999763966
0.9999632239
0.9999876022
0.9999611378
0.9999792576
0.9999644160
0.9999777079
0.9999740720
0.9999562502
0.9999836683
0.9999685287
0.9999657273
0.9999740124
0.9999781847
0.9999710321
0.9999673367
0.9999542236
0.9999734163
0.9999724627
0.9999708533
0.9999446273
0.9999842048
0.9999668598
0.9999762774
0.9999523163
0.9999727011
0.9999877810
0.9999533892
0.9999306202
0.9999481440
0.9999675751
0.9999635220
0.9999518394
0.9999786615
0.9999742508
0.9999671578
0.9999583364
0.9999700785
0.9999759793
0.9999830723
0.9999800920
0.9999563694
0.9999785423
0.9999579191
0.9999720454
0.9999495149
0.9999630451
0.9999753237
0.9999666214
0.9999761581
0.9999554157
0.9999765754
0.9999701381
0.9999730587
0.9999563694
0.9999787807
0.9999688864
0.9999631643
0.9999791980
0.9999750853
0.9999682903
0.9999669790
0.9999682903
0.9999728203
0.9999645948
0.9999624491
0.9999777079
0.9999800920
0.9999665022
0.9999786615
0.9999781847
0.9999692440
0.9999543428
0.9999466538
0.9999516010
0.9999748468
0.9999650717
0.9999629259
0.9999701381
0.9999458790
0.9999786615
0.9999706745
0.9999297857
0.9999529719
0.9999785423
0.9999767542
0.9999644160
0.9999819398
0.9999361038
0.9999238849
0.9999678135
0.9999666214
0.9999531507
0.9999275208
0.9999736547
0.9999768734
0.9999612570
0.9999709129
0.9999679327
0.9999721050
0.9999655485
0.9999436736
0.9999696016
0.9999372959
0.9999536276
0.9999500513
0.9999679327
0.9999596477
0.9999793172
0.9999628067
0.9999583960
0.9999793768
0.9999806881
0.9999545813
0.9999850988
0.9999691844
0.9999515414
0.9999549389
0.9999804497
0.9999462366
0.9999440908
0.9999681711
0.9999366999
0.9999675751
0.9999663830
0.9999730587
0.9999724030
0.9999755621
0.9999676347
0.9999754429
0.9999517202
0.9999772310
0.9999688864
0.9999716878
0.9999676347
0.9999771118
0.9999760389
0.9999777079
0.9999707937
0.9999780655
0.9999669790
0.9999749660
0.9999592304
0.9999558926
0.9999697208
0.9999798536
0.9999717474
0.9999705553
0.9999773502
0.9999474287
0.9999656677
0.9999696612
0.9999717474
0.9999704361
0.9999737740
0.9999572039
0.9999581575
0.9999350309
0.9999656677
0.9999785423
0.9999762774
0.9999602437
0.9999543428
0.9999481440
0.9999635816
0.9999783039
0.9999632835
0.9999657869
0.9999670982
0.9999697208
0.9999731779
0.9999769330
0.9999743700
0.9999755621
0.9999678135
0.9999716282
0.9999730587
0.9999707937
0.9999765158
0.9999523163
0.9999605417
0.9999800324
0.9999653697
0.9999643564
0.9999761581
0.9999624491
0.9999736547
0.9999837279
0.9999586940
0.9999791384
0.9999794960
0.9999732971
0.9999787807
0.9999614954
0.9999762177
0.9999712706
0.9999660254
0.9999586344
0.9999678731
0.9999632835
0.9999775887
0.9999713898
0.9999492168
0.9999626875
0.9999714494
0.9999523163
0.9999699593
0.9999709129
0.9999705553
0.9999616146
0.9999732971
0.9999833107
0.9999825954
0.9999767542
0.9999781847
0.9999719262
0.9999691248
0.9999749064
0.9999679327
0.9999816418
0.9999763370
0.9999660850
0.9999659061
0.9999728203
0.9999687672
0.9999638796
0.9999810457
0.9999793172
0.9999840260
0.9999698400
0.9999704957
0.9999694228
0.9999592304
0.9999749660
0.9999541044
0.9999670386
0.9999731183
0.9999796152
0.9999830723
0.9999814034
0.9999586344
0.9999725819
0.9999851584
0.9999641180
0.9999681711
0.9999907017
0.9999645352
0.9999673367
0.9999797344
0.9999778867
0.9999614954
0.9999662638
0.9999821782
0.9999687672
0.9999773502
0.9999783635
0.9999835491
0.9999645352
0.9999828339
0.9999618530
0.9999727011
0.9999753237
0.9999747276
0.9999759197
0.9999718666
0.9999728203
0.9999597073
0.9999666214
0.9999581575
0.9999744892
0.9999734163
0.9999700189
0.9999674559
0.9999759197
0.9999790192
0.9999688268
0.9999758005
0.9999766350
0.9999564886
0.9999796152
0.9999744892
0.9999682903
0.9999819398
0.9999713898
0.9999675751
0.9999807477
0.9999753833
0.9999653101
0.9999706745
0.9999758005
0.9999650717
0.9999749660
0.9999506474
0.9999722242
0.9999686480
0.9999554157
0.9999694228
0.9999846220
0.9999536872
0.9999674559
0.9999749660
0.9999695420
0.9999722242
0.9999653101
0.9999695420
0.9999641776
0.9999538064
0.9999706745
0.9999627471
0.9999634027
0.9999757409
0.9999663234
0.9999626875
0.9999421835
0.9999590516
0.9999748468
0.9999529123
0.9999786615
0.9999564886
0.9999595881
0.9999756217
0.9999572039
0.9999685287
0.9999601841
0.9999773502
0.9999778271
0.9999771118
0.9999428988
0.9999575019
0.9999761581
0.9999614954
0.9999823570
0.9999703169
0.9999581575
0.9999596477
0.9999608994
0.9999725223
0.9999479055
0.9999666214
0.9999512434
0.9999676347
0.9999651313
0.9999623299
0.9999673367
0.9999740720
0.9999722242
0.9999575615
0.9999705553
0.9999480844
0.9999623299
0.9999889135
0.9999812841
0.9999653101
0.9999814034
0.9999613762
0.9999710917
0.9999810457
0.9999758005
0.9999588728
0.9999701977
0.9999662638
0.9999712706
0.9999792576
0.9999780059
0.9999591708
0.9999620914
0.9999636412
0.9999314547
0.9999730587
0.9999706745
0.9999485612
0.9999748468
0.9999601245
0.9999798536
0.9999763966
0.9999712110
0.9999648929
0.9999635220
0.9999831915
0.9999758005
0.9999767542
0.9999682903
0.9999307990
0.9999735355
0.9999613762
0.9999852180
0.9999693632
0.9999754429
0.9999573231
0.9999600649
0.9999458790
0.9999706745
0.9999467731
0.9999539852
0.9999613762
0.9999371767
0.9999623895
0.9999591112
0.9999673367
0.9999674559
0.9999566078
0.9999709129
0.9999551773
0.9999437332
0.9999850988
0.9999902248
0.9999744296
0.9999517202
0.9999624491
0.9999696016
0.9999744296
0.9999779463
0.9999584556
0.9999674559
0.9999760389
0.9999555349
0.9999502301
0.9999827147
0.9999722242
0.9999768734
0.9999670982
0.9999783039
0.9999678135
0.9999822378
0.9999756813
0.9999525547
0.9999759197
0.9999797344
0.9999635220
0.9999709725
0.9999715090
0.9999848604
0.9999545813
0.9999641180
0.9999631047
0.9999620318
0.9999544621
0.9999583960
0.9999685884
0.9999778271
0.9999570847
0.9999549389
0.9999551177
0.9999746084
0.9999715090
0.9999789000
0.9999732971
0.9999733567
0.9999775290
0.9999557734
0.9999736547
0.9999684095
0.9999725223
0.9999677539
0.9999657273
0.9999550581
0.9999628067
0.9999842644
0.9999709129
0.9999716282
0.9999646544
0.9999836683
0.9999738932
0.9999383688
0.9999713898
0.9999835491
0.9999771118
0.9999782443
0.9999681711
0.9999637604
0.9999694824
0.9999635220
0.9999661446
0.9999744892
0.9999542832
0.9999583960
0.9999745488
0.9999186993
0.9999762774
0.9999851584
0.9999759793
0.9999774694
0.9999834299
0.9999779463
0.9999700785
0.9999808073
0.9999784231
0.9999676943
0.9999582767
0.9999750853
0.9999641180
0.9999800920
0.9999698997
0.9999810457
0.9999593496
0.9999805689
0.9999724627
0.9999773502
0.9999722242
0.9999835491
0.9999794960
0.9999769926
0.9999830127
0.9999784231
0.9999712706
0.9999807477
0.9999693036
0.9999855757
0.9999728203
0.9999773502
0.9999637008
0.9999576211
0.9999675155
0.9999607801
0.9999738932
0.9999683499
0.9999611974
0.9999783635
0.9999473095
0.9999716282
0.9999710917
0.9999712706
0.9999725819
0.9999890924
0.9999684095
0.9999834299
0.9999694824
0.9999817610
0.9999530315
0.9999796152
0.9999762774
0.9999707937
0.9999797344
0.9999488592
0.9999895096
0.9999772310
0.9999551773
0.9999759793
0.9999753237
0.9999818802
0.9999818206
0.9999742508
0.9999788404
0.9999717474
0.9999777675
0.9999600649
0.9999871254
0.9999616146
0.9999786615
0.9999622703
0.9999768734
0.9999750257
0.9999585152
0.9999841452
0.9999690056
0.9999641180
0.9999736547
0.9999783039
0.9999693632
0.9999593496
0.9999562502
0.9999724627
0.9999708533
0.9999678135
0.9999448061
0.9999847412
0.9999691844
0.9999761581
0.9999530911
0.9999727011
0.9999884367
0.9999527931
0.9999302626
0.9999507666
0.9999665022
0.9999622107
0.9999510050
0.9999787807
0.9999749660
0.9999650717
0.9999574423
0.9999712706
0.9999785423
0.9999849796
0.9999819994
0.9999565482
0.9999789000
0.9999569058
0.9999711514
0.9999518394
0.9999649525
0.9999751449
0.9999622107
0.9999762774
0.9999604821
0.9999749660
0.9999691248
0.9999729395
0.9999558926
0.9999785423
0.9999705553
0.9999634027
0.9999795556
0.9999721050
0.9999666810
0.9999669194
0.9999669194
0.9999743700
0.9999626875
0.9999566078
0.9999779463
0.9999798536
0.9999656677
0.9999761581
0.9999805093
0.9999704361
0.9999561310
0.9999424219
0.9999500513
0.9999740124
0.9999639988
0.9999660850
0.9999684095
0.9999463558
0.9999771714
0.9999729991
0.9999210835
0.9999502897
0.9999784231
0.9999769330
0.9999638796
0.9999831319
0.9999330044
0.9999177456
0.9999704361
0.9999663830
0.9999495745
0.9999247789
0.9999750257
0.9999768138
0.9999552965
0.9999683499
0.9999649525
0.9999706149
0.9999653101
0.9999436736
0.9999706745
0.9999393821
0.9999531507
0.9999456406
0.9999700785
0.9999569654
0.9999788404
0.9999655485
0.9999576807
0.9999790788
0.9999823570
0.9999533296
0.9999845028
0.9999679327
0.9999518991
0.9999500513
0.9999809265
0.9999493361
0.9999470115
0.9999634027
0.9999375343
0.9999681711
0.9999642372
0.9999738932
0.9999713302
0.9999763966
0.9999659061
0.9999748468
0.9999482632
0.9999753237
0.9999659061
0.9999722242
0.9999648929
0.9999767542
0.9999747276
0.9999777079
0.9999722242
0.9999793768
0.9999690056
0.9999736547
0.9999595881
0.9999567866
0.9999688864
0.9999796152
0.9999719262
0.9999690056
0.9999751449
0.9999434948
0.9999660850
0.9999712706
0.9999719858
0.9999697208
0.9999760389
0.9999544024
0.9999594688
0.9999320507
0.9999637604
0.9999769926
0.9999758005
0.9999588728
0.9999541044
0.9999517798
0.9999613762
0.9999787807
0.9999606609
0.9999657869
0.9999667406
0.9999690056
0.9999734163
0.9999772906
0.9999738336
0.9999734163
0.9999685884
0.9999723434
0.9999738932
0.9999728203
0.9999778271
0.9999510050
0.9999592900
0.9999809861
0.9999651909
0.9999634027
0.9999740124
0.9999627471
0.9999728203
0.9999850988
0.9999511242
0.9999790192
0.9999773502
0.9999744892
0.9999787807
0.9999584556
0.9999754429
0.9999699593
0.9999616742
0.9999554157
0.9999648333
0.9999635220
0.9999787807
0.9999722242
0.9999480247
0.9999618530
0.9999688864
0.9999538660
0.9999734163
0.9999731779
0.9999715090
0.9999597073
0.9999733567
0.9999847412
0.9999823570
0.9999746084
0.9999780655
0.9999701381
0.9999694824
0.9999722838
0.9999661446
0.9999821186
0.9999749660
0.9999675155
0.9999663830
0.9999741316
0.9999669194
0.9999622107
0.9999823570
0.9999810457
0.9999853969
0.9999703169
0.9999698400
0.9999681711
0.9999605417
0.9999716282
0.9999520779
0.9999661446
0.9999735355
0.9999788404
0.9999828339
0.9999819994
0.9999560118
0.9999727011
0.9999845624
0.9999635220
0.9999708533
0.9999917746
0.9999678135
0.9999672771
0.9999789000
0.9999772310
0.9999628067
0.9999644756
0.9999824762
0.9999686480
0.9999768734
0.9999786615
0.9999850988
0.9999598861
0.9999838471
0.9999586344
0.9999753237
0.9999762177
0.9999768734
0.9999742508
0.9999737740
0.9999755621
0.9999573827
0.9999643564
0.9999589920
0.9999740124
0.9999718070
0.9999704361
0.9999686480
0.9999766350
0.9999803305
0.9999681711
0.9999742508
0.9999783039
0.9999567270
0.9999796748
0.9999760389
0.9999666214
0.9999817610
0.9999707937
0.9999639988
0.9999808073
