0.9999942780
0.9999944568
0.9999952316
0.9999966621
0.9999955893
0.9999955893
0.9999955297
0.9999940991
0.9999935627
0.9999957085
0.9999938011
0.9999948740
0.9999963045
0.9999958277
0.9999963045
0.9999966621
0.9999960661
0.9999947548
0.9999951124
0.9999963045
0.9999941587
0.9999955297
0.9999945760
0.9999945164
0.9999961853
0.9999961853
0.9999957681
0.9999945164
0.9999933839
0.9999954700
0.9999955893
0.9999944568
0.9999939203
0.9999941587
0.9999955297
0.9999942183
0.9999958277
0.9999954700
0.9999957085
0.9999964237
0.9999943972
0.9999953508
0.9999945164
0.9999959469
0.9999949932
0.9999963641
0.9999965429
0.9999963045
0.9999946356
0.9999967217
0.9999974370
0.9999954700
0.9999948740
0.9999952316
0.9999960065
0.9999953508
0.9999947548
0.9999936223
0.9999940395
0.9999961853
0.9999955893
0.9999952316
0.9999955893
0.9999941587
0.9999940991
0.9999959469
0.9999944568
0.9999958277
0.9999964833
0.9999961257
0.9999941587
0.9999959469
0.9999949336
0.9999961853
0.9999962449
0.9999952316
0.9999939799
0.9999948740
0.9999938011
0.9999949932
0.9999963045
0.9999945164
0.9999963641
0.9999939203
0.9999958873
0.9999954104
0.9999961853
0.9999966025
0.9999963045
0.9999963045
0.9999939203
0.9999947548
0.9999935031
0.9999971390
0.9999964237
0.9999948740
0.9999936819
0.9999978542
0.9999942183
0.9999969602
0.9999961257
0.9999951124
0.9999957681
0.9999956489
0.9999930859
0.9999952316
0.9999949336
0.9999954700
0.9999974966
0.9999955893
0.9999969006
0.9999949932
0.9999958873
0.9999959469
0.9999945760
0.9999944568
0.9999961853
0.9999948144
0.9999964237
0.9999958873
0.9999952316
0.9999938011
0.9999948144
0.9999957085
0.9999939799
0.9999955893
0.9999946356
0.9999949932
0.9999943972
0.9999960661
0.9999952316
0.9999954700
0.9999936819
0.9999938011
0.9999969602
0.9999963045
0.9999949336
0.9999948144
0.9999955297
0.9999951720
0.9999955297
0.9999966621
0.9999957681
0.9999944568
0.9999940395
0.9999941587
0.9999969006
0.9999955893
0.9999963045
0.9999935627
0.9999947548
0.9999969006
0.9999965429
0.9999945164
0.9999952316
0.9999947548
0.9999972582
0.9999966025
0.9999940991
0.9999948144
0.9999941587
0.9999937415
0.9999942780
0.9999951720
0.9999947548
0.9999939203
0.9999961853
0.9999932647
0.9999961853
0.9999946356
0.9999947548
0.9999943972
0.9999967217
0.9999952316
0.9999951720
0.9999953508
0.9999945164
0.9999963641
0.9999967217
0.9999952912
0.9999946952
0.9999959469
0.9999953508
0.9999953508
0.9999932051
0.9999939203
0.9999966621
0.9999957681
0.9999961853
0.9999960065
0.9999934435
0.9999955893
0.9999946356
0.9999964237
0.9999960661
0.9999960661
0.9999953508
0.9999959469
0.9999952912
0.9999940395
0.9999956489
0.9999968410
0.9999958277
0.9999966621
0.9999931455
0.9999957085
0.9999947548
0.9999945164
0.9999957085
0.9999949932
0.9999955297
0.9999953508
0.9999954700
0.9999946356
0.9999947548
0.9999945164
0.9999949932
0.9999954700
0.9999943972
0.9999948740
0.9999963045
0.9999963045
0.9999967813
0.9999935031
0.9999957085
0.9999949932
0.9999954700
0.9999956489
0.9999955893
0.9999959469
0.9999952316
0.9999960661
0.9999975562
0.9999961853
0.9999948144
0.9999947548
0.9999953508
0.9999966621
0.9999967813
0.9999949932
0.9999947548
0.9999960661
0.9999960661
0.9999952912
0.9999952316
0.9999954700
0.9999955297
0.9999967813
0.9999958277
0.9999971986
0.9999961853
0.9999941587
0.9999974966
0.9999954104
0.9999971390
0.9999960661
0.9999955893
0.9999948740
0.9999948740
0.9999963045
0.9999951124
0.9999951720
0.9999945760
0.9999958277
0.9999961853
0.9999960065
0.9999963641
0.9999953508
0.9999958873
0.9999943972
0.9999955893
0.9999951124
0.9999942780
0.9999935627
0.9999961853
0.9999957085
0.9999953508
0.9999953508
0.9999957085
0.9999952316
0.9999930859
0.9999955893
0.9999964237
0.9999952316
0.9999963045
0.9999939203
0.9999951124
0.9999938607
0.9999937415
0.9999948740
0.9999928474
0.9999953508
0.9999955893
0.9999963045
0.9999965429
0.9999939203
0.9999954104
0.9999959469
0.9999964237
0.9999948740
0.9999935627
0.9999946356
0.9999958277
0.9999954104
0.9999968410
0.9999961853
0.9999940395
0.9999933243
0.9999969006
0.9999949932
0.9999943972
0.9999946356
0.9999961257
0.9999952316
0.9999942183
0.9999964833
0.9999949336
0.9999935627
0.9999942183
0.9999955297
0.9999948740
0.9999958277
0.9999967813
0.9999948740
0.9999940395
0.9999949932
0.9999945760
0.9999942780
0.9999955297
0.9999953508
0.9999944568
0.9999943972
0.9999943376
0.9999948740
0.9999946356
0.9999958277
0.9999948740
0.9999958277
0.9999936819
0.9999941587
0.9999951124
0.9999960661
0.9999957085
0.9999969602
0.9999945164
0.9999950528
0.9999961853
0.9999961853
0.9999957681
0.9999936819
0.9999948740
0.9999950528
0.9999949932
0.9999959469
0.9999934435
0.9999943376
0.9999956489
0.9999935627
0.9999926686
0.9999951124
0.9999961853
0.9999960661
0.9999952316
0.9999955893
0.9999946952
0.9999964237
0.9999945164
0.9999974966
0.9999940395
0.9999934435
0.9999954104
0.9999948144
0.9999958277
0.9999955297
0.9999960661
0.9999951720
0.9999946952
0.9999951124
0.9999942780
0.9999964237
0.9999949932
0.9999946356
0.9999949932
0.9999955297
0.9999952316
0.9999935627
0.9999945164
0.9999957085
0.9999958277
0.9999957085
0.9999958277
0.9999952316
0.9999963045
0.9999942183
0.9999960661
0.9999949932
0.9999939203
0.9999942780
0.9999958277
0.9999966621
0.9999957085
0.9999946952
0.9999953508
0.9999947548
0.9999950528
0.9999981523
0.9999950528
0.9999946952
0.9999973774
0.9999958873
0.9999947548
0.9999943376
0.9999958277
0.9999960661
0.9999957085
0.9999958873
0.9999962449
0.9999951124
0.9999933243
0.9999961853
0.9999947548
0.9999959469
0.9999941587
0.9999948740
0.9999969006
0.9999952316
0.9999941587
0.9999953508
0.9999953508
0.9999963045
0.9999961853
0.9999945760
0.9999969602
0.9999942780
0.9999960661
0.9999943376
0.9999939799
0.9999946356
0.9999964237
0.9999948740
0.9999928474
0.9999958873
0.9999946356
0.9999934435
0.9999952316
0.9999966025
0.9999957681
0.9999948144
0.9999945760
0.9999958277
0.9999958277
0.9999957085
0.9999943972
0.9999958277
0.9999959469
0.9999959469
0.9999959469
0.9999959469
0.9999949932
0.9999960065
0.9999945164
0.9999952316
0.9999958277
0.9999960661
0.9999953508
0.9999942780
0.9999957085
0.9999939203
0.9999961853
0.9999960661
0.9999948740
0.9999957085
0.9999963045
0.9999958277
0.9999960065
0.9999952316
0.9999961853
0.9999955297
0.9999949932
0.9999939799
0.9999954700
0.9999959469
0.9999969006
0.9999961853
0.9999940395
0.9999957085
0.9999948740
0.9999952316
0.9999945164
0.9999935627
0.9999946952
0.9999939799
0.9999955893
0.9999935627
0.9999944568
0.9999954104
0.9999949932
0.9999957085
0.9999949336
0.9999957681
0.9999949932
0.9999958277
0.9999936223
0.9999957085
0.9999943972
0.9999954104
0.9999926090
0.9999964237
0.9999960661
0.9999947548
0.9999935627
0.9999966025
0.9999961853
0.9999948740
0.9999963045
0.9999954700
0.9999961257
0.9999945164
0.9999948740
0.9999956489
0.9999955893
0.9999948740
0.9999954700
0.9999953508
0.9999945164
0.9999936819
0.9999949932
0.9999948740
0.9999954700
0.9999943972
0.9999948740
0.9999976754
0.9999972582
0.9999929667
0.9999972582
0.9999942780
0.9999961853
0.9999939799
0.9999952316
0.9999947548
0.9999959469
0.9999950528
0.9999942780
0.9999964833
0.9999946356
0.9999936223
0.9999949932
0.9999956489
0.9999959469
0.9999953508
0.9999951720
0.9999954700
0.9999954104
0.9999940395
0.9999945164
0.9999946356
0.9999957085
0.9999958277
0.9999960065
0.9999935627
0.9999938011
0.9999973774
0.9999959469
0.9999952316
0.9999959469
0.9999956489
0.9999946356
0.9999954104
0.9999943972
0.9999963045
0.9999949932
0.9999960661
0.9999954700
0.9999957085
0.9999972582
0.9999967813
0.9999941587
0.9999942183
0.9999963045
0.9999971390
0.9999966621
0.9999953508
0.9999954700
0.9999951720
0.9999969602
0.9999964237
0.9999935031
0.9999951720
0.9999952316
0.9999955893
0.9999968410
0.9999945760
0.9999946356
0.9999958873
0.9999940991
0.9999955893
0.9999955893
0.9999951720
0.9999940395
0.9999964237
0.9999940395
0.9999963045
0.9999951124
0.9999955893
0.9999964237
0.9999957085
0.9999946356
0.9999966621
0.9999974966
0.9999958277
0.9999958277
0.9999957085
0.9999963045
0.9999956489
0.9999960661
0.9999963045
0.9999962449
0.9999938607
0.9999954700
0.9999965429
0.9999951124
0.9999963045
0.9999958277
0.9999961853
0.9999943972
0.9999948144
0.9999942780
0.9999942780
0.9999950528
0.9999945164
0.9999959469
0.9999932647
0.9999948740
0.9999940395
0.9999941587
0.9999954104
0.9999961853
0.9999960661
0.9999953508
0.9999942183
0.9999957681
0.9999936819
0.9999946356
0.9999933243
0.9999947548
0.9999944568
0.9999963045
0.9999946356
0.9999949336
0.9999969006
0.9999939799
0.9999951124
0.9999952316
0.9999952316
0.9999947548
0.9999946356
0.9999942183
0.9999941587
0.9999958873
0.9999964237
0.9999945164
0.9999938011
0.9999936819
0.9999972582
0.9999954104
0.9999966025
0.9999940395
0.9999933243
0.9999951720
0.9999952316
0.9999951720
0.9999948144
0.9999945164
0.9999959469
0.9999968410
0.9999943972
0.9999943972
0.9999954104
0.9999968410
0.9999946952
0.9999954700
0.9999945164
0.9999945164
0.9999960661
0.9999958277
0.9999949932
0.9999957681
0.9999951124
0.9999946356
0.9999955893
0.9999932051
0.9999949932
0.9999964237
0.9999953508
0.9999963045
0.9999956489
0.9999951720
0.9999955297
0.9999945164
0.9999946356
0.9999960065
0.9999955297
0.9999973774
0.9999947548
0.9999935627
0.9999935627
0.9999944568
0.9999961853
0.9999949932
0.9999949932
0.9999948740
0.9999932051
0.9999925494
0.9999948740
0.9999928474
0.9999940395
0.9999957085
0.9999951124
0.9999957085
0.9999961853
0.9999955297
0.9999939203
0.9999943376
0.9999958277
0.9999932051
0.9999949932
0.9999938011
0.9999936223
0.9999956489
0.9999955893
0.9999952316
0.9999938011
0.9999924898
0.9999946952
0.9999948740
0.9999936819
0.9999930859
0.9999934435
0.9999948740
0.9999934435
0.9999951124
0.9999946356
0.9999950528
0.9999958277
0.9999935627
0.9999946356
0.9999936819
0.9999951720
0.9999941587
0.9999957681
0.9999958873
0.9999957085
0.9999938011
0.9999961853
0.9999970198
0.9999946356
0.9999941587
0.9999945760
0.9999952912
0.9999946356
0.9999939203
0.9999926090
0.9999930859
0.9999955893
0.9999949932
0.9999944568
0.9999948144
0.9999931455
0.9999930859
0.9999952316
0.9999935627
0.9999952316
0.9999958873
0.9999955297
0.9999932647
0.9999954104
0.9999940991
0.9999955893
0.9999955893
0.9999945164
0.9999930263
0.9999941587
0.9999928474
0.9999941587
0.9999955893
0.9999937415
0.9999957681
0.9999930859
0.9999952316
0.9999947548
0.9999954700
0.9999960661
0.9999957085
0.9999957085
0.9999930263
0.9999939203
0.9999924302
0.9999966621
0.9999958873
0.9999939203
0.9999926686
0.9999974966
0.9999932051
0.9999965429
0.9999954700
0.9999943376
0.9999951720
0.9999948740
0.9999920130
0.9999943376
0.9999941587
0.9999946356
0.9999971390
0.9999948740
0.9999963045
0.9999940991
0.9999952316
0.9999953508
0.9999938011
0.9999936223
0.9999955893
0.9999940991
0.9999957085
0.9999952316
0.9999946356
0.9999928474
0.9999939203
0.9999949932
0.9999932051
0.9999948740
0.9999936819
0.9999941587
0.9999934435
0.9999953508
0.9999945164
0.9999946952
0.9999927878
0.9999928474
0.9999964833
0.9999957681
0.9999941587
0.9999940395
0.9999948740
0.9999944568
0.9999946356
0.9999960661
0.9999951124
0.9999935627
0.9999930859
0.9999932051
0.9999964237
0.9999948740
0.9999957085
0.9999925494
0.9999939203
0.9999964237
0.9999960661
0.9999936819
0.9999946356
0.9999940395
0.9999967813
0.9999960661
0.9999933243
0.9999940395
0.9999932051
0.9999927878
0.9999935627
0.9999943972
0.9999939203
0.9999928474
0.9999954700
0.9999921918
0.9999957085
0.9999938607
0.9999939203
0.9999934435
0.9999963045
0.9999946356
0.9999945164
0.9999944568
0.9999936819
0.9999958277
0.9999961853
0.9999946356
0.9999939203
0.9999953508
0.9999946356
0.9999946356
0.9999922514
0.9999930263
0.9999960661
0.9999951124
0.9999955893
0.9999954700
0.9999924898
0.9999948144
0.9999939203
0.9999958873
0.9999954700
0.9999955297
0.9999946356
0.9999954104
0.9999943972
0.9999932051
0.9999948740
0.9999963045
0.9999950528
0.9999961853
0.9999921918
0.9999951124
0.9999940395
0.9999935627
0.9999949932
0.9999941587
0.9999948740
0.9999947548
0.9999948144
0.9999938607
0.9999939799
0.9999937415
0.9999942183
0.9999947548
0.9999935031
0.9999940395
0.9999957085
0.9999957085
0.9999963045
0.9999926090
0.9999949932
0.9999942780
0.9999947548
0.9999949932
0.9999948740
0.9999952912
0.9999946356
0.9999954700
0.9999971390
0.9999955893
0.9999939799
0.9999938011
0.9999946356
0.9999961853
0.9999961853
0.9999942780
0.9999940395
0.9999954104
0.9999955297
0.9999946356
0.9999943972
0.9999948740
0.9999948740
0.9999961853
0.9999951124
0.9999967813
0.9999955297
0.9999934435
0.9999970198
0.9999948740
0.9999967813
0.9999954700
0.9999949932
0.9999940395
0.9999939799
0.9999957085
0.9999944568
0.9999943972
0.9999938011
0.9999951720
0.9999954700
0.9999953508
0.9999958277
0.9999945760
0.9999951124
0.9999936819
0.9999948740
0.9999943376
0.9999933839
0.9999925494
0.9999955893
0.9999949932
0.9999946356
0.9999945760
0.9999949932
0.9999944568
0.9999920130
0.9999948740
0.9999960065
0.9999946356
0.9999956489
0.9999932051
0.9999944568
0.9999928474
0.9999927878
0.9999940991
0.9999918938
0.9999946356
0.9999948740
0.9999955893
0.9999959469
0.9999930859
0.9999946952
0.9999953508
0.9999958277
0.9999940395
0.9999926090
0.9999939203
0.9999953508
0.9999946356
0.9999963045
0.9999956489
0.9999930859
0.9999924898
0.9999963045
0.9999941587
0.9999935627
0.9999938011
0.9999955893
0.9999945760
0.9999934435
0.9999960065
0.9999943376
0.9999926090
0.9999932647
0.9999948144
0.9999939799
0.9999951124
0.9999963045
0.9999939799
0.9999932051
0.9999941587
0.9999936819
0.9999933839
0.9999948740
0.9999945760
0.9999935627
0.9999935031
0.9999934435
0.9999940395
0.9999937415
0.9999952316
0.9999940395
0.9999951720
0.9999927282
0.9999933243
0.9999943972
0.9999953508
0.9999951124
0.9999964833
0.9999936223
0.9999942780
0.9999957085
0.9999955893
0.9999951124
0.9999926090
0.9999939799
0.9999942183
0.9999943972
0.9999953508
0.9999923706
0.9999935627
0.9999949336
0.9999926090
0.9999915361
0.9999942780
0.9999955893
0.9999954104
0.9999945760
0.9999948740
0.9999939203
0.9999958277
0.9999936223
0.9999970198
0.9999930859
0.9999926090
0.9999948740
0.9999939799
0.9999952316
0.9999948740
0.9999954700
0.9999943376
0.9999939203
0.9999942780
0.9999933243
0.9999958277
0.9999942780
0.9999938607
0.9999941587
0.9999948740
0.9999946356
0.9999926090
0.9999935627
0.9999950528
0.9999952316
0.9999949932
0.9999951720
0.9999943972
0.9999957085
0.9999933243
0.9999954104
0.9999942780
0.9999930859
0.9999933243
0.9999952316
0.9999960065
0.9999948740
0.9999940395
0.9999945164
0.9999938011
0.9999942780
0.9999978542
0.9999943972
0.9999939203
0.9999969602
0.9999952912
0.9999939799
0.9999935627
0.9999951124
0.9999955893
0.9999949932
0.9999952912
0.9999955893
0.9999943972
0.9999923706
0.9999955297
0.9999940395
0.9999953508
0.9999932647
0.9999940991
0.9999964833
0.9999945164
0.9999932051
0.9999947548
0.9999945760
0.9999957085
0.9999957085
0.9999936819
0.9999964237
0.9999934435
0.9999955297
0.9999934435
0.9999930859
0.9999938607
0.9999959469
0.9999940395
0.9999917150
0.9999952912
0.9999937415
0.9999926090
0.9999945164
0.9999960661
0.9999952316
0.9999941587
0.9999935627
0.9999951124
0.9999951124
0.9999950528
0.9999934435
0.9999952316
0.9999952316
0.9999954104
0.9999952912
0.9999954700
0.9999940991
0.9999953508
0.9999936819
0.9999945164
0.9999951124
0.9999955297
0.9999947548
0.9999934435
0.9999951124
0.9999929667
0.9999955893
0.9999954700
0.9999940395
0.9999949932
0.9999957085
0.9999951720
0.9999954700
0.9999944568
0.9999957085
0.9999949932
0.9999940395
0.9999930263
0.9999945760
0.9999952316
0.9999964237
0.9999955297
0.9999930859
0.9999951124
0.9999940395
0.9999946356
0.9999937415
0.9999924898
0.9999939203
0.9999930859
0.9999949336
0.9999926090
0.9999935627
0.9999947548
0.9999941587
0.9999950528
0.9999940395
0.9999951124
0.9999942780
0.9999951124
0.9999926686
0.9999950528
0.9999936223
0.9999946356
0.9999914169
0.9999958277
0.9999955297
0.9999940395
0.9999927282
0.9999960661
0.9999955893
0.9999940395
0.9999957681
0.9999948144
0.9999954700
0.9999936819
0.9999940395
0.9999949336
0.9999948740
0.9999940395
0.9999947548
0.9999945164
0.9999935627
0.9999927282
0.9999942780
0.9999941587
0.9999946356
0.9999935627
0.9999940395
0.9999973774
0.9999967813
0.9999917150
0.9999967813
0.9999935031
0.9999955893
0.9999930859
0.9999944568
0.9999938607
0.9999951124
0.9999942780
0.9999934435
0.9999959469
0.9999939203
0.9999925494
0.9999942780
0.9999950528
0.9999954700
0.9999946356
0.9999945164
0.9999947548
0.9999947548
0.9999931455
0.9999935627
0.9999939203
0.9999949932
0.9999950528
0.9999954104
0.9999925494
0.9999929667
0.9999969602
0.9999954700
0.9999946356
0.9999953508
0.9999948144
0.9999937415
0.9999946356
0.9999935031
0.9999955893
0.9999941587
0.9999955297
0.9999946952
0.9999951124
0.9999969006
0.9999964237
0.9999933243
0.9999932647
0.9999957085
0.9999966621
0.9999961853
0.9999945164
0.9999948144
0.9999943972
0.9999965429
0.9999957681
0.9999924302
0.9999943972
0.9999943972
0.9999949932
0.9999963641
0.9999935627
0.9999938011
0.9999953508
0.9999933243
0.9999949932
0.9999949336
0.9999943972
0.9999930859
0.9999958277
0.9999930263
0.9999958277
0.9999943972
0.9999948144
0.9999958277
0.9999951124
0.9999939203
0.9999963045
0.9999971986
0.9999952316
0.9999951124
0.9999951124
0.9999955893
0.9999948740
0.9999954104
0.9999957085
0.9999957085
0.9999929667
0.9999948740
0.9999960065
0.9999943376
0.9999956489
0.9999951124
0.9999954700
0.9999936223
0.9999940395
0.9999933243
0.9999934435
0.9999942780
0.9999935627
0.9999952316
0.9999922514
0.9999940395
0.9999930859
0.9999934435
0.9999946356
0.9999955893
0.9999954700
0.9999946356
0.9999933839
0.9999950528
0.9999928474
0.9999938011
0.9999923110
0.9999940395
0.9999935627
0.9999956489
0.9999936819
0.9999943376
0.9999964833
0.9999930859
0.9999943972
0.9999945760
0.9999945164
0.9999939203
0.9999938011
0.9999934435
0.9999934435
0.9999951124
0.9999958277
0.9999938011
0.9999929667
0.9999926090
0.9999968410
0.9999946356
0.9999959469
0.9999930859
0.9999923706
0.9999945164
0.9999945164
0.9999943972
0.9999939203
0.9999936819
0.9999952316
0.9999964237
0.9999935627
0.9999935627
0.9999946952
0.9999962449
0.9999939203
0.9999949932
0.9999936223
0.9999936223
0.9999953508
0.9999952316
0.9999942780
0.9999949932
0.9999945760
0.9999938011
0.9999948740
0.9999921918
0.9999942183
0.9999958277
0.9999947548
0.9999957085
0.9999949932
0.9999942780
0.9999948144
0.9999937415
0.9999938011
0.9999954104
0.9999948144
0.9999970198
0.9999939203
0.9999930859
0.9999932051
0.9999940991
0.9999960065
0.9999946356
0.9999946356
0.9999946356
0.9999927282
0.9999920130
0.9999946356
0.9999925494
0.9999937415
0.9999954104
0.9999948740
0.9999954700
0.9999959469
0.9999952316
0.9999936819
0.9999940991
0.9999954700
0.9999928474
0.9999946356
0.9999933243
0.9999932647
0.9999953508
0.9999952316
0.9999948740
0.9999933243
0.9999920130
0.9999943972
0.9999945164
0.9999932051
0.9999926090
0.9999929667
0.9999945164
0.9999929070
0.9999946356
0.9999943972
0.9999949336
0.9999955297
0.9999933243
0.9999942780
0.9999934435
0.9999948740
0.9999937415
0.9999955893
0.9999957085
0.9999954700
0.9999935031
0.9999959469
0.9999967813
0.9999944568
0.9999936819
0.9999942183
0.9999951124
0.9999942780
0.9999936819
0.9999921322
0.9999928474
0.9999952316
0.9999946356
0.9999940991
0.9999945760
0.9999928474
0.9999926090
0.9999949336
0.9999931455
0.9999951124
0.9999955893
0.9999952316
0.9999928474
0.9999951124
0.9999938011
0.9999953508
0.9999952316
0.9999942183
0.9999926090
0.9999937415
0.9999923706
0.9999938011
0.9999953508
0.9999932051
0.9999955297
0.9999927282
0.9999949932
0.9999942780
0.9999952316
0.9999959469
0.9999955893
0.9999954700
0.9999925494
0.9999933839
0.9999919534
0.9999964237
0.9999955893
0.9999936819
0.9999923110
0.9999972582
0.9999929667
0.9999962449
0.9999951720
0.9999941587
0.9999948144
0.9999946356
0.9999916553
0.9999940395
0.9999936819
0.9999943972
0.9999969006
0.9999946356
0.9999960661
0.9999936819
0.9999949932
0.9999950528
0.9999933839
0.9999933243
0.9999953508
0.9999936819
0.9999954700
0.9999948740
0.9999942780
0.9999924898
0.9999935627
0.9999947548
0.9999926686
0.9999946356
0.9999933243
0.9999938011
0.9999930859
0.9999950528
0.9999940395
0.9999945164
0.9999923706
0.9999922514
0.9999961853
0.9999952912
0.9999939799
0.9999937415
0.9999946952
0.9999940991
0.9999942780
0.9999957085
0.9999946952
0.9999932647
0.9999926090
0.9999929667
0.9999960661
0.9999945164
0.9999954104
0.9999921322
0.9999936223
0.9999962449
0.9999957085
0.9999932051
0.9999941587
0.9999936819
0.9999966025
0.9999958277
0.9999928474
0.9999937415
0.9999928474
0.9999921918
0.9999930859
0.9999940395
0.9999936223
0.9999924898
0.9999952316
0.9999917746
0.9999953508
0.9999935627
0.9999935627
0.9999929070
0.9999959469
0.9999942780
0.9999940395
0.9999941587
0.9999933243
0.9999955297
0.9999960065
0.9999943376
0.9999935627
0.9999950528
0.9999943376
0.9999942780
0.9999918938
0.9999926686
0.9999958277
0.9999948144
0.9999954104
0.9999952316
0.9999920130
0.9999945164
0.9999934435
0.9999955893
0.9999951124
0.9999951124
0.9999942183
0.9999951720
0.9999941587
0.9999927282
0.9999945164
0.9999960661
0.9999947548
0.9999959469
0.9999916553
0.9999948740
0.9999936819
0.9999932051
0.9999948740
0.9999938011
0.9999945164
0.9999942780
0.9999943972
0.9999934435
0.9999935627
0.9999933243
0.9999940395
0.9999945164
0.9999930859
0.9999938011
0.9999954104
0.9999954104
0.9999959469
0.9999921322
0.9999947548
0.9999939799
0.9999943972
0.9999947548
0.9999945760
0.9999949932
0.9999941587
0.9999951720
0.9999969602
0.9999953508
0.9999936819
0.9999935627
0.9999941587
0.9999958873
0.9999960065
0.9999938011
0.9999935627
0.9999952316
0.9999952316
0.9999942780
0.9999941587
0.9999946356
0.9999945164
0.9999959469
0.9999948740
0.9999965429
0.9999953508
0.9999929667
0.9999967813
0.9999944568
0.9999965429
0.9999951124
0.9999946356
0.9999936223
0.9999936819
0.9999954700
0.9999941587
0.9999940395
0.9999934435
0.9999948740
0.9999953508
0.9999950528
0.9999954700
0.9999941587
0.9999948144
0.9999930859
0.9999945164
0.9999940395
0.9999929667
0.9999921918
0.9999953508
0.9999947548
0.9999943972
0.9999942780
0.9999946356
0.9999940395
0.9999915361
0.9999945164
0.9999957085
0.9999941587
0.9999953508
0.9999927282
0.9999940395
0.9999924898
0.9999923706
0.9999938011
0.9999913573
0.9999942183
0.9999947548
0.9999952912
0.9999957085
0.9999927282
0.9999942780
0.9999949932
0.9999955297
0.9999936819
0.9999920726
0.9999936819
0.9999950528
0.9999943972
0.9999960661
0.9999952316
0.9999927878
0.9999921322
0.9999960661
0.9999938607
0.9999930859
0.9999933839
0.9999952316
0.9999942183
0.9999930263
0.9999956489
0.9999938011
0.9999920130
0.9999927878
0.9999944568
0.9999935627
0.9999948740
0.9999959469
0.9999936223
0.9999926090
0.9999937415
0.9999932051
0.9999930263
0.9999945164
0.9999941587
0.9999932051
0.9999930859
0.9999930859
0.9999937415
0.9999935627
0.9999948740
0.9999938011
0.9999948144
0.9999922514
0.9999927878
0.9999941587
0.9999951124
0.9999947548
0.9999963045
0.9999932051
0.9999939203
0.9999954104
0.9999952316
0.9999947548
0.9999922514
0.9999936223
0.9999938011
0.9999940395
0.9999950528
0.9999918938
0.9999931455
0.9999945164
0.9999920726
0.9999911785
0.9999939203
0.9999952316
0.9999951720
0.9999940395
0.9999946356
0.9999936223
0.9999955893
0.9999931455
0.9999969602
0.9999927282
0.9999921322
0.9999943972
0.9999936223
0.9999948740
0.9999945760
0.9999951124
0.9999940395
0.9999934435
0.9999939799
0.9999929667
0.9999955893
0.9999938011
0.9999934435
0.9999938011
0.9999944568
0.9999941587
0.9999921322
0.9999933243
0.9999947548
0.9999949932
0.9999947548
0.9999949932
0.9999940395
0.9999954104
0.9999929667
0.9999951124
0.9999940395
0.9999927282
0.9999929667
0.9999949932
0.9999958277
0.9999945164
0.9999935627
0.9999942183
0.9999935031
0.9999939799
0.9999977350
0.9999939203
0.9999935627
0.9999967813
0.9999948740
0.9999936819
0.9999932051
0.9999948740
0.9999953508
0.9999947548
0.9999948740
0.9999953508
0.9999939799
0.9999918938
0.9999952912
0.9999936819
0.9999949932
0.9999927878
0.9999935627
0.9999962449
0.9999942780
0.9999929070
0.9999943972
0.9999941587
0.9999954104
0.9999954104
0.9999934435
0.9999961853
0.9999929667
0.9999952912
0.9999930859
0.9999925494
0.9999935627
0.9999955893
0.9999936819
0.9999912381
0.9999948740
0.9999934435
0.9999921322
0.9999943376
0.9999957681
0.9999949932
0.9999936819
0.9999933243
0.9999948740
0.9999948144
0.9999947548
0.9999929070
0.9999948740
0.9999949932
0.9999951124
0.9999950528
0.9999950528
0.9999939203
0.9999949932
0.9999933243
0.9999940991
0.9999948740
0.9999952316
0.9999942780
0.9999930859
0.9999947548
0.9999924898
0.9999953508
0.9999952316
0.9999938011
0.9999947548
0.9999954104
0.9999947548
0.9999951720
0.9999941587
0.9999954700
0.9999946356
0.9999936819
0.9999925494
0.9999942183
0.9999949932
0.9999963045
0.9999952316
0.9999927282
0.9999946952
0.9999938011
0.9999942780
0.9999934435
0.9999920130
0.9999934435
0.9999926090
0.9999945164
0.9999921322
0.9999932647
0.9999945164
0.9999938011
0.9999948144
0.9999936819
0.9999948144
0.9999938011
0.9999948740
0.9999920726
0.9999946356
0.9999932647
0.9999942780
0.9999908805
0.9999955893
0.9999951720
0.9999936819
0.9999922514
0.9999958277
0.9999953508
0.9999936819
0.9999955297
0.9999943972
0.9999951124
0.9999932051
0.9999936819
0.9999946356
0.9999946356
0.9999937415
0.9999943972
0.9999942780
0.9999930859
0.9999922514
0.9999939203
0.9999936223
0.9999942780
0.9999930859
0.9999937415
0.9999971390
0.9999965429
0.9999912977
0.9999965429
0.9999930859
0.9999953508
0.9999926090
0.9999941587
0.9999935031
0.9999948740
0.9999939799
0.9999929667
0.9999957085
0.9999934435
0.9999921918
0.9999938011
0.9999947548
0.9999951124
0.9999942183
0.9999941587
0.9999943972
0.9999943972
0.9999927878
0.9999933243
0.9999934435
0.9999946356
0.9999947548
0.9999951124
0.9999921322
0.9999924898
0.9999967813
0.9999951124
0.9999941587
0.9999950528
0.9999944568
0.9999933243
0.9999943972
0.9999929667
0.9999953508
0.9999938011
0.9999952316
0.9999943972
0.9999948740
0.9999966621
0.9999960661
0.9999929667
0.9999928474
0.9999954104
0.9999963641
0.9999958277
0.9999941587
0.9999944568
0.9999940395
0.9999963641
0.9999955297
0.9999920130
0.9999940395
0.9999940991
0.9999946356
0.9999960661
0.9999933243
0.9999934435
0.9999949932
0.9999928474
0.9999945760
0.9999946356
0.9999939799
0.9999926090
0.9999955893
0.9999925494
0.9999955893
0.9999939203
0.9999945164
0.9999955893
0.9999946952
0.9999934435
0.9999959469
0.9999969006
0.9999948740
0.9999948740
0.9999947548
0.9999953508
0.9999946356
0.9999951124
0.9999953508
0.9999954104
0.9999926090
0.9999945164
0.9999957681
0.9999938607
0.9999953508
0.9999947548
0.9999953508
0.9999932051
0.9999936223
0.9999929667
0.9999929667
0.9999939799
0.9999932647
0.9999949932
0.9999918342
0.9999935627
0.9999927282
0.9999930859
0.9999943972
0.9999953508
0.9999951124
0.9999943972
0.9999929667
0.9999947548
0.9999923706
0.9999933243
0.9999918938
0.9999936223
0.9999931455
0.9999954104
0.9999933839
0.9999938011
0.9999961853
0.9999925494
0.9999939203
0.9999941587
0.9999941587
0.9999934435
0.9999935627
0.9999928474
0.9999929667
0.9999948144
0.9999955297
0.9999932051
0.9999923706
0.9999923706
0.9999965429
0.9999943972
0.9999957681
0.9999927282
0.9999918342
0.9999941587
0.9999940395
0.9999941587
0.9999935627
0.9999934435
0.9999949932
0.9999960661
0.9999930859
0.9999931455
0.9999944568
0.9999961257
0.9999935031
0.9999945164
0.9999932051
0.9999932647
0.9999951124
0.9999949932
0.9999939203
0.9999947548
0.9999942183
0.9999934435
0.9999945164
0.9999917746
0.9999938011
0.9999954700
0.9999943972
0.9999954700
0.9999946356
0.9999939203
0.9999945760
0.9999933243
0.9999933839
0.9999951124
0.9999945760
0.9999966621
0.9999935627
0.9999935627
0.9999936223
0.9999945164
0.9999963045
0.9999950528
0.9999949932
0.9999948740
0.9999932051
0.9999927282
0.9999951124
0.9999930263
0.9999941587
0.9999957085
0.9999952912
0.9999958277
0.9999961853
0.9999955893
0.9999941587
0.9999943972
0.9999958277
0.9999934435
0.9999949932
0.9999938607
0.9999937415
0.9999957085
0.9999954700
0.9999952316
0.9999939203
0.9999926090
0.9999947548
0.9999949932
0.9999936819
0.9999932051
0.9999933243
0.9999948740
0.9999935031
0.9999951124
0.9999948144
0.9999952316
0.9999958277
0.9999936819
0.9999947548
0.9999938011
0.9999952912
0.9999943376
0.9999958873
0.9999960661
0.9999957681
0.9999939799
0.9999961853
0.9999970198
0.9999947548
0.9999942780
0.9999946356
0.9999954104
0.9999946356
0.9999941587
0.9999927282
0.9999932051
0.9999957085
0.9999949932
0.9999945164
0.9999949932
0.9999934435
0.9999933243
0.9999954700
0.9999936819
0.9999953508
0.9999959469
0.9999955893
0.9999933243
0.9999954700
0.9999942780
0.9999955893
0.9999957085
0.9999946356
0.9999930859
0.9999942183
0.9999928474
0.9999942780
0.9999958277
0.9999938607
0.9999958277
0.9999933243
0.9999953508
0.9999948144
0.9999957085
0.9999961853
0.9999958277
0.9999957681
0.9999930859
0.9999939203
0.9999926090
0.9999966621
0.9999959469
0.9999941587
0.9999929070
0.9999975562
0.9999934435
0.9999965429
0.9999954700
0.9999945164
0.9999952316
0.9999951124
0.9999921918
0.9999946356
0.9999943972
0.9999947548
0.9999971390
0.9999950528
0.9999964237
0.9999942780
0.9999953508
0.9999954104
0.9999938607
0.9999936819
0.9999957085
0.9999941587
0.9999958277
0.9999953508
0.9999946356
0.9999928474
0.9999940395
0.9999949932
0.9999932051
0.9999951124
0.9999938011
0.9999941587
0.9999935627
0.9999954104
0.9999945760
0.9999948740
0.9999928474
0.9999929667
0.9999964833
0.9999957085
0.9999943972
0.9999941587
0.9999949932
0.9999945164
0.9999948740
0.9999960661
0.9999951124
0.9999936819
0.9999932647
0.9999934435
0.9999963641
0.9999949932
0.9999957085
0.9999927282
0.9999939203
0.9999964833
0.9999959469
0.9999936819
0.9999946356
0.9999940395
0.9999968410
0.9999960661
0.9999934435
0.9999940991
0.9999932051
0.9999928474
0.9999935627
0.9999945164
0.9999940395
0.9999930859
0.9999955893
0.9999923110
0.9999957681
0.9999940395
0.9999940395
0.9999935627
0.9999963045
0.9999945760
0.9999943972
0.9999946356
0.9999937415
0.9999959469
0.9999963045
0.9999947548
0.9999940395
0.9999954104
0.9999946952
0.9999947548
0.9999924302
0.9999930859
0.9999961853
0.9999952316
0.9999957085
0.9999954700
0.9999925494
0.9999948740
0.9999939203
0.9999958873
0.9999954700
0.9999955893
0.9999946952
0.9999954700
0.9999945164
0.9999933243
0.9999949932
0.9999963045
0.9999951124
0.9999961853
0.9999922514
0.9999952316
0.9999940395
0.9999936819
0.9999952316
0.9999943376
0.9999949932
0.9999947548
0.9999948740
0.9999939203
0.9999941587
0.9999938011
0.9999945164
0.9999948740
0.9999936819
0.9999940991
0.9999958277
0.9999957681
0.9999961853
0.9999926090
0.9999950528
0.9999943972
0.9999948144
0.9999951124
0.9999949932
0.9999953508
0.9999946356
0.9999955297
0.9999971986
0.9999955893
0.9999940395
0.9999940395
0.9999946356
0.9999961853
0.9999963045
0.9999943972
0.9999940395
0.9999954700
0.9999955297
0.9999946952
0.9999946356
0.9999949932
0.9999948740
0.9999963045
0.9999952316
0.9999969006
0.9999955893
0.9999935627
0.9999971390
0.9999948144
0.9999967813
0.9999955297
0.9999951124
0.9999941587
0.9999940395
0.9999958277
0.9999945760
0.9999945760
0.9999939203
0.9999952316
0.9999956489
0.9999952912
0.9999958873
0.9999945164
0.9999952316
0.9999935627
0.9999949932
0.9999944568
0.9999935627
0.9999927878
0.9999955893
0.9999951124
0.9999947548
0.9999947548
0.9999951124
0.9999946356
0.9999921918
0.9999949932
0.9999960661
0.9999946356
0.9999957681
0.9999931455
0.9999945164
0.9999928474
0.9999929070
0.9999942780
0.9999919534
0.9999947548
0.9999948740
0.9999957085
0.9999960661
0.9999932051
0.9999948144
0.9999953508
0.9999958873
0.9999940395
0.9999927282
0.9999940395
0.9999954104
0.9999947548
0.9999964237
0.9999957085
0.9999932051
0.9999926090
0.9999964237
0.9999943376
0.9999935627
0.9999939203
0.9999955893
0.9999945164
0.9999934435
0.9999959469
0.9999941587
0.9999927282
0.9999933243
0.9999948740
0.9999941587
0.9999953508
0.9999962449
0.9999940395
0.9999932647
0.9999942780
0.9999938011
0.9999935031
0.9999948740
0.9999946356
0.9999936819
0.9999936819
0.9999935627
0.9999941587
0.9999939203
0.9999953508
0.9999942780
0.9999951720
0.9999929070
0.9999932647
0.9999944568
0.9999955297
0.9999951720
0.9999965429
0.9999938011
0.9999943972
0.9999957085
0.9999957085
0.9999952316
0.9999928474
0.9999941587
0.9999942780
0.9999945164
0.9999952316
0.9999924898
0.9999936223
0.9999951124
0.9999927282
0.9999916553
0.9999944568
0.9999955893
0.9999955893
0.9999945164
0.9999949932
0.9999941587
0.9999958873
0.9999936819
0.9999971390
0.9999932647
0.9999927282
0.9999948144
0.9999941587
0.9999952316
0.9999948740
0.9999955297
0.9999945164
0.9999939203
0.9999943972
0.9999934435
0.9999959469
0.9999942780
0.9999938607
0.9999942780
0.9999949336
0.9999946356
0.9999927282
0.9999938011
0.9999951124
0.9999952316
0.9999951124
0.9999952912
0.9999945164
0.9999957085
0.9999933839
0.9999954700
0.9999942780
0.9999932051
0.9999935031
0.9999953508
0.9999961257
0.9999950528
0.9999939203
0.9999946952
0.9999940395
0.9999943972
0.9999978542
0.9999945164
0.9999940395
0.9999971390
0.9999952316
0.9999941587
0.9999936819
0.9999952316
0.9999955893
0.9999951124
0.9999952316
0.9999957085
0.9999945164
0.9999924898
0.9999957085
0.9999940991
0.9999953508
0.9999934435
0.9999940991
0.9999965429
0.9999946356
0.9999933243
0.9999946952
0.9999945164
0.9999957681
0.9999957085
0.9999939203
0.9999965429
0.9999935031
0.9999955893
0.9999936223
0.9999932051
0.9999939799
0.9999958277
0.9999942183
0.9999917746
0.9999953508
0.9999939203
0.9999926686
0.9999946356
0.9999961853
0.9999952316
0.9999940395
0.9999938011
0.9999952316
0.9999951124
0.9999951720
0.9999935627
0.9999952316
0.9999953508
0.9999954700
0.9999954104
0.9999955297
0.9999942780
0.9999954700
0.9999938607
0.9999945164
0.9999952912
0.9999955297
0.9999947548
0.9999935627
0.9999951124
0.9999932051
0.9999955893
0.9999955893
0.9999941587
0.9999951124
0.9999957681
0.9999951124
0.9999954104
0.9999945760
0.9999958277
0.9999949932
0.9999942780
0.9999931455
0.9999946356
0.9999954104
0.9999964833
0.9999955893
0.9999932647
0.9999951124
0.9999941587
0.9999947548
0.9999938011
0.9999926090
0.9999940395
0.9999932051
0.9999948740
0.9999927282
0.9999937415
0.9999948740
0.9999942780
0.9999951124
0.9999941587
0.9999951720
0.9999942780
0.9999952316
0.9999927878
0.9999949932
0.9999936819
0.9999947548
0.9999915361
0.9999959469
0.9999955893
0.9999940395
0.9999926090
0.9999961853
0.9999956489
0.9999941587
0.9999957681
0.9999949336
0.9999955297
0.9999938011
0.9999942183
0.9999950528
0.9999949932
0.9999942780
0.9999948740
0.9999947548
0.9999936819
0.9999927878
0.9999942780
0.9999941587
0.9999947548
0.9999936819
0.9999942183
0.9999973774
0.9999969006
0.9999920130
0.9999969006
0.9999935627
0.9999957085
0.9999932051
0.9999943972
0.9999939203
0.9999952316
0.9999943972
0.9999935031
0.9999960065
0.9999939799
0.9999927282
0.9999942780
0.9999950528
0.9999954700
0.9999946356
0.9999945760
0.9999948740
0.9999948740
0.9999933243
0.9999936819
0.9999939799
0.9999951124
0.9999951720
0.9999954104
0.9999927282
0.9999929667
0.9999970198
0.9999955297
0.9999946356
0.9999953508
0.9999948740
0.9999938011
0.9999948144
0.9999935627
0.9999958277
0.9999943972
0.9999955893
0.9999948740
0.9999952316
0.9999969602
0.9999964237
0.9999933839
0.9999935031
0.9999957681
0.9999966621
0.9999961257
0.9999947548
0.9999948740
0.9999945164
0.9999966621
0.9999958873
0.9999925494
0.9999944568
0.9999945164
0.9999949932
0.9999964237
0.9999938011
0.9999939799
0.9999953508
0.9999933243
0.9999951124
0.9999951124
0.9999944568
0.9999931455
0.9999960065
0.9999932051
0.9999959469
0.9999943376
0.9999949932
0.9999959469
0.9999951124
0.9999939203
0.9999961853
0.9999971986
0.9999952316
0.9999953508
0.9999951124
0.9999957085
0.9999949932
0.9999954700
0.9999958277
0.9999957085
0.9999930859
0.9999948740
0.9999960661
0.9999944568
0.9999958277
0.9999951720
0.9999957085
0.9999936819
0.9999941587
0.9999935627
0.9999934435
0.9999943972
0.9999936819
0.9999952912
0.9999923706
0.9999941587
0.9999932051
0.9999935627
0.9999948144
0.9999956489
0.9999954700
0.9999946952
0.9999935627
0.9999952912
0.9999929667
0.9999939203
0.9999925494
0.9999941587
0.9999936819
0.9999957085
0.9999939203
0.9999942780
0.9999965429
0.9999931455
0.9999944568
0.9999945760
0.9999946356
0.9999939203
0.9999939203
0.9999933839
0.9999933243
0.9999952316
0.9999958277
0.9999937415
0.9999928474
0.9999927878
0.9999967813
0.9999947548
0.9999961853
0.9999933243
0.9999922514
0.9999945164
0.9999945760
0.9999945164
0.9999940395
0.9999938607
0.9999953508
0.9999963641
0.9999935627
0.9999937415
0.9999948144
0.9999964237
0.9999940991
0.9999949932
0.9999937415
0.9999936819
0.9999954700
0.9999952316
0.9999942183
0.9999951720
0.9999946356
0.9999939203
0.9999951124
0.9999923110
0.9999943972
0.9999959469
0.9999948144
0.9999958277
0.9999951124
0.9999943972
0.9999948740
0.9999938011
0.9999939799
0.9999953508
0.9999948740
0.9999970198
0.9999939203
0.9999942183
0.9999942780
0.9999949932
0.9999966025
0.9999955893
0.9999955893
0.9999954104
0.9999939203
0.9999933243
0.9999955297
0.9999936819
0.9999946356
0.9999961853
0.9999957085
0.9999961257
0.9999966621
0.9999959469
0.9999946356
0.9999949932
0.9999963045
0.9999939203
0.9999954700
0.9999943972
0.9999943376
0.9999961853
0.9999960661
0.9999957085
0.9999943972
0.9999932051
0.9999952316
0.9999954104
0.9999942780
0.9999938011
0.9999941587
0.9999954104
0.9999940395
0.9999955893
0.9999952316
0.9999955893
0.9999962449
0.9999943376
0.9999952316
0.9999943972
0.9999958277
0.9999947548
0.9999962449
0.9999964237
0.9999961853
0.9999944568
0.9999965429
0.9999973774
0.9999952316
0.9999948144
0.9999951124
0.9999959469
0.9999952316
0.9999946356
0.9999933839
0.9999938011
0.9999960661
0.9999954700
0.9999951124
0.9999952912
0.9999939203
0.9999939203
0.9999958277
0.9999942780
0.9999957681
0.9999963641
0.9999960065
0.9999938607
0.9999958873
0.9999948144
0.9999961257
0.9999959469
0.9999952316
0.9999936819
0.9999946356
0.9999936819
0.9999948740
0.9999961853
0.9999942780
0.9999963045
0.9999938011
0.9999958277
0.9999952316
0.9999959469
0.9999965429
0.9999961853
0.9999961853
0.9999937415
0.9999946356
0.9999931455
0.9999970198
0.9999963045
0.9999946952
0.9999935031
0.9999977350
0.9999940395
0.9999969006
0.9999959469
0.9999950528
0.9999957085
0.9999954700
0.9999928474
0.9999951124
0.9999948144
0.9999951720
0.9999974370
0.9999954700
0.9999966621
0.9999947548
0.9999958277
0.9999958277
0.9999943972
0.9999942780
0.9999961853
0.9999946356
0.9999963045
0.9999958277
0.9999952316
0.9999936819
0.9999946356
0.9999955893
0.9999938011
0.9999954104
0.9999943376
0.9999947548
0.9999941587
0.9999958277
0.9999949932
0.9999953508
0.9999934435
0.9999936819
0.9999968410
0.9999961853
0.9999948144
0.9999946356
0.9999955297
0.9999951124
0.9999952316
0.9999964237
0.9999955893
0.9999942780
0.9999938011
0.9999939203
0.9999967813
0.9999954700
0.9999960661
0.9999933243
0.9999945164
0.9999968410
0.9999963641
0.9999942780
0.9999951720
0.9999946356
0.9999971390
0.9999964833
0.9999940395
0.9999946356
0.9999939203
0.9999934435
0.9999940991
0.9999949932
0.9999945164
0.9999936819
0.9999959469
0.9999929667
0.9999960661
0.9999945164
0.9999945164
0.9999941587
0.9999966621
0.9999951124
0.9999949932
0.9999951124
0.9999943972
0.9999963045
0.9999965429
0.9999951124
0.9999945164
0.9999958277
0.9999951720
0.9999951124
0.9999930263
0.9999936819
0.9999964237
0.9999955893
0.9999961853
0.9999958277
0.9999932051
0.9999953508
0.9999945164
0.9999963641
0.9999958277
0.9999959469
0.9999951124
0.9999958873
0.9999951124
0.9999939203
0.9999954104
0.9999967217
0.9999955893
0.9999965429
0.9999930859
0.9999955893
0.9999946356
0.9999942183
0.9999955893
0.9999948144
0.9999953508
0.9999952316
0.9999953508
0.9999946356
0.9999945760
0.9999943972
0.9999948740
0.9999952912
0.9999942183
0.9999947548
0.9999961853
0.9999961853
0.9999966025
0.9999933243
0.9999954700
0.9999948740
0.9999952316
0.9999955893
0.9999954700
0.9999957681
0.9999951124
0.9999960065
0.9999974370
0.9999961257
0.9999945164
0.9999945164
0.9999952316
0.9999966025
0.9999966621
0.9999947548
0.9999947548
0.9999958873
0.9999959469
0.9999951720
0.9999951124
0.9999954700
0.9999953508
0.9999966621
0.9999957085
0.9999971986
0.9999959469
0.9999941587
0.9999974966
0.9999952912
0.9999971390
0.9999959469
0.9999954700
0.9999946952
0.9999946356
0.9999963045
0.9999951124
0.9999949932
0.9999945164
0.9999957085
0.9999959469
0.9999958277
0.9999962449
0.9999951124
0.9999957085
0.9999941587
0.9999954700
0.9999948740
0.9999941587
0.9999934435
0.9999960661
0.9999955893
0.9999952316
0.9999951124
0.9999955297
0.9999949932
0.9999927878
0.9999954104
0.9999964237
0.9999951720
0.9999961257
0.9999938011
0.9999949932
0.9999936223
0.9999935627
0.9999947548
0.9999927282
0.9999951124
0.9999954104
0.9999961257
0.9999964237
0.9999938011
0.9999952316
0.9999958277
0.9999963045
0.9999946356
0.9999933243
0.9999947548
0.9999958277
0.9999952316
0.9999967813
0.9999960661
0.9999939203
0.9999933243
0.9999967217
0.9999948740
0.9999941587
0.9999945164
0.9999960661
0.9999951720
0.9999940395
0.9999964237
0.9999948144
0.9999933243
0.9999939799
0.9999953508
0.9999945164
0.9999957681
0.9999965429
0.9999946356
0.9999939203
0.9999948740
0.9999943376
0.9999941587
0.9999954104
0.9999952316
0.9999942183
0.9999942183
0.9999941587
0.9999947548
0.9999945760
0.9999957085
0.9999947548
0.9999955893
0.9999935031
0.9999939799
0.9999949932
0.9999959469
0.9999957085
0.9999969006
0.9999942780
0.9999948740
0.9999961853
0.9999959469
0.9999957085
0.9999934435
0.9999946356
0.9999947548
0.9999949932
0.9999958277
0.9999932051
0.9999942780
0.9999955297
0.9999933243
0.9999924898
0.9999948740
0.9999959469
0.9999960065
0.9999950528
0.9999954104
0.9999945164
0.9999963045
0.9999942780
0.9999973774
0.9999938011
0.9999933243
0.9999953508
0.9999946356
0.9999957085
0.9999954700
0.9999958277
0.9999949932
0.9999945164
0.9999948740
0.9999941587
0.9999963045
0.9999948740
0.9999946356
0.9999947548
0.9999953508
0.9999951124
0.9999933243
0.9999942780
0.9999955893
0.9999957085
0.9999955297
0.9999957085
0.9999949932
0.9999960661
0.9999940395
0.9999959469
0.9999948740
0.9999938011
0.9999941587
0.9999957681
0.9999964237
0.9999954700
0.9999945164
0.9999952316
0.9999943972
0.9999949336
0.9999980927
0.9999949932
0.9999946356
0.9999973774
0.9999957085
0.9999946356
0.9999942183
0.9999957085
0.9999960661
0.9999956489
0.9999957085
0.9999960661
0.9999948740
0.9999930859
0.9999960661
0.9999946356
0.9999958873
0.9999939203
0.9999946356
0.9999969006
0.9999950528
0.9999939799
0.9999952316
0.9999951124
0.9999961853
0.9999962449
0.9999945164
0.9999967813
0.9999941587
0.9999960661
0.9999941587
0.9999938011
0.9999944568
0.9999963045
0.9999946952
0.9999925494
0.9999957085
0.9999943972
0.9999933243
0.9999952316
0.9999964833
0.9999957085
0.9999946356
0.9999942780
0.9999957085
0.9999955893
0.9999955893
0.9999941587
0.9999957085
0.9999958277
0.9999958277
0.9999958277
0.9999959469
0.9999947548
0.9999958277
0.9999943376
0.9999949932
0.9999957085
0.9999960661
0.9999953508
0.9999941587
0.9999955893
0.9999937415
0.9999960661
0.9999960065
0.9999946356
0.9999956489
0.9999961853
0.9999955893
0.9999959469
0.9999951124
0.9999961853
0.9999955297
0.9999947548
0.9999938011
0.9999951124
0.9999957681
0.9999969006
0.9999960065
0.9999939203
0.9999954700
0.9999948144
0.9999952912
0.9999942780
0.9999933243
0.9999945164
0.9999938011
0.9999954700
0.9999933243
0.9999942780
0.9999953508
0.9999948144
0.9999955893
0.9999945760
0.9999955893
0.9999948144
0.9999955893
0.9999934435
0.9999955297
0.9999942780
0.9999952316
0.9999923110
0.9999963045
0.9999960661
0.9999945760
0.9999934435
0.9999964833
0.9999961853
0.9999946952
0.9999961257
0.9999953508
0.9999958873
0.9999943972
0.9999947548
0.9999954700
0.9999954700
0.9999946356
0.9999954700
0.9999951720
0.9999942780
0.9999934435
0.9999948740
0.9999946356
0.9999952316
0.9999941587
0.9999946356
0.9999976754
0.9999971390
0.9999927282
0.9999971390
0.9999941587
0.9999960661
0.9999939203
0.9999950528
0.9999945760
0.9999957681
0.9999948740
0.9999941587
0.9999963641
0.9999945164
0.9999933839
0.9999948740
0.9999955893
0.9999959469
0.9999951124
0.9999951124
0.9999953508
0.9999953508
0.9999939203
0.9999943376
0.9999943972
0.9999955297
0.9999956489
0.9999959469
0.9999933243
0.9999936223
0.9999972582
0.9999958277
0.9999951720
0.9999958277
0.9999954700
0.9999943972
0.9999952316
0.9999942183
0.9999960661
0.9999948740
0.9999960065
0.9999953508
0.9999955893
0.9999972582
0.9999967813
0.9999940395
0.9999939799
0.9999961853
0.9999969602
0.9999966025
0.9999951124
0.9999952316
0.9999948740
0.9999969602
0.9999962449
0.9999932051
0.9999950528
0.9999951124
0.9999955297
0.9999967813
0.9999942780
0.9999942780
0.9999957085
0.9999940395
0.9999954700
0.9999954700
0.9999949932
0.9999938011
0.9999963045
0.9999938011
0.9999963045
0.9999948740
0.9999953508
0.9999963045
0.9999955893
0.9999945164
0.9999966621
0.9999974370
0.9999957085
0.9999957085
0.9999955893
0.9999960661
0.9999954700
0.9999958873
0.9999960661
0.9999960661
0.9999936819
0.9999953508
0.9999964237
0.9999948740
0.9999960661
0.9999957085
0.9999961257
0.9999942780
0.9999946356
0.9999940395
0.9999940395
0.9999948740
0.9999942780
0.9999957681
0.9999930263
0.9999946356
0.9999939203
0.9999940395
0.9999953508
0.9999960661
0.9999959469
0.9999952316
0.9999940395
0.9999956489
0.9999935627
0.9999944568
0.9999929667
0.9999947548
0.9999942183
0.9999961853
0.9999943972
0.9999948740
0.9999968410
0.9999938011
0.9999949932
0.9999950528
0.9999951124
0.9999944568
0.9999945164
0.9999940395
0.9999940395
0.9999957085
0.9999963045
0.9999942780
0.9999935627
0.9999934435
0.9999971390
0.9999952316
0.9999965429
0.9999938011
0.9999930263
0.9999949932
0.9999951124
0.9999949932
0.9999945164
0.9999943972
0.9999958277
0.9999966621
0.9999941587
0.9999941587
0.9999952316
0.9999967217
0.9999946356
0.9999954104
0.9999943972
0.9999942780
0.9999958873
0.9999957085
0.9999948144
0.9999955893
0.9999951124
0.9999944568
0.9999954700
0.9999930859
0.9999948144
0.9999962449
0.9999952316
0.9999961853
0.9999954700
0.9999949932
0.9999953508
0.9999943972
0.9999943972
0.9999958277
0.9999954104
0.9999972582
0.9999946356
