0.9999849200
0.9999868870
0.9999858141
0.9999766350
0.9999865294
0.9999859929
0.9999880791
0.9999836087
0.9999858737
0.9999879599
0.9999840260
0.9999858141
0.9999868274
0.9999859333
0.9999890327
0.9999860525
0.9999904633
0.9999871254
0.9999917746
0.9999841452
0.9999840856
0.9999855757
0.9999841452
0.9999847412
0.9999880791
0.9999882579
0.9999854565
0.9999853373
0.9999837875
0.9999862313
0.9999852180
0.9999879599
0.9999852180
0.9999890924
0.9999858141
0.9999879599
0.9999786615
0.9999880791
0.9999830723
0.9999861717
0.9999899864
0.9999886751
0.9999840260
0.9999845028
0.9999855757
0.9999902248
0.9999805689
0.9999860525
0.9999825358
0.9999834299
0.9999831915
0.9999887943
0.9999840260
0.9999811649
0.9999830723
0.9999852777
0.9999833107
0.9999880791
0.9999844432
0.9999821782
0.9999843836
0.9999812841
0.9999805689
0.9999889135
0.9999881387
0.9999849200
0.9999842048
0.9999870062
0.9999836087
0.9999876022
0.9999836683
0.9999853373
0.9999837875
0.9999809861
0.9999849200
0.9999816418
0.9999849200
0.9999890327
0.9999891520
0.9999861717
0.9999823570
0.9999848604
0.9999856949
0.9999817610
0.9999819994
0.9999843836
0.9999918938
0.9999853969
0.9999855757
0.9999853373
0.9999864101
0.9999853969
0.9999871850
0.9999885559
0.9999892116
0.9999833703
0.9999840856
0.9999879599
0.9999877810
0.9999829531
0.9999927282
0.9999858737
0.9999822378
0.9999847412
0.9999854565
0.9999874830
0.9999815226
0.9999839067
0.9999876618
0.9999867678
0.9999834299
0.9999849796
0.9999893904
0.9999845624
0.9999876022
0.9999859929
0.9999898672
0.9999820590
0.9999877214
0.9999885559
0.9999879003
0.9999819994
0.9999875426
0.9999847412
0.9999883175
0.9999866486
0.9999866486
0.9999821782
0.9999866486
0.9999843836
0.9999825358
0.9999852180
0.9999907613
0.9999849796
0.9999823570
0.9999898672
0.9999814034
0.9999810457
0.9999842048
0.9999880195
0.9999835491
0.9999821782
0.9999839067
0.9999852180
0.9999833107
0.9999790192
0.9999876022
0.9999849796
0.9999847412
0.9999874830
0.9999815822
0.9999867082
0.9999870658
0.9999853373
0.9999831915
0.9999833107
0.9999847412
0.9999872446
0.9999877810
0.9999817610
0.9999815226
0.9999857545
0.9999853373
0.9999868870
0.9999840856
0.9999873638
0.9999853373
0.9999853373
0.9999886751
0.9999833107
0.9999840260
0.9999834895
0.9999800920
0.9999856949
0.9999896884
0.9999857545
0.9999878407
0.9999852777
0.9999817610
0.9999817610
0.9999879599
0.9999855757
0.9999874830
0.9999892712
0.9999796152
0.9999860525
0.9999884963
0.9999850392
0.9999843836
0.9999835491
0.9999814630
0.9999834299
0.9999874830
0.9999853969
0.9999857545
0.9999849796
0.9999833703
0.9999873638
0.9999836683
0.9999793768
0.9999866486
0.9999831915
0.9999823570
0.9999884367
0.9999885559
0.9999864101
0.9999872446
0.9999883175
0.9999854565
0.9999853969
0.9999908805
0.9999834895
0.9999862909
0.9999904037
0.9999853373
0.9999879599
0.9999843240
0.9999833107
0.9999858141
0.9999812841
0.9999881983
0.9999875426
0.9999864101
0.9999865294
0.9999824762
0.9999859929
0.9999855757
0.9999843240
0.9999816418
0.9999821186
0.9999846220
0.9999876618
0.9999865294
0.9999847412
0.9999812841
0.9999895096
0.9999881983
0.9999839067
0.9999839067
0.9999824762
0.9999846220
0.9999788404
0.9999811649
0.9999817610
0.9999837875
0.9999825954
0.9999889135
0.9999877214
0.9999836683
0.9999850988
0.9999833107
0.9999865294
0.9999881983
0.9999848604
0.9999899864
0.9999862909
0.9999793172
0.9999800920
0.9999809265
0.9999871254
0.9999883175
0.9999833703
0.9999942780
0.9999880195
0.9999861717
0.9999903440
0.9999831915
0.9999855757
0.9999849200
0.9999836087
0.9999843836
0.9999886751
0.9999816418
0.9999836683
0.9999881387
0.9999850988
0.9999897480
0.9999857545
0.9999844432
0.9999810457
0.9999870062
0.9999858141
0.9999823570
0.9999847412
0.9999839067
0.9999845028
0.9999869466
0.9999887347
0.9999787211
0.9999833703
0.9999862909
0.9999826550
0.9999858737
0.9999841452
0.9999867678
0.9999836683
0.9999876022
0.9999833703
0.9999818802
0.9999814034
0.9999849200
0.9999808073
0.9999865294
0.9999831319
0.9999870062
0.9999856949
0.9999874830
0.9999855161
0.9999860525
0.9999862909
0.9999860525
0.9999892712
0.9999843836
0.9999859333
0.9999822378
0.9999870062
0.9999816418
0.9999884367
0.9999879599
0.9999847412
0.9999826550
0.9999798536
0.9999914169
0.9999889135
0.9999805689
0.9999810457
0.9999849796
0.9999812841
0.9999867082
0.9999833107
0.9999830723
0.9999886751
0.9999786615
0.9999853969
0.9999876022
0.9999844432
0.9999847412
0.9999884367
0.9999848008
0.9999842644
0.9999874830
0.9999876022
0.9999819994
0.9999813437
0.9999817610
0.9999854565
0.9999839067
0.9999854565
0.9999862313
0.9999887943
0.9999850988
0.9999862909
0.9999818802
0.9999861717
0.9999819994
0.9999889731
0.9999854565
0.9999775887
0.9999864697
0.9999881983
0.9999881983
0.9999835491
0.9999833703
0.9999818206
0.9999830723
0.9999879599
0.9999890327
0.9999867678
0.9999833107
0.9999889135
0.9999868870
0.9999829531
0.9999845028
0.9999831915
0.9999867678
0.9999868870
0.9999870658
0.9999893904
0.9999831915
0.9999892712
0.9999894500
0.9999832511
0.9999819994
0.9999824762
0.9999845028
0.9999846220
0.9999879599
0.9999871254
0.9999852180
0.9999874830
0.9999876022
0.9999851584
0.9999866486
0.9999847412
0.9999861717
0.9999846220
0.9999869466
0.9999853373
0.9999894500
0.9999887347
0.9999858141
0.9999876022
0.9999829531
0.9999860525
0.9999838471
0.9999873638
0.9999833703
0.9999861717
0.9999856949
0.9999816418
0.9999862909
0.9999866486
0.9999825954
0.9999836683
0.9999860525
0.9999855161
0.9999865294
0.9999873042
0.9999835491
0.9999874830
0.9999858141
0.9999850392
0.9999878407
0.9999819994
0.9999841452
0.9999905229
0.9999879599
0.9999883771
0.9999823570
0.9999850988
0.9999885559
0.9999879599
0.9999836683
0.9999851584
0.9999877214
0.9999834299
0.9999850988
0.9999855161
0.9999880791
0.9999877214
0.9999892116
0.9999877214
0.9999816418
0.9999890924
0.9999831915
0.9999845028
0.9999847412
0.9999860525
0.9999817610
0.9999819994
0.9999892712
0.9999904037
0.9999822378
0.9999858737
0.9999840260
0.9999812841
0.9999856949
0.9999873638
0.9999870062
0.9999834299
0.9999822378
0.9999828339
0.9999846220
0.9999866486
0.9999876618
0.9999861121
0.9999812841
0.9999904633
0.9999882579
0.9999859333
0.9999828339
0.9999845624
0.9999898076
0.9999884367
0.9999861717
0.9999812841
0.9999876022
0.9999825954
0.9999816418
0.9999889135
0.9999897480
0.9999865294
0.9999871254
0.9999858141
0.9999823570
0.9999879599
0.9999817610
0.9999859333
0.9999861717
0.9999816418
0.9999870658
0.9999844432
0.9999859333
0.9999859333
0.9999890327
0.9999778271
0.9999834299
0.9999842644
0.9999890924
0.9999824166
0.9999859333
0.9999872446
0.9999883771
0.9999885559
0.9999815822
0.9999874830
0.9999785423
0.9999829531
0.9999874234
0.9999860525
0.9999820590
0.9999800324
0.9999831915
0.9999846816
0.9999843836
0.9999855161
0.9999886751
0.9999884367
0.9999835491
0.9999905229
0.9999828935
0.9999855757
0.9999867082
0.9999837875
0.9999865890
0.9999855757
0.9999859333
0.9999861717
0.9999907017
0.9999861717
0.9999810457
0.9999841452
0.9999853969
0.9999837875
0.9999840260
0.9999860525
0.9999809265
0.9999835491
0.9999860525
0.9999861121
0.9999907017
0.9999899864
0.9999816418
0.9999825954
0.9999849796
0.9999897480
0.9999836683
0.9999861717
0.9999873638
0.9999870062
0.9999878407
0.9999833107
0.9999872446
0.9999803305
0.9999851584
0.9999865890
0.9999817014
0.9999863505
0.9999825954
0.9999874830
0.9999823570
0.9999853373
0.9999860525
0.9999882579
0.9999883771
0.9999859333
0.9999846220
0.9999799132
0.9999839067
0.9999881983
0.9999821186
0.9999828339
0.9999858737
0.9999865294
0.9999915361
0.9999842048
0.9999842644
0.9999879599
0.9999762774
0.9999854565
0.9999846816
0.9999848604
0.9999844432
0.9999879599
0.9999856949
0.9999883771
0.9999841452
0.9999872446
0.9999829531
0.9999836683
0.9999876022
0.9999899864
0.9999841452
0.9999836683
0.9999834299
0.9999842048
0.9999834299
0.9999843836
0.9999833107
0.9999858141
0.9999869466
0.9999885559
0.9999853373
0.9999858737
0.9999853373
0.9999930859
0.9999855757
0.9999826550
0.9999874234
0.9999830723
0.9999857545
0.9999887943
0.9999890327
0.9999856949
0.9999881983
0.9999828935
0.9999836683
0.9999817610
0.9999847412
0.9999858141
0.9999860525
0.9999881983
0.9999853373
0.9999861717
0.9999834895
0.9999827147
0.9999819994
0.9999852180
0.9999843836
0.9999814034
0.9999853969
0.9999873638
0.9999837875
0.9999827147
0.9999847412
0.9999819994
0.9999880791
0.9999806881
0.9999837875
0.9999877810
0.9999817610
0.9999808073
0.9999818206
0.9999839067
0.9999865294
0.9999867678
0.9999847412
0.9999834299
0.9999871254
0.9999866486
0.9999888539
0.9999859333
0.9999852180
0.9999834895
0.9999888539
0.9999856949
0.9999865890
0.9999902248
0.9999879599
0.9999847412
0.9999872446
0.9999841452
0.9999908209
0.9999809861
0.9999862909
0.9999806881
0.9999836087
0.9999847412
0.9999912381
0.9999826550
0.9999908209
0.9999861717
0.9999860525
0.9999858737
0.9999841452
0.9999914169
0.9999821186
0.9999836683
0.9999853373
0.9999858141
0.9999874830
0.9999883175
0.9999886155
0.9999817610
0.9999893904
0.9999885559
0.9999865294
0.9999855757
0.9999845028
0.9999815226
0.9999814034
0.9999869466
0.9999867678
0.9999899864
0.9999846220
0.9999887943
0.9999891520
0.9999867678
0.9999865294
0.9999852180
0.9999841452
0.9999822378
0.9999832511
0.9999870658
0.9999855161
0.9999810457
0.9999904037
0.9999901056
0.9999824762
0.9999811053
0.9999881387
0.9999876022
0.9999884367
0.9999908209
0.9999820590
0.9999841452
0.9999871254
0.9999840260
0.9999842644
0.9999868870
0.9999839067
0.9999880791
0.9999861121
0.9999850392
0.9999873638
0.9999843836
0.9999864697
0.9999870062
0.9999846220
0.9999827147
0.9999853373
0.9999879599
0.9999877810
0.9999872446
0.9999856949
0.9999842048
0.9993683100
0.9993165731
0.9995572567
0.9984552860
0.9994497299
0.9991294742
0.9994506240
0.9995148182
0.9991995096
0.9993808866
0.9995696545
0.9990803003
0.9994575977
0.9993363023
0.9994330406
0.9994657040
0.9995030165
0.9993809462
0.9996691942
0.9988808036
0.9992794991
0.9993751645
0.9989850521
0.9991201162
0.9996913671
0.9995435476
0.9994039536
0.9991977215
0.9992030859
0.9995237589
0.9994797707
0.9993929863
0.9994584322
0.9994305372
0.9995040298
0.9997714758
0.9987707138
0.9997653961
0.9995094538
0.9995675683
0.9993337393
0.9996452332
0.9995095730
0.9996502399
0.9993546009
0.9994837046
0.9989916086
0.9990410805
0.9995876551
0.9991333485
0.9996318817
0.9996480942
0.9994596839
0.9992547035
0.9993402362
0.9995917082
0.9992636442
0.9993206263
0.9993477464
0.9992964268
0.9990239739
0.9991367459
0.9990289211
0.9995564222
0.9995424747
0.9995015860
0.9991415143
0.9995001554
0.9990403652
0.9996204376
0.9988926649
0.9991550446
0.9994211197
0.9991644621
0.9994095564
0.9994987249
0.9988694191
0.9996201992
0.9996278286
0.9993556738
0.9989938736
0.9996238947
0.9988512993
0.9993865490
0.9993216991
0.9996200800
0.9995386004
0.9989563227
0.9995009899
0.9995864630
0.9992772937
0.9994339943
0.9993919134
0.9995207191
0.9996936917
0.9994512796
0.9994775057
0.9995728731
0.9995667934
0.9994065762
0.9996151924
0.9990791082
0.9992660880
0.9993153811
0.9994603992
0.9987125993
0.9995194674
0.9995475411
0.9994874001
0.9995044470
0.9991406798
0.9992033839
0.9993795156
0.9991375208
0.9995339513
0.9993404150
0.9995074868
0.9994505644
0.9995360374
0.9993357658
0.9993685484
0.9989501238
0.9989013076
0.9994727969
0.9990713000
0.9993762970
0.9995027781
0.9992457032
0.9993115664
0.9992835522
0.9990398288
0.9994764328
0.9996076822
0.9993079901
0.9986165762
0.9994982481
0.9990257621
0.9983935952
0.9992687702
0.9994559884
0.9992063046
0.9994606972
0.9988113642
0.9992372990
0.9994709492
0.9994574785
0.9995275736
0.9994499087
0.9992178679
0.9995584488
0.9990962744
0.9991176724
0.9992926121
0.9993135929
0.9994905591
0.9993878007
0.9994744658
0.9996727705
0.9996520877
0.9993536472
0.9992040396
0.9993984103
0.9993656874
0.9993998408
0.9993835688
0.9993376732
0.9985805750
0.9989043474
0.9995219707
0.9994118214
0.9994547367
0.9996991158
0.9991120100
0.9989833832
0.9995863438
0.9994850159
0.9996513724
0.9990615249
0.9989356399
0.9991437197
0.9994271398
0.9993032217
0.9995694757
0.9994412065
0.9995819330
0.9995440841
0.9993574023
0.9990280271
0.9993970394
0.9994428158
0.9988321662
0.9995200634
0.9995512962
0.9993526936
0.9995540977
0.9996045232
0.9990353584
0.9997566938
0.9993913174
0.9994137883
0.9991004467
0.9988686442
0.9992724657
0.9994609952
0.9996467829
0.9995782375
0.9990487099
0.9995119572
0.9994222522
0.9994262457
0.9995819926
0.9987057447
0.9993695021
0.9995208979
0.9989215732
0.9996216297
0.9993679523
0.9994369745
0.9995474815
0.9993988872
0.9994282722
0.9995793104
0.9995551109
0.9997118115
0.9995665550
0.9994714260
0.9995387793
0.9991086721
0.9991693497
0.9986577034
0.9991650581
0.9994846582
0.9995214343
0.9991483688
0.9992818832
0.9996002913
0.9993842840
0.9993865490
0.9990018606
0.9995605946
0.9992390275
0.9989447594
0.9992004633
0.9991343021
0.9996461868
0.9991021156
0.9996763468
0.9992329478
0.9996339083
0.9996631742
0.9993420839
0.9995350242
0.9995347261
0.9993307590
0.9997444153
0.9993605018
0.9995419979
0.9994740486
0.9994450808
0.9995927215
0.9992413521
0.9993000031
0.9997724891
0.9993892908
0.9995738268
0.9995626211
0.9994572401
0.9994165301
0.9995711446
0.9991940260
0.9994181395
0.9996553063
0.9995981455
0.9994390011
0.9995360374
0.9992981553
0.9996631145
0.9991542101
0.9994297624
0.9989720583
0.9990261793
0.9991832972
0.9994201660
0.9992435575
0.9987633824
0.9992413521
0.9994653463
0.9995684624
0.9990868568
0.9995949268
0.9989608526
0.9989626408
0.9997167587
0.9995967746
0.9995589256
0.9993312359
0.9993307590
0.9991331100
0.9994729757
0.9992417097
0.9996536374
0.9994585514
0.9996732473
0.9995304346
0.9996534586
0.9994996786
0.9997709990
0.9994800091
0.9994735718
0.9995425940
0.9995554686
0.9993568659
0.9995771646
0.9995329380
0.9989274740
0.9992804527
0.9995689988
0.9992678165
0.9993530512
0.9995676279
0.9989476204
0.9983475804
0.9994550943
0.9996790886
0.9993917346
0.9990750551
0.9992022514
0.9993942976
0.9993976951
0.9993695021
0.9995424747
0.9993185997
0.9990785122
0.9993071556
0.9993082285
0.9995059967
0.9993388653
0.9992542267
0.9993422031
0.9991767406
0.9996193647
0.9994643927
0.9994004965
0.9991635084
0.9994136095
0.9995115995
0.9988669753
0.9995470047
0.9991602898
0.9995119572
0.9995027781
0.9995893240
0.9992932081
0.9991821051
0.9991980791
0.9997170568
0.9994074702
0.9991058111
0.9994243383
0.9995541573
0.9995118380
0.9994624853
0.9994922876
0.9990596771
0.9992775917
0.9989685416
0.9994928837
0.9996893406
0.9991695881
0.9996467233
0.9989277124
0.9994428158
0.9996352196
0.9993116856
0.9992362261
0.9997552633
0.9995666742
0.9995597005
0.9993807077
0.9994860888
0.9994945526
0.9995170832
0.9991254807
0.9997056127
0.9996371865
0.9994984269
0.9994614720
0.9988492727
0.9992880821
0.9991445541
0.9991750717
0.9993591309
0.9992585182
0.9990552664
0.9993717670
0.9994019270
0.9994794130
0.9995176196
0.9996928573
0.9996162653
0.9993072748
0.9994823933
0.9989253283
0.9992487431
0.9996902943
0.9995284081
0.9990595579
0.9995007515
0.9996079206
0.9995686412
0.9993952513
0.9995734692
0.9994324446
0.9992756844
0.9992611408
0.9991917610
0.9993530512
0.9991372824
0.9989179373
0.9994164705
0.9994689226
0.9994086027
0.9993578196
0.9991901517
0.9992319345
0.9995645285
0.9992670417
0.9996061325
0.9993178844
0.9991829395
0.9994693398
0.9995333552
0.9995424747
0.9990619421
0.9996519089
0.9989985228
0.9994493723
0.9993741512
0.9995408654
0.9994974136
0.9993540645
0.9994396567
0.9990786314
0.9996253252
0.9993401766
0.9993845224
0.9993288517
0.9996356368
0.9992155433
0.9994143844
0.9993960857
0.9996442795
0.9989895225
0.9992676973
0.9994416237
0.9988415837
0.9996467233
0.9993490577
0.9995993376
0.9995347857
0.9995405674
0.9991218448
0.9989893436
0.9996503592
0.9997520447
0.9996805191
0.9990226626
0.9991090894
0.9995133877
0.9996508360
0.9991500378
0.9993572235
0.9994966984
0.9996282458
0.9997076988
0.9993138313
0.9997193813
0.9992518425
0.9991979599
0.9995937347
0.9993890524
0.9996042252
0.9995606542
0.9993834496
0.9993941188
0.9996699095
0.9987353086
0.9992658496
0.9988665581
0.9988887906
0.9992787838
0.9992693663
0.9992115498
0.9994834661
0.9996759892
0.9988341331
0.9989861250
0.9990341663
0.9995512366
0.9996793270
0.9991461039
0.9995557070
0.9995828867
0.9995833039
0.9993284941
0.9994806051
0.9993317127
0.9995539188
0.9994850159
0.9996754527
0.9990656376
0.9989994764
0.9991533756
0.9991155267
0.9991969466
0.9994573593
0.9995357394
0.9994530678
0.9993250370
0.9996166825
0.9993726611
0.9997272491
0.9993858337
0.9989553094
0.9995597601
0.9993324876
0.9992366433
0.9993026257
0.9994961023
0.9995665550
0.9987713099
0.9989446998
0.9993822575
0.9992820024
0.9994629622
0.9993137717
0.9993975163
0.9993232489
0.9994551539
0.9992410541
0.9993150234
0.9993690252
0.9991374016
0.9992067218
0.9995392561
0.9997586012
0.9990439415
0.9995989799
0.9997549653
0.9994416237
0.9996317625
0.9987632632
0.9997250438
0.9994520545
0.9995114803
0.9990621805
0.9996282458
0.9995274544
0.9987823963
0.9993686676
0.9992073774
0.9988394976
0.9994525909
0.9993044138
0.9993810654
0.9992954135
0.9995967150
0.9990981817
0.9993168116
0.9994337559
0.9986083508
0.9993529320
0.9992020130
0.9994663596
0.9994879961
0.9993698001
0.9994800091
0.9993913770
0.9987098575
0.9992216825
0.9990156889
0.9988778234
0.9991796017
0.9994138479
0.9995611906
0.9995316267
0.9995117188
0.9994535446
0.9992152452
0.9993295074
0.9993638992
0.9992619753
0.9995099306
0.9995139837
0.9994555712
0.9989658594
0.9993057251
0.9994885921
0.9993441105
0.9991088510
0.9995436668
0.9992768168
0.9994826317
0.9994412661
0.9991630316
0.9996898174
0.9993407726
0.9994325638
0.9994129539
0.9995528460
0.9991919398
0.9994937778
0.9995257258
0.9993616343
0.9995752573
0.9995443821
0.9994752407
0.9994262457
0.9994469285
0.9993964434
0.9994592667
0.9994639158
0.9992060661
0.9990453720
0.9991165996
0.9991201162
0.9986018538
0.9992354512
0.9991888404
0.9991264343
0.9996134043
0.9996684790
0.9993834496
0.9993422031
0.9994504452
0.9990534782
0.9995164871
0.9995157123
0.9995040298
0.9995332956
0.9992696047
0.9989408255
0.9992625117
0.9992455244
0.9996898174
0.9996178746
0.9991406202
0.9991633892
0.9996595383
0.9994834065
0.9995021820
0.9995182753
0.9994213581
0.9995619059
0.9995428324
0.9994302988
0.9995239973
0.9995353222
0.9995203018
0.9991414547
0.9995155931
0.9989047050
0.9995456934
0.9994568825
0.9995501041
0.9993920326
0.9991574287
0.9991977215
0.9994369149
0.9994457960
0.9993798733
0.9995580912
0.9998073578
0.9992589951
0.9991948605
0.9996321201
0.9994722605
0.9995497465
0.9993381500
0.9994531870
0.9994643927
0.9988640547
0.9997546077
0.9992002845
0.9996798038
0.9994843006
0.9995104671
0.9988123178
0.9991385937
0.9990917444
0.9987416267
0.9988358617
0.9991386533
0.9995343685
0.9995536208
0.9990444183
0.9996379614
0.9991044998
0.9995127916
0.9993934631
0.9993508458
0.9992597699
0.9989920855
0.9994561672
0.9992559552
0.9994602203
0.9995633960
0.9995922446
0.9991285801
0.9994649887
0.9994839430
0.9993400574
0.9992959499
0.9995629191
0.9995715618
0.9993603230
0.9994553328
0.9995806813
0.9992533922
0.9995455742
0.9994378090
0.9997061491
0.9996049404
0.9992327094
0.9994373322
0.9994817972
0.9996211529
0.9995408058
0.9995504618
0.9995705485
0.9991822243
0.9995183349
0.9995515347
0.9994990826
0.9988055825
0.9992182255
0.9993003607
0.9993328452
0.9995585680
0.9984859824
0.9994098544
0.9991492033
0.9994184971
0.9994895458
0.9991693497
0.9993045926
0.9995160103
0.9990807772
0.9994561672
0.9993132949
0.9994422197
0.9994194508
0.9995111227
0.9993211031
0.9996467829
0.9989593029
0.9992542267
0.9993552566
0.9990887642
0.9991693497
0.9996774197
0.9995583296
0.9994521141
0.9992430210
0.9992610812
0.9994653463
0.9994566441
0.9993489385
0.9994704127
0.9994140863
0.9995101690
0.9997489452
0.9986703396
0.9997632504
0.9994852543
0.9995511770
0.9993380308
0.9996625185
0.9994542003
0.9996133447
0.9993282557
0.9994997978
0.9989606142
0.9989414215
0.9995630383
0.9990873337
0.9995788336
0.9996484518
0.9994152784
0.9992419481
0.9993172884
0.9995548725
0.9992419481
0.9993084073
0.9992998838
0.9992336631
0.9990028143
0.9991618395
0.9990141392
0.9995831251
0.9994673729
0.9994802475
0.9991623163
0.9995144606
0.9990712404
0.9995959401
0.9988366365
0.9991736412
0.9993525743
0.9991215467
0.9994214773
0.9994558096
0.9988771081
0.9995970726
0.9995988011
0.9994185567
0.9989627600
0.9995937943
0.9989015460
0.9993557334
0.9993149638
0.9995735288
0.9994669557
0.9990720749
0.9994782209
0.9995832443
0.9992866516
0.9993153214
0.9993654490
0.9994661212
0.9996264577
0.9994470477
0.9994377494
0.9995502234
0.9995250702
0.9993513227
0.9996213913
0.9990928173
0.9992848635
0.9993048310
0.9994055033
0.9987890720
0.9994916916
0.9995068908
0.9995024204
0.9994831085
0.9991134405
0.9992188811
0.9993739724
0.9991687536
0.9994997978
0.9993898869
0.9994657040
0.9993983507
0.9995095730
0.9993290305
0.9993350506
0.9990199208
0.9989267588
0.9994506836
0.9991577864
0.9993319511
0.9994990826
0.9992023706
0.9992872477
0.9993822575
0.9990670085
0.9994724989
0.9996161461
0.9992868900
0.9986680746
0.9994542599
0.9990388155
0.9983224869
0.9992886782
0.9994498491
0.9991975427
0.9994468689
0.9987730980
0.9992122650
0.9994438887
0.9993830919
0.9995560050
0.9994341135
0.9992088079
0.9995156527
0.9990603328
0.9990341067
0.9992274046
0.9992840290
0.9994559288
0.9993479848
0.9993830919
0.9996470809
0.9995923042
0.9993317127
0.9992216825
0.9994348288
0.9993209839
0.9993899465
0.9992884398
0.9993841648
0.9986855984
0.9989836216
0.9995375872
0.9993454218
0.9993988872
0.9996664524
0.9991116524
0.9990986586
0.9995673895
0.9995027781
0.9996034503
0.9990525246
0.9989470243
0.9991301298
0.9993483424
0.9992110133
0.9995712042
0.9994801879
0.9995287657
0.9995607138
0.9993895292
0.9990974665
0.9993319511
0.9994478226
0.9988136292
0.9994634390
0.9995365143
0.9994114637
0.9995188713
0.9995838404
0.9990017414
0.9997411370
0.9993693829
0.9993486404
0.9991781712
0.9988046288
0.9992687702
0.9994255304
0.9996284246
0.9995238781
0.9991041422
0.9995105267
0.9993620515
0.9994567633
0.9995710850
0.9987329245
0.9993530512
0.9994845390
0.9990652800
0.9996088147
0.9993122816
0.9993603230
0.9995154738
0.9993379712
0.9994001389
0.9995772243
0.9995301366
0.9997084141
0.9995535612
0.9994302392
0.9994884729
0.9991925955
0.9992153049
0.9986765981
0.9991136789
0.9994834661
0.9994962215
0.9989792705
0.9992733598
0.9995673895
0.9993727207
0.9993761778
0.9991382360
0.9994978309
0.9992897511
0.9988471270
0.9991477132
0.9990697503
0.9996263385
0.9990910292
0.9996550083
0.9992719889
0.9996067286
0.9996513128
0.9993553162
0.9995149970
0.9995268583
0.9993268251
0.9997220635
0.9993635416
0.9994959235
0.9993641376
0.9994312525
0.9995576143
0.9991499186
0.9992213249
0.9997428656
0.9993314743
0.9995733500
0.9994980693
0.9994126558
0.9993658662
0.9995241165
0.9991104603
0.9994167686
0.9996234179
0.9995751381
0.9993590117
0.9995780587
0.9992849827
0.9996424913
0.9990947247
0.9994898438
0.9989742637
0.9990707636
0.9991992116
0.9993984699
0.9992588162
0.9988313317
0.9992828369
0.9994245768
0.9995690584
0.9991290569
0.9995299578
0.9989634156
0.9989768267
0.9997098446
0.9995357990
0.9995369911
0.9993505478
0.9993302822
0.9990533590
0.9994279146
0.9992102385
0.9996639490
0.9993894100
0.9996634722
0.9995050430
0.9996353388
0.9994565248
0.9997347593
0.9994801283
0.9994339943
0.9995024204
0.9995521307
0.9993855357
0.9995245934
0.9995003939
0.9988824129
0.9992114902
0.9995412230
0.9993649721
0.9993430376
0.9995334744
0.9990633130
0.9986528158
0.9994533062
0.9996622801
0.9994239807
0.9990615845
0.9990985394
0.9994378090
0.9993620515
0.9993425608
0.9995236397
0.9992786646
0.9990317822
0.9993726015
0.9993627071
0.9994484782
0.9992995858
0.9993201494
0.9992927313
0.9991641045
0.9996187687
0.9995042086
0.9993377328
0.9991714954
0.9994233847
0.9994019866
0.9988018274
0.9994974732
0.9991313815
0.9995086789
0.9994617701
0.9995675087
0.9992306232
0.9991464615
0.9991540909
0.9996808767
0.9993620515
0.9991263151
0.9994959831
0.9995819926
0.9994885921
0.9995154142
0.9994574189
0.9989972115
0.9993059039
0.9988263845
0.9995029569
0.9996600747
0.9992173910
0.9996582866
0.9988574982
0.9994072914
0.9995949268
0.9992714524
0.9993034601
0.9997259974
0.9995614290
0.9995310307
0.9993037581
0.9995009303
0.9994466305
0.9995082617
0.9990198016
0.9996618032
0.9996320009
0.9995075464
0.9994720817
0.9988220930
0.9992421865
0.9991690516
0.9993282557
0.9993952513
0.9991974831
0.9990246892
0.9994392395
0.9993983507
0.9994289875
0.9995683432
0.9996516109
0.9995964766
0.9993690252
0.9994693995
0.9990041256
0.9992647767
0.9996615648
0.9995534420
0.9991586208
0.9994888306
0.9995656013
0.9995217919
0.9993690848
0.9995429516
0.9993867874
0.9993268847
0.9992306232
0.9991681576
0.9993391037
0.9991652966
0.9989726543
0.9994105101
0.9994522333
0.9993659258
0.9993070364
0.9991039038
0.9992746115
0.9995882511
0.9992048740
0.9996155500
0.9992788434
0.9991282225
0.9995170832
0.9994782209
0.9995737672
0.9990072846
0.9996612072
0.9990071058
0.9994165897
0.9994208813
0.9995135069
0.9994446635
0.9993705750
0.9994138479
0.9991241097
0.9995837212
0.9993389249
0.9993419647
0.9993004799
0.9996470809
0.9991241097
0.9994050264
0.9994221330
0.9996291995
0.9989078641
0.9993025064
0.9994621277
0.9988787174
0.9996445775
0.9993393421
0.9995552897
0.9995423555
0.9995043874
0.9991514683
0.9989938736
0.9996107817
0.9997299910
0.9996406436
0.9990468025
0.9991519451
0.9994362593
0.9996307492
0.9991459846
0.9993526936
0.9994719028
0.9996267557
0.9996492863
0.9992485046
0.9996902943
0.9992595911
0.9992089272
0.9995495677
0.9993159771
0.9996070862
0.9995392561
0.9993090034
0.9993531704
0.9995936155
0.9987369776
0.9992237687
0.9989355803
0.9989486337
0.9992818236
0.9992437959
0.9991828203
0.9994879961
0.9996601343
0.9988112450
0.9989883900
0.9990029335
0.9995313883
0.9996834993
0.9992104173
0.9995292425
0.9995200634
0.9995279312
0.9993436337
0.9994469285
0.9992916584
0.9994755983
0.9994163513
0.9996691942
0.9990791082
0.9989299178
0.9991700649
0.9991660714
0.9992179871
0.9994167089
0.9995399714
0.9994862080
0.9993368983
0.9996043444
0.9993858933
0.9997066855
0.9993934631
0.9989233613
0.9995710850
0.9993777275
0.9992609024
0.9993078113
0.9994480610
0.9995270967
0.9987636209
0.9989085197
0.9994331002
0.9992264509
0.9994271994
0.9992737770
0.9994020462
0.9993341565
0.9994419813
0.9992502928
0.9992992878
0.9993463755
0.9990810156
0.9992311597
0.9994900227
0.9997022748
0.9990087748
0.9996086359
0.9997516274
0.9994485974
0.9995793104
0.9987457991
0.9997138977
0.9994369745
0.9995145798
0.9989936352
0.9996126890
0.9994803667
0.9987086058
0.9993702769
0.9991784692
0.9989169836
0.9994653463
0.9993098974
0.9993530512
0.9992600679
0.9995680451
0.9991201162
0.9993209839
0.9993731976
0.9987080097
0.9993225932
0.9992555976
0.9994971752
0.9994807243
0.9993872643
0.9994554520
0.9994418621
0.9987025261
0.9992377162
0.9990375042
0.9989809990
0.9992136955
0.9993937016
0.9995715618
0.9995211363
0.9994857311
0.9993993640
0.9991533756
0.9992070198
0.9993943572
0.9993065000
0.9995234013
0.9994608760
0.9994640350
0.9990104437
0.9992845058
0.9994294047
0.9992947578
0.9991213679
0.9995268583
0.9992761612
0.9994899035
0.9994282722
0.9990894794
0.9996887445
0.9992824793
0.9994215965
0.9994280934
0.9995219707
0.9991146326
0.9994655848
0.9995309114
0.9993245602
0.9995381236
0.9994994402
0.9994634986
0.9993973970
0.9994589686
0.9993404746
0.9994366169
0.9994488955
0.9991801977
0.9990578890
0.9991452694
0.9991103411
0.9986566305
0.9991466999
0.9991679788
0.9991657138
0.9995639920
0.9996402264
0.9994351864
0.9993458986
0.9994502068
0.9990063310
0.9994779825
0.9995068312
0.9994513392
0.9994993210
0.9992721677
0.9989706874
0.9992296696
0.9992367625
0.9996606112
0.9996106029
0.9991364479
0.9992086887
0.9996153116
0.9994634390
0.9994802475
0.9994577765
0.9994114041
0.9995153546
0.9994946718
0.9994488955
0.9995236397
0.9995360374
0.9995331764
0.9991567135
0.9995349646
0.9988623261
0.9995714426
0.9994086027
0.9995036125
0.9994391799
0.9990887642
0.9991780519
0.9994711280
0.9994471073
0.9993841648
0.9995362759
0.9997586012
0.9992442131
0.9992859364
0.9996211529
0.9994497895
0.9995313287
0.9992931485
0.9994175434
0.9994620085
0.9987938404
0.9997246265
0.9991279244
0.9996616840
0.9994568825
0.9994834661
0.9989610910
0.9991143942
0.9989969730
0.9987438321
0.9988536239
0.9991163611
0.9995541573
0.9995115995
0.9990903139
0.9996244907
0.9990473986
0.9994798899
0.9993596077
0.9993787408
0.9993184805
0.9989529252
0.9994288683
0.9993165731
0.9994130731
0.9995607138
0.9995831251
0.9990674257
0.9993940592
0.9994356036
0.9993910789
0.9993096590
0.9995597601
0.9995509386
0.9993491173
0.9993990660
0.9995422959
0.9993143082
0.9995577931
0.9994044304
0.9996742010
0.9995723963
0.9993084073
0.9994528294
0.9994472265
0.9995859265
0.9995095134
0.9995120764
0.9995245337
0.9991854429
0.9995133877
0.9995642900
0.9995367527
0.9988380671
0.9992631078
0.9993901253
0.9993737936
0.9995835423
0.9985637665
0.9994798899
0.9991120100
0.9995037317
0.9995152950
0.9992657304
0.9993714094
0.9995815754
0.9990950823
0.9994722009
0.9993191361
0.9994534850
0.9994870424
0.9995489120
0.9993846416
0.9996775389
0.9989521503
0.9992843866
0.9994528890
0.9990951419
0.9991708994
0.9997152090
0.9995806813
0.9994562864
0.9992028475
0.9992992878
0.9995360374
0.9995075464
0.9994107485
0.9995287657
0.9994705915
0.9995659590
0.9997885227
0.9987697005
0.9997857213
0.9995046854
0.9995525479
0.9993258715
0.9996863604
0.9995474815
0.9996887445
0.9994146228
0.9995214343
0.9991012812
0.9991205931
0.9996190071
0.9991003275
0.9996432066
0.9996544123
0.9995136857
0.9992485046
0.9993609190
0.9996079206
0.9992761016
0.9993797541
0.9993565083
0.9993558526
0.9990259409
0.9992152452
0.9990664124
0.9995762706
0.9995789528
0.9994902015
0.9992196560
0.9995044470
0.9990453720
0.9996557236
0.9989759922
0.9991507530
0.9993995428
0.9991819859
0.9994477630
0.9995322824
0.9989870787
0.9996534586
0.9996267557
0.9994270802
0.9990441799
0.9996348619
0.9988518953
0.9994416833
0.9993389845
0.9996135235
0.9995634556
0.9990966320
0.9994947314
0.9996043444
0.9993073940
0.9994385839
0.9994272590
0.9995150566
0.9997001886
0.9994869232
0.9994953871
0.9995903969
0.9995716810
0.9993724823
0.9996476769
0.9990835786
0.9993047714
0.9993653297
0.9994752407
0.9988373518
0.9995485544
0.9995751381
0.9995110035
0.9995253682
0.9991673231
0.9992945194
0.9994143248
0.9992377758
0.9995889664
0.9993922710
0.9995368719
0.9994571805
0.9995658398
0.9993453622
0.9994155169
0.9990113974
0.9989691973
0.9995514154
0.9990852475
0.9994034767
0.9995478392
0.9992874861
0.9993348122
0.9993680716
0.9990975261
0.9995125532
0.9996672869
0.9993228912
0.9986240268
0.9995299578
0.9990886450
0.9984853268
0.9993255138
0.9994901419
0.9992538095
0.9994736910
0.9989787340
0.9992392063
0.9995288849
0.9995204806
0.9995629191
0.9994206429
0.9992523193
0.9995602369
0.9992048740
0.9991325140
0.9992735386
0.9993252754
0.9994944930
0.9994006157
0.9994885921
0.9996777177
0.9996372461
0.9993442297
0.9992258549
0.9994190335
0.9993971586
0.9994145632
0.9993702173
0.9993449450
0.9985672235
0.9988837242
0.9995417595
0.9994116426
0.9994924664
0.9996863604
0.9991903305
0.9989889264
0.9995936751
0.9995058179
0.9996661544
0.9990999699
0.9990656376
0.9991521239
0.9994222522
0.9993158579
0.9996261001
0.9994951487
0.9995952249
0.9995497465
0.9994298220
0.9990271330
0.9994051456
0.9994667768
0.9988284111
0.9995114803
0.9995725155
0.9993878603
0.9995511770
0.9996294975
0.9991356134
0.9997831583
0.9994258285
0.9994243383
0.9991779327
0.9988945723
0.9992408752
0.9994857907
0.9996620417
0.9995787144
0.9991317987
0.9995574951
0.9994322658
0.9994802475
0.9995706677
0.9986599088
0.9994043708
0.9995958209
0.9990547895
0.9996491671
0.9993385077
0.9994571209
0.9995563626
0.9993757010
0.9994214773
0.9995826483
0.9995717406
0.9997375607
0.9995857477
0.9994738102
0.9995126128
0.9991537333
0.9992685914
0.9987493753
0.9991590977
0.9994990826
0.9995207787
0.9991983771
0.9993646145
0.9996021986
0.9993895888
0.9994397163
0.9991102815
0.9995814562
0.9993102551
0.9990504980
0.9992419481
0.9990883470
0.9996336102
0.9991568327
0.9997053146
0.9992880821
0.9996659160
0.9996916056
0.9993685484
0.9995996952
0.9995620847
0.9993442893
0.9997645020
0.9994083643
0.9995566607
0.9994300008
0.9995249510
0.9995658994
0.9992945194
0.9992970824
0.9997760057
0.9994685650
0.9996121526
0.9995664358
0.9994636774
0.9994375706
0.9995809793
0.9991900921
0.9994268417
0.9996775389
0.9996135235
0.9994384050
0.9995874166
0.9992954731
0.9996752739
0.9990866780
0.9994926453
0.9990810156
0.9990391731
0.9992382526
0.9994091988
0.9993200898
0.9988886118
0.9992967844
0.9994968772
0.9995843172
0.9991665483
0.9995982647
0.9989436865
0.9989635944
0.9997391701
0.9996103048
0.9995846748
0.9993484020
0.9993222952
0.9991824627
0.9994689226
0.9992421865
0.9996801615
0.9994874001
0.9997174740
0.9995732307
0.9996537566
0.9995222092
0.9997888803
0.9995502234
0.9994865656
0.9995809793
0.9995639324
0.9993953109
0.9995795488
0.9995626211
0.9990355372
0.9992696047
0.9995955229
0.9993125796
0.9993499517
0.9995863438
0.9989864826
0.9984946847
0.9994748831
0.9996789098
0.9994512796
0.9990766048
0.9991801977
0.9994333982
0.9994329810
0.9994282722
0.9995827675
0.9993208647
0.9990935922
0.9993471503
0.9993418455
0.9995297790
0.9992727637
0.9993366599
0.9993180633
0.9992112517
0.9996397495
0.9994683266
0.9993791580
0.9992502928
0.9994846582
0.9995141625
0.9988617897
0.9995684028
0.9992102385
0.9995259047
0.9995335340
0.9995981455
0.9993284941
0.9991576672
0.9992148876
0.9997302294
0.9994152188
0.9991081357
0.9995170832
0.9996269941
0.9994798899
0.9994993210
0.9994856715
0.9990472794
0.9993637204
0.9989264607
0.9995296001
0.9996995330
0.9991405606
0.9996797442
0.9990016222
0.9994534254
0.9996874332
0.9993677735
0.9993076324
0.9997805357
0.9995387197
0.9996098876
0.9993788004
0.9995039701
0.9994865656
0.9995478988
0.9991021156
0.9997311831
0.9996629953
0.9995480776
0.9994706511
0.9988065958
0.9993357062
0.9992009401
0.9992511272
0.9994493723
0.9992692471
0.9990726709
0.9994988441
0.9994957447
0.9994351864
0.9995700121
0.9997093678
0.9996556640
0.9993381500
0.9994839430
0.9990186095
0.9992119074
0.9996818900
0.9995790720
0.9991652369
0.9995415211
0.9995881319
0.9995965958
0.9994116426
0.9995797873
0.9994478226
0.9993585944
0.9992375970
0.9992276430
0.9993227720
0.9991577864
0.9989742041
0.9994554520
0.9994447827
0.9994142056
0.9993509054
0.9992035627
0.9992731214
0.9995749593
0.9992489815
0.9996345043
0.9994042516
0.9992234707
0.9995379448
0.9995331764
0.9995612502
0.9991250038
0.9996683598
0.9991134405
0.9994052052
0.9994083643
0.9995866418
0.9995765090
0.9994175434
0.9994448423
0.9990706444
0.9996354580
0.9993647933
0.9993661046
0.9993227720
0.9996544123
0.9992468357
0.9994024038
0.9994766116
0.9996477365
0.9989838600
0.9993116856
0.9994741678
0.9988434315
0.9997019768
0.9993890524
0.9996274114
0.9995710850
0.9995694160
0.9991890192
0.9990470409
0.9996719360
0.9997526407
0.9996950030
0.9990434647
0.9990957975
0.9995279312
0.9996407032
0.9991893768
0.9993739128
0.9995237589
0.9996753335
0.9997364879
0.9993220568
0.9997452497
0.9993330240
0.9991943836
0.9996299744
0.9993853569
0.9996544123
0.9995392561
0.9993641376
0.9993878603
0.9996652603
0.9987742305
0.9993103743
0.9989112020
0.9990242720
0.9993170500
0.9993436337
0.9992332458
0.9995347261
0.9997035861
0.9988780618
0.9989808798
0.9992058873
0.9995750189
0.9996987581
0.9991869330
0.9996061921
0.9995903969
0.9996049404
0.9993999004
0.9995182157
0.9994019270
0.9995213747
0.9994663000
0.9997184277
0.9992010593
0.9990261793
0.9991573095
0.9991811514
0.9991797209
0.9994595051
0.9995677471
0.9995192289
0.9993511438
0.9996495247
0.9994275570
0.9997655153
0.9993579388
0.9989473820
0.9995590448
0.9993615746
0.9992303848
0.9993693829
0.9995509386
0.9995968938
0.9988212585
0.9990012646
0.9994299412
0.9992765188
0.9994777441
0.9993411303
0.9994359016
0.9993735552
0.9995311499
0.9992962480
0.9993063211
0.9994093776
0.9991338849
0.9992648363
0.9995292425
0.9997398853
0.9991555214
0.9996320605
0.9997752905
0.9994825125
0.9996197224
0.9988223910
0.9997299910
0.9994456768
0.9995472431
0.9991611838
0.9996591806
0.9995423555
0.9988586307
0.9994602203
0.9993108511
0.9988756180
0.9995340109
0.9993271232
0.9994210601
0.9993530512
0.9996004105
0.9991165400
0.9993619919
0.9994475245
0.9986369610
0.9993847609
0.9992862940
0.9995068908
0.9995126724
0.9994392395
0.9994990230
0.9993935823
0.9988276958
0.9993096590
0.9990444183
0.9989383221
0.9991980791
0.9994733334
0.9995834231
0.9995654225
0.9995472431
0.9994620681
0.9991796017
0.9993823767
0.9993648529
0.9993215799
0.9995333552
0.9995493293
0.9994941354
0.9990569353
0.9993367195
0.9995393753
0.9993518591
0.9991347790
0.9995945096
0.9993243814
0.9995388389
0.9994786382
0.9991339445
0.9997175932
0.9993472099
0.9994326830
0.9994994402
0.9995828271
0.9992172122
0.9995391369
0.9995164871
0.9994626045
0.9996264577
0.9995733500
0.9994822741
0.9994292259
0.9994902611
0.9994151592
0.9994845390
0.9995056391
0.9991878271
0.9990490675
0.9990849495
0.9991858006
0.9985980988
0.9991958737
0.9991769195
0.9992216229
0.9996223450
0.9996803403
0.9994561672
0.9994076490
0.9995094538
0.9990368485
0.9995373487
0.9995354414
0.9995392561
0.9995759726
0.9993255138
0.9990926385
0.9992411137
0.9993020892
0.9996950626
0.9996607304
0.9991892576
0.9991603494
0.9996681809
0.9995065928
0.9995546341
0.9995447397
0.9994729161
0.9995580912
0.9995523691
0.9994729757
0.9995788336
0.9995779991
0.9995625615
0.9991429448
0.9995294213
0.9989765286
0.9996211529
0.9994615316
0.9995672703
0.9994316101
0.9991723299
0.9991964102
0.9994843006
0.9994647503
0.9993930459
0.9995883703
0.9998290539
0.9993035793
0.9993000031
0.9996702671
0.9994649887
0.9995842576
0.9993813634
0.9994560480
0.9994962215
0.9989052415
0.9997615814
0.9991959333
0.9996954799
0.9994799495
0.9995692372
0.9989152551
0.9992096424
0.9991157055
0.9988432527
0.9988780022
0.9991009235
0.9995477200
0.9995747209
0.9990892410
0.9996606708
0.9991613626
0.9994825125
0.9994601011
0.9994298220
0.9992318153
0.9990200996
0.9995201230
0.9992971420
0.9995008707
0.9996116161
0.9996190071
0.9991182089
0.9994835854
0.9994564056
0.9994388819
0.9993478060
0.9995597601
0.9996103048
0.9993691444
0.9994539022
0.9995772243
0.9993275404
0.9995563030
0.9994726181
0.9997274280
0.9996460676
0.9992673397
0.9994999170
0.9995162487
0.9996238947
0.9995596409
0.9995534420
0.9995702505
0.9992504716
0.9995641112
0.9996191263
0.9995331764
0.9988707304
0.9992729425
0.9993642569
0.9993427992
0.9995698929
0.9985827208
0.9994752407
0.9991053343
0.9995131493
0.9995440245
0.9992375970
0.9993799925
0.9995469451
0.9990730882
0.9995054007
0.9993135929
0.9994683266
0.9994817972
0.9995306730
0.9993574619
0.9996988177
0.9990235567
0.9993113875
0.9994618297
0.9990866184
0.9991229177
0.9997081161
0.9995452166
0.9994612932
0.9992375374
0.9992479086
0.9994959831
0.9994533062
0.9993683100
0.9995278120
0.9994492531
0.9995359182
0.9997638464
0.9987826347
0.9997725487
0.9995189905
0.9995856881
0.9993090630
0.9996790886
0.9995369911
0.9996694326
0.9994171858
0.9995353222
0.9990318418
0.9990439415
0.9996098876
0.9991222620
0.9996269941
0.9996321201
0.9994865060
0.9993035793
0.9993571043
0.9996234775
0.9992559552
0.9993882179
0.9993876219
0.9993113279
0.9990760088
0.9991664886
0.9990141392
0.9995824695
0.9995768070
0.9994767904
0.9991512299
0.9995286465
0.9990442991
0.9996273518
0.9989305735
0.9992018938
0.9993691444
0.9992082119
0.9994671345
0.9995251894
0.9989082813
0.9996234775
0.9996274710
0.9994496703
0.9990873337
0.9996057749
0.9988932610
0.9994016290
0.9993612766
0.9996190071
0.9995466471
0.9990010262
0.9994822741
0.9996361732
0.9993076324
0.9994543791
0.9993699789
0.9995024204
0.9996886253
0.9994455576
0.9995123148
0.9995604157
0.9995604753
0.9993896484
0.9996570349
0.9990804195
0.9992070198
0.9993333817
0.9994577765
0.9988135099
0.9995198250
0.9995443821
0.9995025396
0.9994953871
0.9991916418
0.9992624521
0.9993820786
0.9991624355
0.9995437264
0.9993429780
0.9995585680
0.9994705319
0.9995553493
0.9992926121
0.9994009137
0.9988972545
0.9988814592
0.9995352030
0.9990278482
0.9993398190
0.9995118380
0.9993109107
0.9993458986
0.9993250966
0.9990903139
0.9994932413
0.9996477365
0.9993295074
0.9986606240
0.9995310903
0.9990949631
0.9984099865
0.9993068576
0.9994675517
0.9992756248
0.9994604588
0.9989213943
0.9992350340
0.9994820356
0.9994780421
0.9995728731
0.9994472265
0.9992272258
0.9995816350
0.9991577864
0.9991712570
0.9993156195
0.9993690252
0.9995025992
0.9993724823
0.9994809628
0.9996758699
0.9996306300
0.9993651509
0.9992443323
0.9994199276
0.9993746281
0.9993944764
0.9993840456
0.9993023872
0.9986190796
0.9989010692
0.9995340109
0.9994113445
0.9994742870
0.9996684194
0.9991759062
0.9990085363
0.9995821714
0.9994860888
0.9996443987
0.9991143346
0.9990175962
0.9991102219
0.9994077682
0.9992668629
0.9995988607
0.9994770288
0.9995863438
0.9995430708
0.9993927479
0.9989817142
0.9993969202
0.9994690418
0.9987949133
0.9995032549
0.9995700121
0.9994176626
0.9995119572
0.9996207952
0.9991012812
0.9997622967
0.9993991852
0.9994256496
0.9991543889
0.9988749623
0.9992849827
0.9994535446
0.9996562004
0.9995487332
0.9990998507
0.9995505810
0.9994409084
0.9994778633
0.9995496273
0.9986554384
0.9993690848
0.9995679855
0.9989647865
0.9996398091
0.9993643761
0.9994493723
0.9995601177
0.9993766546
0.9994205236
0.9995908737
0.9995653629
0.9997283220
0.9995560646
0.9994568825
0.9995478392
0.9991002083
0.9992516041
0.9987207055
0.9991616011
0.9994854927
0.9995253682
0.9991904497
0.9993456006
0.9995815754
0.9993945360
0.9993717074
0.9991105795
0.9995816946
0.9992819428
0.9989274144
0.9991965294
0.9992094040
0.9996154308
0.9991745949
0.9997012019
0.9993201494
0.9996605515
0.9996607304
0.9993532896
0.9995297194
0.9995011687
0.9993422031
0.9997491837
0.9993807077
0.9995645285
0.9994758368
0.9995054007
0.9995447397
0.9992810488
0.9993070364
0.9997699261
0.9994370937
0.9995769262
0.9995557666
0.9994709492
0.9994784594
0.9995456934
0.9992300272
0.9994713664
0.9996465445
0.9995895624
0.9994353056
0.9995968938
0.9993402958
0.9996754527
0.9991400242
0.9994879365
0.9990646839
0.9990378618
0.9992488027
0.9994052649
0.9992715120
0.9987969398
0.9993079305
0.9994105101
0.9995760322
0.9991728663
0.9996154308
0.9989410639
0.9989989996
0.9997159243
0.9995884895
0.9995617867
0.9993252158
0.9992924929
0.9991979003
0.9994540215
0.9992232323
0.9996595383
0.9994742870
0.9996913075
0.9995328188
0.9996569157
0.9995380044
0.9997802973
0.9995269775
0.9994586110
0.9995856285
0.9995776415
0.9993474483
0.9995865822
0.9995232821
0.9990170002
0.9992244244
0.9995578527
0.9992731214
0.9993520379
0.9995549917
0.9989730120
0.9984285831
0.9994602203
0.9996662736
0.9993922710
0.9991145134
0.9992386699
0.9994255304
0.9994388819
0.9993921518
0.9995561838
0.9993740320
0.9991118312
0.9993520975
0.9993951321
0.9995267391
0.9992762208
0.9993289113
0.9993611574
0.9992264509
0.9996290207
0.9994763136
0.9993526936
0.9992682338
0.9994458556
0.9994909167
0.9989070892
0.9995265603
0.9992311001
0.9995172024
0.9995242953
0.9995911121
0.9993076324
0.9990957975
0.9992579222
0.9997224808
0.9993710518
0.9991183281
0.9994902015
0.9996147156
0.9994897842
0.9994939566
0.9994574189
0.9991117716
0.9992820024
0.9989602566
0.9995096922
0.9996709228
0.9991433620
0.9996658564
0.9989871979
0.9994654655
0.9996981621
0.9993413091
0.9992616177
0.9997596145
0.9995505214
0.9995948076
0.9993638992
0.9995199442
0.9994928837
0.9995372891
0.9991022944
0.9997160435
0.9996217489
0.9995462894
0.9994934797
0.9987620711
0.9993388653
0.9991898537
0.9992282987
0.9994719625
0.9993178248
0.9990817308
0.9994754791
0.9994539618
0.9994413853
0.9995338917
0.9996942282
0.9996306300
0.9993194938
0.9994797111
0.9990329742
0.9992118478
0.9996854067
0.9995927811
0.9991668463
0.9995040894
0.9995947480
0.9995648861
0.9994392395
0.9995776415
0.9994469285
0.9993319511
0.9991805553
0.9992439747
0.9993802309
0.9992375374
0.9989770651
0.9994505644
0.9994437099
0.9994125962
0.9993701577
0.9991680384
0.9992693067
0.9995497465
0.9992154241
0.9995933175
0.9993959665
0.9992344379
0.9995414615
0.9995505810
0.9995547533
0.9990920424
0.9996384382
0.9990677834
0.9994311333
0.9994271398
0.9995439053
0.9995362759
0.9993766546
0.9994167089
0.9991090298
0.9996249676
0.9993326664
0.9993972778
0.9993363023
0.9996640682
0.9992207289
0.9993743896
0.9994017482
0.9996535182
0.9989840984
0.9993037581
0.9994882345
0.9988907576
0.9996931553
0.9993429184
0.9996215105
0.9995707273
0.9995502234
0.9992250800
0.9989956021
0.9996578693
0.9997298717
0.9996761084
0.9990767837
0.9991067052
0.9994997382
0.9996103644
0.9991622567
0.9993629456
0.9995013475
0.9996751547
0.9996851087
0.9993235469
0.9997049570
0.9993051291
0.9992786646
0.9995974302
0.9993493557
0.9996331930
0.9995653629
0.9993577600
0.9994058609
0.9996640682
0.9987521172
0.9993231297
0.9989212751
0.9989674091
0.9993048906
0.9993318915
0.9992066026
0.9995299578
0.9996719360
0.9988977313
0.9990760088
0.9991350174
0.9995280504
0.9996900558
0.9991816282
0.9995827079
0.9995808601
0.9995565414
0.9993805885
0.9995134473
0.9993189573
0.9995458126
0.9994650483
0.9996829033
0.9991629124
0.9990755916
0.9991898537
0.9991279244
0.9992241859
0.9994633198
0.9995254278
0.9995256662
0.9993001223
0.9996235371
0.9994419813
0.9997476339
0.9993976355
0.9990005493
0.9995725751
0.9993884563
0.9992390871
0.9993189573
0.9994927645
0.9995640516
0.9987958074
0.9989202023
0.9994129539
0.9992927909
0.9994686842
0.9993549585
0.9994046688
0.9993878603
0.9995372295
0.9992502332
0.9992797375
0.9993734360
0.9991219640
0.9992461205
0.9995152354
0.9997279644
0.9990535378
0.9995938540
0.9997451305
0.9994833469
0.9996158481
0.9988159537
0.9997293949
0.9994848371
0.9995620251
0.9990720749
0.9996463060
0.9995643497
0.9988387823
0.9994006157
0.9992741942
0.9987865686
0.9994870424
0.9993131161
0.9993811846
0.9993689060
0.9996045828
0.9992020130
0.9993314147
0.9994729757
0.9987140298
0.9993676543
0.9992698431
0.9995034933
0.9994902611
0.9994004965
0.9994809628
0.9994342923
0.9988027811
0.9992921352
0.9990055561
0.9989694357
0.9991501570
0.9994363785
0.9995812178
0.9995634556
0.9995042086
0.9994657636
0.9991639853
0.9993696213
0.9993270636
0.9992845058
0.9995290041
0.9995315075
0.9994707108
0.9991191626
0.9993172884
0.9995210171
0.9993740916
0.9991879463
0.9995814562
0.9993053675
0.9995110631
0.9994888306
0.9991365075
0.9997013807
0.9993225336
0.9994246960
0.9994772673
0.9995861650
0.9991511703
0.9995280504
0.9995357394
0.9994328022
0.9995789528
0.9995502234
0.9995049238
0.9994395375
0.9994779825
0.9994628429
0.9994904399
0.9995036125
0.9992312193
0.9990465641
0.9991601706
0.9991688728
0.9986376762
0.9992017746
0.9990873933
0.9991819263
0.9996133447
0.9996771812
0.9994415641
0.9993100166
0.9994678497
0.9990769625
0.9995235205
0.9995491505
0.9994723797
0.9995671511
0.9993156791
0.9989976287
0.9992340803
0.9992483258
0.9996927977
0.9996567965
0.9991369843
0.9991458654
0.9996712208
0.9994819164
0.9995480776
0.9995539188
0.9994376302
0.9995400906
0.9995537996
0.9994615316
0.9995349050
0.9995512366
0.9995632768
0.9991421700
0.9995228052
0.9988722801
0.9996091127
0.9994655848
0.9995617867
0.9994447231
0.9991716146
0.9992495775
0.9995067120
0.9994753599
0.9993677139
0.9995962381
0.9998080730
0.9993271828
0.9993070364
0.9996482134
0.9994435310
0.9995753765
0.9994060397
0.9994184375
0.9994628429
0.9988741875
0.9997467399
0.9992776513
0.9996879101
0.9994883537
0.9995404482
0.9988495708
0.9991659522
0.9991073608
0.9988092184
0.9988856316
0.9990903139
0.9995415807
0.9995920658
0.9990986586
0.9996567965
0.9991646409
0.9995221496
0.9994475842
0.9994150996
0.9992793798
0.9990527630
0.9994974136
0.9992864132
0.9994385242
0.9996243715
0.9995972514
0.9990942478
0.9994642138
0.9994550943
0.9993652105
0.9993377924
0.9995440841
0.9995900393
0.9993647337
0.9994524717
0.9995867014
0.9993168116
0.9995586872
0.9994575381
0.9997131824
0.9996211529
0.9992401600
0.9994704723
0.9994949102
0.9996194839
0.9995403290
0.9995838404
0.9995607138
0.9992823005
0.9995418787
0.9996191263
0.9995325804
0.9987581968
0.9993096590
