0.9999470711
0.9999682903
0.9999628067
0.9999502897
0.9999511242
0.9999392629
0.9999592304
0.9999493361
0.9999631047
0.9999533892
0.9999446869
0.9999641180
0.9999566078
0.9999619722
0.9999589920
0.9999254942
0.9999549389
0.9999387264
0.9999554753
0.9999385476
0.9999482632
0.9999454618
0.9999530315
0.9999667406
0.9999635220
0.9999690056
0.9999528527
0.9999548793
0.9999521971
0.9999474287
0.9999370575
0.9999321699
0.9999529123
0.9999586940
0.9999623299
0.9999417663
0.9999544621
0.9999498725
0.9999625087
0.9999491572
0.9999675155
0.9999582767
0.9999516010
0.9999660254
0.9999597669
0.9999473095
0.9999438524
0.9999368191
0.9999567270
0.9999519587
0.9999577403
0.9999471903
0.9999606013
0.9999452829
0.9999472499
0.9999618530
0.9999484420
0.9999539852
0.9999553561
0.9999586344
0.9999660254
0.9999459982
0.9999572039
0.9999434352
0.9999634027
0.9999531507
0.9999495149
0.9999530315
0.9999382496
0.9999592304
0.9999502897
0.9999319911
0.9999496341
0.9999354482
0.9999340773
0.9999707937
0.9999499321
0.9999321699
0.9999607801
0.9999632835
0.9999483824
0.9999493361
0.9999375343
0.9999699593
0.9999577999
0.9999452233
0.9999491572
0.9999547005
0.9999633431
0.9999532700
0.9999432564
0.9999543428
0.9999549985
0.9999463558
0.9999587536
0.9999610782
0.9999666810
0.9999421239
0.9999533892
0.9999442101
0.9999477863
0.9999502897
0.9999450445
0.9999574423
0.9999413490
0.9999598861
0.9999553561
0.9999678135
0.9999445081
0.9999402165
0.9999547005
0.9999545813
0.9999603033
0.9999742508
0.9999377728
0.9999489188
0.9999622107
0.9999568462
0.9999314547
0.9999433756
0.9999418259
0.9999657869
0.9999486208
0.9999476671
0.9999485016
0.9999659061
0.9999650121
0.9999370575
0.9999358654
0.9999609590
0.9999645948
0.9999570847
0.9999583960
0.9999588728
0.9999503493
0.9999651909
0.9999569654
0.9999521971
0.9999574423
0.9999592900
0.9999678135
0.9999617338
0.9999372959
0.9999575615
0.9999471307
0.9999551773
0.9999524355
0.9999544621
0.9999423027
0.9999457002
0.9999618530
0.9999459386
0.9999637604
0.9999622107
0.9999427795
0.9999642372
0.9999537468
0.9999641776
0.9999538064
0.9999462962
0.9999613762
0.9999476671
0.9999531507
0.9999588728
0.9999587536
0.9999505281
0.9999491572
0.9999570847
0.9999633431
0.9999467134
0.9999469519
0.9999376535
0.9999293089
0.9999362230
0.9999424219
0.9999437332
0.9999347925
0.9999496937
0.9999385476
0.9999416471
0.9999424219
0.9999538660
0.9999564886
0.9999437332
0.9999521971
0.9999574423
0.9999442101
0.9999371767
0.9999425411
0.9999329448
0.9999438524
0.9999334812
0.9999557137
0.9999623299
0.9999492168
0.9999649525
0.9999376535
0.9999449253
0.9999548197
0.9999606609
0.9999431372
0.9999440908
0.9999386668
0.9999471903
0.9999576807
0.9999544621
0.9999520779
0.9999525547
0.9999417067
0.9999475479
0.9999592304
0.9999617338
0.9999372363
0.9999605417
0.9999585748
0.9999613166
0.9999614954
0.9999618530
0.9999393821
0.9999620318
0.9999594688
0.9999451041
0.9999489188
0.9999685287
0.9999715686
0.9999613762
0.9999574423
0.9999546409
0.9999525547
0.9999556541
0.9999555349
0.9999613762
0.9999436140
0.9999459982
0.9999665022
0.9999545813
0.9999517202
0.9999747276
0.9999463558
0.9999532700
0.9999412894
0.9999536276
0.9999492168
0.9999536276
0.9999631643
0.9999572039
0.9999538660
0.9999505281
0.9999500513
0.9999347329
0.9999407530
0.9999473691
0.9999520779
0.9999442101
0.9999480844
0.9999547005
0.9999498129
0.9999616742
0.9999593496
0.9999568462
0.9999493361
0.9999675751
0.9999493361
0.9999473691
0.9999769330
0.9999496937
0.9999452829
0.9999531507
0.9999622107
0.9999595881
0.9999555349
0.9999521971
0.9999742508
0.9999440908
0.9999392033
0.9999332428
0.9999607801
0.9999480247
0.9999390841
0.9999605417
0.9999578595
0.9999598265
0.9999564886
0.9999699593
0.9999438524
0.9999544621
0.9999510050
0.9999359846
0.9999374151
0.9999716282
0.9999568462
0.9999679327
0.9999524355
0.9999563694
0.9999541044
0.9999575615
0.9999532700
0.9999542236
0.9999591708
0.9999475479
0.9999584556
0.9999451041
0.9999597073
0.9999631047
0.9999540448
0.9999494553
0.9999405742
0.9999642372
0.9999751449
0.9999535084
0.9999442101
0.9999486208
0.9999581575
0.9999592304
0.9999529719
0.9999519587
0.9999455214
0.9999555349
0.9999500513
0.9999409914
0.9999481440
0.9999505281
0.9999433756
0.9999619722
0.9999660254
0.9999492764
0.9999543428
0.9999617338
0.9999592900
0.9999412298
0.9999519587
0.9999566078
0.9999550581
0.9999529123
0.9999487400
0.9999508858
0.9999547005
0.9999641180
0.9999610186
0.9999536872
0.9999572039
0.9999574423
0.9999703169
0.9999464750
0.9999550581
0.9999310970
0.9999704957
0.9999480247
0.9999585748
0.9999449849
0.9999514818
0.9999502301
0.9999451041
0.9999721050
0.9999580383
0.9999592900
0.9999507666
0.9999573231
0.9999546409
0.9999443293
0.9999659061
0.9999325275
0.9999552965
0.9999385476
0.9999666214
0.9999692440
0.9999530315
0.9999555349
0.9999419451
0.9999457598
0.9999629855
0.9999402761
0.9999587536
0.9999539852
0.9999586344
0.9999666214
0.9999666214
0.9999498725
0.9999452829
0.9999467134
0.9999566078
0.9999434948
0.9999684691
0.9999612570
0.9999705553
0.9999471903
0.9999364614
0.9999573231
0.9999495745
0.9999498129
0.9999461174
0.9999613762
0.9999544621
0.9999704361
0.9999386072
0.9999341965
0.9999623299
0.9999600649
0.9999589920
0.9999558926
0.9999450445
0.9999480247
0.9999604821
0.9999513626
0.9999485612
0.9999331236
0.9999456406
0.9999591112
0.9999539852
0.9999626875
0.9999489784
0.9999620914
0.9999663830
0.9999483824
0.9999588728
0.9999510050
0.9999594688
0.9999519587
0.9999406934
0.9999543428
0.9999545813
0.9999653101
0.9999388456
0.9999717474
0.9999508858
0.9999499321
0.9999450445
0.9999464154
0.9999622107
0.9999545813
0.9999438524
0.9999555349
0.9999458790
0.9999604225
0.9999687672
0.9999582767
0.9999575615
0.9999650717
0.9999595881
0.9999548793
0.9999510646
0.9999614954
0.9999712706
0.9999414682
0.9999519587
0.9999688864
0.9999491572
0.9999548197
0.9999688268
0.9999519587
0.9999389648
0.9999460578
0.9999452829
0.9999572039
0.9999502897
0.9999411106
0.9999580383
0.9999428988
0.9999576807
0.9999556541
0.9999465346
0.9999556541
0.9999629259
0.9999741912
0.9999368191
0.9999564886
0.9999502897
0.9999482632
0.9999520779
0.9999485016
0.9999728203
0.9999601841
0.9999563694
0.9999269843
0.9999551773
0.9999287724
0.9999629259
0.9999533296
0.9999435544
0.9999610186
0.9999431372
0.9999640584
0.9999583960
0.9999630451
0.9999489188
0.9999591112
0.9999505281
0.9999683499
0.9999550581
0.9999608994
0.9999295473
0.9999566078
0.9999510050
0.9999532700
0.9999557137
0.9999471307
0.9999626875
0.9999537468
0.9999573231
0.9999607801
0.9999536872
0.9999555945
0.9999479651
0.9999626279
0.9999412298
0.9999355078
0.9999475479
0.9999635220
0.9999589324
0.9999376535
0.9999521375
0.9999724627
0.9999558926
0.9999412298
0.9999535084
0.9999555349
0.9999483228
0.9999464750
0.9999575615
0.9999627471
0.9999464154
0.9999493361
0.9999606609
0.9999424219
0.9999355078
0.9999623299
0.9999486208
0.9999530911
0.9999520779
0.9999555349
0.9999514818
0.9999521375
0.9999486208
0.9999456406
0.9999520779
0.9999582171
0.9999486208
0.9999477863
0.9999467134
0.9999506474
0.9999456406
0.9999669194
0.9999365211
0.9999450445
0.9999490976
0.9999442697
0.9999386072
0.9999625683
0.9999619126
0.9999663830
0.9999547005
0.9999585152
0.9999554157
0.9999520779
0.9999421835
0.9999617338
0.9999529719
0.9999723434
0.9999370575
0.9999675751
0.9999485016
0.9999661446
0.9999510050
0.9999538064
0.9999437928
0.9999647141
0.9999442697
0.9999510050
0.9999693632
0.9999428988
0.9999450445
0.9999669194
0.9999438524
0.9999555349
0.9999673367
0.9999576807
0.9999531507
0.9999524355
0.9999533892
0.9999507666
0.9999445677
0.9999417663
0.9999538660
0.9999561906
0.9999623895
0.9999591112
0.9999495745
0.9999681711
0.9999624491
0.9999511242
0.9999460578
0.9999698997
0.9999690652
0.9999648333
0.9999561310
0.9999380112
0.9999559522
0.9999390244
0.9999523163
0.9999519587
0.9999445677
0.9999454618
0.9999363422
0.9999507666
0.9999502897
0.9999442697
0.9999488592
0.9999542236
0.9999470711
0.9999476075
0.9999495745
0.9999633431
0.9999550581
0.9999412894
0.9999448061
0.9999489784
0.9999495149
0.9999483824
0.9999465942
0.9999500513
0.9999500513
0.9999547005
0.9999577999
0.9999505281
0.9999423623
0.9999527931
0.9999537468
0.9999558926
0.9999372959
0.9999576807
0.9999492168
0.9999580383
0.9999614954
0.9999498725
0.9999463558
0.9999450445
0.9999456406
0.9999644756
0.9999639988
0.9999482632
0.9999445081
0.9999439120
0.9999541044
0.9999446869
0.9999663830
0.9999483824
0.9999460578
0.9999575615
0.9999534488
0.9999388456
0.9999426007
0.9999515414
0.9999476671
0.9999614954
0.9999535084
0.9999650717
0.9999603033
0.9999489188
0.9999594092
0.9999528527
0.9999601841
0.9999529123
0.9999288321
0.9999549389
0.9999454021
0.9999536276
0.9999574423
0.9999555349
0.9999517202
0.9999465942
0.9999535084
0.9999451637
0.9999489784
0.9999368191
0.9999496341
0.9999557734
0.9999698997
0.9999426603
0.9999496937
0.9999457598
0.9999655485
0.9999519587
0.9999629259
0.9999482632
0.9999349117
0.9999581575
0.9999527335
0.9999648929
0.9999650121
0.9999349117
0.9999278784
0.9999579191
0.9999300241
0.9999579787
0.9999350309
0.9999589920
0.9999544024
0.9999445677
0.9999476075
0.9999368191
0.9999433756
0.9999424219
0.9999332428
0.9999493361
0.9999397993
0.9999561906
0.9999602437
0.9999637604
0.9999389648
0.9999545813
0.9999297857
0.9999567866
0.9999471903
0.9999605417
0.9999581575
0.9999476075
0.9999493361
0.9999632835
0.9999526739
0.9999440908
0.9999501705
0.9999613762
0.9999452829
0.9999464750
0.9999475479
0.9999611974
0.9999359250
0.9999288321
0.9999451637
0.9999537468
0.9999643564
0.9999531507
0.9999461174
0.9999290109
0.9999496937
0.9999217987
0.9999449849
0.9999412298
0.9999701977
0.9999388456
0.9999422431
0.9999518394
0.9999327660
0.9999580383
0.9999434352
0.9999574423
0.9999455214
0.9999518991
0.9999560118
0.9999413490
0.9999567270
0.9999412298
0.9999524951
0.9999353290
0.9999552965
0.9999516606
0.9999465942
0.9999589920
0.9999546409
0.9999679923
0.9999603629
0.9999449253
0.9999439120
0.9999537468
0.9999614358
0.9999526739
0.9999561906
0.9999516606
0.9931538105
0.9960414171
0.9951719642
0.9951298833
0.9935553074
0.9932262301
0.9944400787
0.9928607941
0.9951924086
0.9939694405
0.9930852652
0.9948133230
0.9948722720
0.9947577119
0.9955229759
0.9929684997
0.9952460527
0.9940165281
0.9942303896
0.9941242933
0.9949852228
0.9933875799
0.9950321913
0.9955736995
0.9941461086
0.9948978424
0.9941946268
0.9939587712
0.9933614731
0.9944797754
0.9938834906
0.9927170277
0.9939519763
0.9938828349
0.9956036806
0.9942227006
0.9943331480
0.9924921989
0.9948004484
0.9934793115
0.9951416254
0.9934433699
0.9948328137
0.9950946569
0.9942822456
0.9941297770
0.9941275120
0.9937107563
0.9952765107
0.9941362739
0.9942209125
0.9950587749
0.9953503609
0.9939488173
0.9950525761
0.9943153858
0.9941202402
0.9939302206
0.9931179285
0.9948025942
0.9949282408
0.9934148788
0.9944788218
0.9940086603
0.9947968125
0.9948388338
0.9952459931
0.9939363003
0.9941250086
0.9945462942
0.9943999052
0.9943834543
0.9940509796
0.9921939969
0.9944992065
0.9952927232
0.9944909215
0.9940440059
0.9949684739
0.9953738451
0.9943829775
0.9946020842
0.9937222004
0.9947686791
0.9944498539
0.9932340980
0.9944621921
0.9944698811
0.9955599308
0.9939885139
0.9931399822
0.9935198426
0.9950087070
0.9928019643
0.9944915771
0.9950985909
0.9954334497
0.9944643974
0.9952465296
0.9934763908
0.9942024946
0.9938756824
0.9939612746
0.9946572781
0.9943509698
0.9942606091
0.9939557314
0.9954663515
0.9941506386
0.9940465093
0.9948402643
0.9944884777
0.9949160218
0.9946998358
0.9941099882
0.9940130711
0.9951617718
0.9935759306
0.9926099777
0.9937790036
0.9937039614
0.9953538179
0.9944040179
0.9944092035
0.9943788648
0.9950265884
0.9960065484
0.9936333895
0.9935358763
0.9939562082
0.9951385260
0.9951565266
0.9955427647
0.9952572584
0.9932007790
0.9952161312
0.9955025911
0.9946856499
0.9953184128
0.9941163659
0.9947765470
0.9942221045
0.9933152795
0.9945155978
0.9945948124
0.9949872494
0.9941457510
0.9939908981
0.9931077361
0.9955385327
0.9945604801
0.9937148094
0.9939432144
0.9949548841
0.9943205118
0.9951267242
0.9947803020
0.9950671196
0.9951257706
0.9945262671
0.9959565401
0.9942303896
0.9937466383
0.9942783713
0.9946308136
0.9946092367
0.9938509464
0.9953590631
0.9949346781
0.9943337440
0.9944977164
0.9949557781
0.9932349920
0.9929955006
0.9946234226
0.9932981730
0.9936530590
0.9949675202
0.9933466315
0.9932420254
0.9938885570
0.9946624637
0.9953322411
0.9926304817
0.9953628182
0.9938577414
0.9939550757
0.9922946692
0.9941953421
0.9925383925
0.9939064980
0.9939880371
0.9945660830
0.9946951866
0.9945838451
0.9954608679
0.9940842390
0.9942392111
0.9945268035
0.9949828386
0.9932111502
0.9942373633
0.9924112558
0.9941206574
0.9944860935
0.9928106070
0.9948690534
0.9942703247
0.9939645529
0.9940098524
0.9944581985
0.9957480431
0.9934726954
0.9946312904
0.9955742955
0.9949322939
0.9948516488
0.9938651323
0.9943207502
0.9949004650
0.9954769611
0.9938608408
0.9934434891
0.9953386784
0.9959765077
0.9955058098
0.9946826696
0.9940099120
0.9949470758
0.9948458076
0.9952849150
0.9956233501
0.9936231971
0.9941440225
0.9957774878
0.9943448305
0.9945751429
0.9969722033
0.9944486022
0.9951268435
0.9942169785
0.9943405986
0.9938651323
0.9949648380
0.9951841235
0.9948900938
0.9949818850
0.9942950606
0.9942973852
0.9942111969
0.9944357872
0.9943915009
0.9946657419
0.9943184853
0.9935340881
0.9950401783
0.9944472313
0.9950684309
0.9937893152
0.9951416850
0.9946545362
0.9945605993
0.9930527210
0.9943913221
0.9961720705
0.9932217598
0.9925758243
0.9944481850
0.9946388006
0.9950444102
0.9947032928
0.9944125414
0.9953591824
0.9929911494
0.9931428432
0.9933744669
0.9959329367
0.9947399497
0.9931206703
0.9959825277
0.9941477180
0.9945255518
0.9950962067
0.9960403442
0.9937900305
0.9938338995
0.9949562550
0.9935929775
0.9939702749
0.9950575829
0.9949189425
0.9954992533
0.9946290255
0.9933992028
0.9945625067
0.9947267771
0.9945651293
0.9946539998
0.9948851466
0.9941437840
0.9941608906
0.9941192865
0.9951831102
0.9953713417
0.9918650389
0.9935228825
0.9949780703
0.9948594570
0.9952063560
0.9938195944
0.9947784543
0.9936470985
0.9958312511
0.9944559336
0.9933700562
0.9943741560
0.9929431081
0.9946455956
0.9933959246
0.9934332371
0.9938328266
0.9944071770
0.9935907125
0.9951764345
0.9951679111
0.9928092957
0.9947299361
0.9948862791
0.9946548939
0.9938789606
0.9936994314
0.9940922260
0.9943344593
0.9944980741
0.9947446585
0.9941086769
0.9942106605
0.9962388873
0.9948903322
0.9945260286
0.9948943853
0.9948043823
0.9955772161
0.9948693514
0.9939410686
0.9928520322
0.9949768782
0.9937134385
0.9941697121
0.9936528802
0.9951218367
0.9945511818
0.9948854446
0.9960599542
0.9939888716
0.9940788150
0.9945099950
0.9939774275
0.9944372177
0.9937561750
0.9949219227
0.9933265448
0.9957927465
0.9942123890
0.9951748848
0.9958268404
0.9940985441
0.9932405949
0.9939658642
0.9947541952
0.9953520298
0.9937716126
0.9949404597
0.9949889183
0.9953724146
0.9957166910
0.9946392775
0.9948986769
0.9935112000
0.9933346510
0.9942049980
0.9925562143
0.9942513704
0.9940949678
0.9956367016
0.9945713282
0.9931608438
0.9960498810
0.9942264557
0.9944314957
0.9940644503
0.9951869249
0.9947792292
0.9956909418
0.9938842058
0.9941002727
0.9959186912
0.9956111908
0.9946666956
0.9947161674
0.9927933812
0.9944525957
0.9951241612
0.9944214821
0.9935828447
0.9934077263
0.9945837855
0.9951525331
0.9950407147
0.9938504696
0.9947583079
0.9953751564
0.9942369461
0.9938433170
0.9944406748
0.9935250282
0.9951217175
0.9936659336
0.9944425821
0.9947504997
0.9947742224
0.9953828454
0.9928941727
0.9945536256
0.9949050546
0.9941776991
0.9920642376
0.9936000109
0.9949642420
0.9945318699
0.9923002124
0.9954247475
0.9949427843
0.9944854975
0.9944797754
0.9949094653
0.9932839870
0.9958376288
0.9954203367
0.9945692420
0.9953294992
0.9950395823
0.9964033365
0.9942107797
0.9951264858
0.9957389832
0.9941334724
0.9943934679
0.9951432943
0.9941722155
0.9930618405
0.9946013689
0.9947539568
0.9944291115
0.9940832853
0.9930453300
0.9949464798
0.9936264753
0.9942421913
0.9948226810
0.9940196276
0.9952907562
0.9941916466
0.9960368872
0.9936723113
0.9939016104
0.9939282537
0.9948126078
0.9954347014
0.9945425987
0.9958087206
0.9951189756
0.9944195747
0.9935285449
0.9919644594
0.9934414029
0.9953835011
0.9945092201
0.9945964813
0.9952659607
0.9947749376
0.9953588843
0.9947143793
0.9948617220
0.9945151806
0.9945037365
0.9950330257
0.9955329299
0.9946148396
0.9948580861
0.9927148223
0.9941836596
0.9954447746
0.9946696758
0.9946887493
0.9937053919
0.9955267906
0.9945887327
0.9948059320
0.9956506491
0.9943616390
0.9942383170
0.9936605692
0.9953327179
0.9932036400
0.9942642450
0.9939680099
0.9951317310
0.9951299429
0.9939439297
0.9948557615
0.9955578446
0.9944263101
0.9926519394
0.9950027466
0.9943178892
0.9948820472
0.9937022924
0.9942862391
0.9956156015
0.9938027859
0.9946879148
0.9942977428
0.9942892194
0.9925994873
0.9947411418
0.9936236143
0.9939010143
0.9936555028
0.9942848682
0.9950401783
0.9938486814
0.9938702583
0.9945454001
0.9950685501
0.9946292639
0.9936157465
0.9947323799
0.9927829504
0.9947649240
0.9934565425
0.9954325557
0.9935653806
0.9946347475
0.9941028357
0.9948110580
0.9935342073
0.9947012663
0.9956793785
0.9958956242
0.9949739575
0.9941456318
0.9948849678
0.9948754311
0.9939169884
0.9952751398
0.9950017929
0.9956231117
0.9936423302
0.9948962331
0.9943625927
0.9955940843
0.9952024817
0.9949293137
0.9936274290
0.9944057465
0.9932677746
0.9952465892
0.9951128960
0.9931195974
0.9943393469
0.9956991673
0.9939684868
0.9955962896
0.9961211681
0.9945842028
0.9948986769
0.9951581359
0.9938515425
0.9944062233
0.9945448041
0.9942372441
0.9935780764
0.9939808846
0.9951363802
0.9940463305
0.9945968390
0.9956777096
0.9955469966
0.9947100878
0.9941933155
0.9952476025
0.9956886768
0.9949114323
0.9941936135
0.9929877520
0.9949016571
0.9934626222
0.9933835268
0.9956489801
0.9946803451
0.9947063923
0.9937518835
0.9929235578
0.9933730364
0.9934986830
0.9950575233
0.9936646819
0.9944937229
0.9944766760
0.9948798418
0.9948590994
0.9942512512
0.9948061705
0.9950264692
0.9936282635
0.9944662452
0.9937306643
0.9946551323
0.9942115545
0.9939973354
0.9949196577
0.9952543974
0.9947941303
0.9931870699
0.9937897921
0.9937161207
0.9950627685
0.9923493862
0.9947977066
0.9944714904
0.9947015643
0.9949359894
0.9944859147
0.9939438105
0.9947717190
0.9938166738
0.9955155849
0.9960436821
0.9942710400
0.9940494895
0.9927492142
0.9954206347
0.9932125807
0.9958267212
0.9949731827
0.9938587546
0.9943048358
0.9952005148
0.9926033020
0.9931914210
0.9947301149
0.9938185215
0.9946866632
0.9938306808
0.9952502847
0.9942861795
0.9942313433
0.9937933683
0.9943625927
0.9948971272
0.9951883554
0.9939322472
0.9951189756
0.9935593605
0.9949870706
0.9934413433
0.9932287931
0.9929413795
0.9945820570
0.9953266382
0.9938557148
0.9941885471
0.9938806295
0.9944511652
0.9946951270
0.9957098365
0.9922772646
0.9952360392
0.9927380681
0.9954301119
0.9949520826
0.9954859018
0.9941031933
0.9941354990
0.9942353964
0.9934507608
0.9953811169
0.9958966970
0.9925087690
0.9930467606
0.9937328100
0.9939308167
0.9953277111
0.9938039780
0.9948499203
0.9935481548
0.9946356416
0.9944634438
0.9917715788
0.9935284257
0.9939677119
0.9935069084
0.9944437742
0.9937753677
0.9951267242
0.9950711131
0.9949722290
0.9941434264
0.9955295324
0.9930990338
0.9950970411
0.9928433895
0.9945472479
0.9953160882
0.9931491613
0.9943442345
0.9949793220
0.9943870902
0.9943467975
0.9940603971
0.9951727390
0.9932454824
0.9944654107
0.9935960770
0.9956777692
0.9933106899
0.9931339025
0.9941555858
0.9952093959
0.9942461252
0.9953923821
0.9934926033
0.9923676252
0.9944362640
0.9929050803
0.9940677881
0.9942222238
0.9957703352
0.9927261472
0.9939908981
0.9948302507
0.9927834272
0.9948183298
0.9931800365
0.9941986799
0.9934566021
0.9945362806
0.9949485660
0.9942140579
0.9949373007
0.9932754636
0.9941741824
0.9921219349
0.9947006702
0.9945223927
0.9945267439
0.9956665039
0.9942950010
0.9959472418
0.9948114157
0.9936757088
0.9933010340
0.9941753149
0.9945765734
0.9943238497
0.9939329028
0.9941565990
0.9904875755
0.9931297898
0.9927006960
0.9929295778
0.9906491041
0.9893584847
0.9914713502
0.9899253845
0.9928393364
0.9914178848
0.9890999794
0.9932880402
0.9927159548
0.9923763871
0.9937912226
0.9895054102
0.9934251308
0.9906610250
0.9927991629
0.9917933345
0.9915271997
0.9901084900
0.9934899807
0.9940601587
0.9922189713
0.9922397137
0.9931297302
0.9915992022
0.9909751415
0.9915974736
0.9914786816
0.9894373417
0.9916999340
0.9922502041
0.9933562279
0.9921258688
0.9930642843
0.9901646376
0.9918320179
0.9902415276
0.9927613139
0.9904075861
0.9906316996
0.9930598736
0.9915751219
0.9909085035
0.9912661910
0.9921081066
0.9928295612
0.9918705225
0.9912464023
0.9920281172
0.9933805466
0.9918334484
0.9929114580
0.9924191833
0.9918960333
0.9915423393
0.9888460636
0.9926127195
0.9936040640
0.9905273318
0.9933850765
0.9910455942
0.9927556515
0.9912756085
0.9927828312
0.9920827150
0.9911233187
0.9911661148
0.9924560785
0.9927729368
0.9911766052
0.9899750948
0.9930052161
0.9928973913
0.9929245710
0.9920312762
0.9923309088
0.9938426018
0.9929518700
0.9931152463
0.9907180071
0.9915221334
0.9921267033
0.9895015359
0.9924569130
0.9923287034
0.9939066172
0.9907473326
0.9891167879
0.9899892807
0.9929977655
0.9896086454
0.9927321076
0.9932172894
0.9928365946
0.9929602146
0.9933160543
0.9895769358
0.9929620028
0.9905034304
0.9905761480
0.9926381111
0.9908725023
0.9919507504
0.9914233685
0.9936817884
0.9918175936
0.9913486242
0.9927752018
0.9937745333
0.9930918217
0.9930729866
0.9917439222
0.9913238883
0.9938387275
0.9901506305
0.9909695387
0.9907158613
0.9908174276
0.9935908318
0.9925149679
0.9913599491
0.9908875227
0.9920339584
0.9933180809
0.9911066890
0.9914110899
0.9914909601
0.9924575090
0.9932286739
0.9921067953
0.9932771921
0.9903286695
0.9924880862
0.9933650494
0.9921628237
0.9920397401
0.9911211729
0.9925431609
0.9921360612
0.9893901348
0.9922218919
0.9914467931
0.9927188158
0.9896953106
0.9906314015
0.9915437698
0.9932199121
0.9911245108
0.9909324646
0.9920830131
0.9931612015
0.9918503761
0.9928506613
0.9922984242
0.9936054945
0.9933010340
0.9926015139
0.9944621325
0.9912139773
0.9900394678
0.9923315048
0.9926187396
0.9919049740
0.9923611879
0.9934462309
0.9920188189
0.9918367863
0.9912239313
0.9928472042
0.9895329475
0.9907304645
0.9923812151
0.9904960394
0.9918571711
0.9932316542
0.9894999862
0.9909685850
0.9908146858
0.9925729036
0.9932423830
0.9894551039
0.9935557842
0.9911356568
0.9922764301
0.9884554148
0.9916473627
0.9893667102
0.9893541336
0.9924541712
0.9928975105
0.9914312363
0.9921740294
0.9929950237
0.9912312031
0.9923912287
0.9922031164
0.9924992919
0.9897763729
0.9922137260
0.9869602919
0.9906412363
0.9906646609
0.9887782335
0.9921631217
0.9927694201
0.9917150736
0.9929762483
0.9912821054
0.9934947491
0.9910453558
0.9912810922
0.9940866232
0.9916206598
0.9929126501
0.9911657572
0.9918844700
0.9920863509
0.9938547611
0.9906097054
0.9896815419
0.9932849407
0.9935321808
0.9936507940
0.9927861691
0.9921510220
0.9930037856
0.9927202463
0.9925776720
0.9940862060
0.9905771017
0.9920264482
0.9930690527
0.9927707911
0.9909581542
0.9955634475
0.9911309481
0.9922007918
0.9917678833
0.9928196073
0.9909472466
0.9927006960
0.9927213192
0.9932281971
0.9920877218
0.9928704500
0.9904712439
0.9910717010
0.9923720360
0.9916515350
0.9913594723
0.9919029474
0.9908173084
0.9932923317
0.9932277203
0.9928622246
0.9898544550
0.9932284355
0.9915372133
0.9915013313
0.9910228252
0.9924415350
0.9936746359
0.9895890951
0.9889953136
0.9903463125
0.9915491343
0.9917213917
0.9926938415
0.9909830093
0.9931538105
0.9890908599
0.9899524450
0.9917329550
0.9940513372
0.9932157993
0.9896152020
0.9929320216
0.9930114746
0.9929380417
0.9923642874
0.9942334294
0.9917927980
0.9909549952
0.9917024374
0.9912048578
0.9921495914
0.9930603504
0.9931702614
0.9925113916
0.9924738407
0.9926962852
0.9911815524
0.9929652214
0.9903939962
0.9915771484
0.9927868843
0.9928098917
0.9925399423
0.9918441772
0.9920866489
0.9936432838
0.9886660576
0.9904808402
0.9930114746
0.9925005436
0.9921922088
0.9917427301
0.9925486445
0.9912976027
0.9932702184
0.9907366633
0.9904946685
0.9918369651
0.9890682697
0.9930469394
0.9906366467
0.9895869493
0.9898643494
0.9916557074
0.9909530878
0.9933131933
0.9931727648
0.9901423454
0.9921164513
0.9930187464
0.9915910959
0.9894694686
0.9922802448
0.9915094376
0.9898667932
0.9912905097
0.9915198088
0.9913154840
0.9917665720
0.9945290089
0.9921483994
0.9917128086
0.9934022427
0.9923672676
0.9937144518
0.9918416739
0.9909462929
0.9890958667
0.9924734831
0.9906057119
0.9908285141
0.9912326932
0.9932574034
0.9913436174
0.9941658974
0.9949252605
0.9913011789
0.9914517403
0.9925493598
0.9911388159
0.9924274683
0.9906861782
0.9925239086
0.9907040596
0.9942026138
0.9899661541
0.9931141734
0.9934984446
0.9910044670
0.9895414114
0.9903232455
0.9930561781
0.9924676418
0.9908806682
0.9921730161
0.9926855564
0.9928338528
0.9938362241
0.9908649921
0.9932489395
0.9901066422
0.9912117124
0.9925398231
0.9891144037
0.9913909435
0.9918720126
0.9945424795
0.9910972118
0.9898555279
0.9941251874
0.9922584295
0.9905369878
0.9902585745
0.9944579601
0.9934161901
0.9940950871
0.9893594980
0.9912908077
0.9949172735
0.9941031933
0.9921973944
0.9935211539
0.9903039336
0.9929720163
0.9932376146
0.9917269945
0.9895085692
0.9901521206
0.9918274879
0.9927145243
0.9941515923
0.9919831157
0.9919711947
0.9937421083
0.9915647507
0.9905050993
0.9893679619
0.9914852381
0.9928955436
0.9907255173
0.9913407564
0.9927399158
0.9923168421
0.9931753874
0.9894095063
0.9918694496
0.9922782183
0.9910562038
0.9878579378
0.9889237285
0.9922578335
0.9924634695
0.9882850647
0.9936521053
0.9926105738
0.9923869371
0.9922372103
0.9926699400
0.9916855097
0.9938260317
0.9937183261
0.9924477339
0.9939824343
0.9935137033
0.9950783253
0.9917619228
0.9937251806
0.9935480356
0.9921352863
0.9917808771
0.9926602840
0.9906705618
0.9902380705
0.9920580387
0.9911340475
0.9917063713
0.9914587736
0.9901119471
0.9923207760
0.9913751483
0.9910308123
0.9923160076
0.9918887615
0.9936575890
0.9915220737
0.9946368933
0.9903919101
0.9913755655
0.9920307398
0.9921429157
0.9927036762
0.9917675853
0.9937309027
0.9936672449
0.9920942783
0.9907654524
0.9877817631
0.9887233973
0.9935356379
0.9923255444
0.9915614724
0.9916984439
0.9928876162
0.9931149483
0.9923050404
0.9931426048
0.9918263555
0.9921786189
0.9928944111
0.9935983419
0.9912925959
0.9930824041
0.9895121455
0.9918508530
0.9925327301
0.9928945303
0.9926046729
0.9914101362
0.9947782755
0.9920488596
0.9919596910
0.9946302176
0.9915863276
0.9903994799
0.9903342128
0.9938570857
0.9904033542
0.9914294481
0.9919407368
0.9925155640
0.9922491312
0.9922943115
0.9918251634
0.9931379557
0.9922666550
0.9885174632
0.9925753474
0.9932110310
0.9930526614
0.9910423756
0.9923916459
0.9933156967
0.9915012121
0.9912757277
0.9913986921
0.9928264022
0.9881869555
0.9924478531
0.9902741313
0.9904286265
0.9901227355
0.9909198880
0.9928591251
0.9899162054
0.9913892746
0.9935090542
0.9917333126
0.9915561676
0.9899533987
0.9908167124
0.9886014462
0.9935965538
0.9893869162
0.9937946200
0.9903739691
0.9918770790
0.9909557104
0.9917226434
0.9900205135
0.9919221997
0.9937639832
0.9942423105
0.9927945137
0.9921348095
0.9918802977
0.9933556318
0.9919763803
0.9935582280
0.9925421476
0.9943065643
0.9909367561
0.9925863743
0.9915922880
0.9937590361
0.9924036264
0.9923413992
0.9891820550
0.9922745228
0.9906604290
0.9928475618
0.9927701950
0.9897353649
0.9908716679
0.9936820269
0.9917527437
0.9928638935
0.9947025776
0.9917601347
0.9918404818
0.9929927588
0.9910888672
0.9915950894
0.9910018444
0.9924368858
0.9908653498
0.9906646609
0.9924165606
0.9914425611
0.9920377731
0.9924213886
0.9936972260
0.9931843281
0.9915087223
0.9918031693
0.9934939742
0.9926302433
0.9911720753
0.9895515442
0.9923232794
0.9920756817
0.9903080463
0.9949017763
0.9935059547
0.9920637012
0.9905683398
0.9906808138
0.9900730848
0.9920543432
0.9930176735
0.9907164574
0.9913088083
0.9930922985
0.9936656952
0.9917830825
0.9923914671
0.9942775965
0.9924322367
0.9898993969
0.9913045168
0.9893819094
0.9912359118
0.9917759299
0.9898598194
0.9928166866
0.9932339787
0.9930360317
0.9899423122
0.9903559685
0.9903039336
0.9936639071
0.9888280630
0.9926984310
0.9920585155
0.9922008514
0.9932745695
0.9928267002
0.9911283255
0.9932438135
0.9900982976
0.9932278395
0.9949269295
0.9917435646
0.9910260439
0.9886723757
0.9938782454
0.9905300736
0.9946317673
0.9917868376
0.9916795492
0.9918673038
0.9930202365
0.9893245101
0.9912114143
0.9934923649
0.9916697145
0.9919254780
0.9912979603
0.9940569401
0.9921696186
0.9912823439
0.9898040891
0.9911564589
0.9927281141
0.9921497107
0.9912929535
0.9928929806
0.9907622337
0.9927926660
0.9914556742
0.9908474684
0.9881242514
0.9927601814
0.9930508733
0.9900251627
0.9910535812
0.9911426306
0.9910769463
0.9927535057
0.9926214814
0.9898617268
0.9932492971
0.9891357422
0.9934392571
0.9922001362
0.9935909510
0.9903674126
0.9921094179
0.9920520782
0.9913852811
0.9935556054
0.9939578772
0.9901266098
0.9902650118
0.9913949966
0.9905040264
0.9937241077
0.9919673204
0.9928007126
0.9888188839
0.9923362732
0.9917783737
0.9893814325
0.9904713631
0.9906805158
0.9901998639
0.9917939901
0.9906737804
0.9925178289
0.9924339652
0.9926088452
0.9907272458
0.9939002991
0.9886701107
0.9933568835
0.9900488853
0.9917749166
0.9938866496
0.9896943569
0.9932966828
0.9927013516
0.9914644957
0.9909797907
0.9916516542
0.9934110641
0.9895313382
0.9920557737
0.9913843870
0.9932876825
0.9899679422
0.9896273613
0.9912698269
0.9926939607
0.9915781021
0.9931041002
0.9900971651
0.9894636869
0.9919208884
0.9894836545
0.9917789698
0.9913817048
0.9937955141
0.9895241857
0.9914676547
0.9933113456
0.9902380705
0.9926491380
0.9904069304
0.9919606447
0.9886732101
0.9919523001
0.9928679466
0.9910647869
0.9924896359
0.9892315865
0.9915348887
0.9898365736
0.9911313057
0.9922007918
0.9922072291
0.9937558174
0.9918192625
0.9947516322
0.9937261343
0.9907017946
0.9888983965
0.9927803874
0.9928822517
0.9907884002
0.9902030230
0.9906450510
0.9675799608
0.9769299030
0.9733465910
0.9794044495
0.9685133696
0.9657712579
0.9716858268
0.9649620056
0.9752473831
0.9713091254
0.9643127918
0.9758104086
0.9783033133
0.9723962545
0.9782864451
0.9713545442
0.9754818082
0.9676774740
0.9777825475
0.9732884169
0.9726512432
0.9649732113
0.9770065546
0.9798505306
0.9722563028
0.9731014967
0.9753946066
0.9736303091
0.9713569880
0.9736967087
0.9744757414
0.9670377374
0.9720640779
0.9739476442
0.9789600372
0.9753568172
0.9777107239
0.9651275277
0.9713662863
0.9672222733
0.9766387939
0.9682219625
0.9720717669
0.9758918285
0.9685645103
0.9701441526
0.9735624790
0.9747695923
0.9753016233
0.9763339162
0.9722073078
0.9758101702
0.9752984047
0.9725352526
0.9787739515
0.9730217457
0.9709516764
0.9733932018
0.9600912929
0.9761074781
0.9785510302
0.9683545828
0.9785280824
0.9721180797
0.9764887094
0.9739478827
0.9790704250
0.9757952690
0.9693489075
0.9669197202
0.9739747047
0.9778363705
0.9711803198
0.9645594358
0.9781401157
0.9724680185
0.9764991999
0.9764417410
0.9777566195
0.9813123345
0.9774091840
0.9780682921
0.9699989557
0.9697449207
0.9750219584
0.9657493830
0.9765950441
0.9753159881
0.9805181623
0.9687649012
0.9659533501
0.9701367617
0.9782751799
0.9637520313
0.9736943841
0.9767697453
0.9775130749
0.9789146185
0.9776481390
0.9690854549
0.9750161171
0.9691033363
0.9706791639
0.9744146466
0.9711751342
0.9734445214
0.9676862955
0.9783360958
0.9705552459
0.9727209210
0.9755370021
0.9769917130
0.9782202244
0.9720858335
0.9710180759
0.9677165151
0.9778079987
0.9645131826
0.9681020975
0.9709836841
0.9724222422
0.9774909019
0.9755845070
0.9725409746
0.9731477499
0.9739469886
0.9763251543
0.9697657824
0.9713028073
0.9670080543
0.9728838205
0.9780931473
0.9740091562
0.9774300456
0.9678733349
0.9765821695
0.9773041606
0.9741167426
0.9757980108
0.9724941254
0.9725304246
0.9705117941
0.9680548906
0.9753722548
0.9747667313
0.9761395454
0.9662507772
0.9700126648
0.9704232812
0.9796475172
0.9677013159
0.9706870317
0.9708442092
0.9755258560
0.9743309021
0.9750657082
0.9759933352
0.9759726524
0.9794133902
0.9771475792
0.9835794568
0.9750481844
0.9652123451
0.9726619720
0.9748015404
0.9760745764
0.9735078216
0.9807749987
0.9718378782
0.9738651514
0.9709822536
0.9782472849
0.9694863558
0.9682991505
0.9747471809
0.9665213227
0.9750404358
0.9794838428
0.9684443474
0.9736413956
0.9700777531
0.9729753733
0.9791768789
0.9628519416
0.9795913100
0.9674085379
0.9755853415
0.9625417590
0.9768185616
0.9687440395
0.9660180807
0.9761217833
0.9763734341
0.9691430330
0.9739444256
0.9735706449
0.9724836946
0.9758055806
0.9731153250
0.9721086621
0.9640924335
0.9742455482
0.9562858939
0.9717417955
0.9702700377
0.9657637477
0.9766336679
0.9732646942
0.9745711088
0.9770777225
0.9686992168
0.9794390202
0.9702043533
0.9720348120
0.9797391891
0.9750847816
0.9741073847
0.9679967165
0.9744892120
0.9722199440
0.9804311991
0.9695332050
0.9671331644
0.9762830138
0.9756126404
0.9803617001
0.9730747938
0.9716056585
0.9787388444
0.9741018414
0.9788793921
0.9807621837
0.9699808359
0.9763277173
0.9794123173
0.9774299860
0.9712351561
0.9856992960
0.9732443094
0.9746100903
0.9755946994
0.9764609933
0.9713512659
0.9776811600
0.9748657942
0.9754365087
0.9765284657
0.9759035707
0.9677512050
0.9720649719
0.9763660431
0.9748538733
0.9720722437
0.9757671356
0.9681155682
0.9779481888
0.9777003527
0.9766662121
0.9671787024
0.9795749187
0.9738184214
0.9727301598
0.9700579643
0.9774024487
0.9777444601
0.9671063423
0.9653012156
0.9694548845
0.9725961089
0.9740946293
0.9763658047
0.9728857279
0.9730019569
0.9673070908
0.9661592245
0.9726809263
0.9810071588
0.9775681496
0.9684733748
0.9756685495
0.9759289026
0.9750108123
0.9728980064
0.9800220132
0.9743953943
0.9725285769
0.9746282101
0.9739097953
0.9767359495
0.9743180871
0.9756429791
0.9765772820
0.9775991440
0.9734435081
0.9726353288
0.9781878591
0.9729025960
0.9725878239
0.9773987532
0.9740686417
0.9751178026
0.9751524329
0.9734112620
0.9775147438
0.9614137411
0.9685199261
0.9793981314
0.9727424383
0.9690477848
0.9746422768
0.9749953747
0.9705236554
0.9794515967
0.9698845148
0.9643117785
0.9703764319
0.9674129486
0.9756504297
0.9689834118
0.9681304097
0.9688146710
0.9710302353
0.9737789035
0.9765069485
0.9740784168
0.9672278762
0.9734326601
0.9774886370
0.9712059498
0.9689655900
0.9714164138
0.9719091654
0.9682958126
0.9744622707
0.9731235504
0.9705474377
0.9706366062
0.9800616503
0.9747102261
0.9719358683
0.9766916633
0.9779495001
0.9771256447
0.9771847725
0.9696262479
0.9675993919
0.9726331830
0.9671069384
0.9723457098
0.9731736779
0.9791573286
0.9729654789
0.9805313349
0.9811370373
0.9712945223
0.9663597345
0.9743022323
0.9687720537
0.9747322798
0.9684935212
0.9763072729
0.9701136947
0.9805613756
0.9711354971
0.9777601957
0.9777220488
0.9693417549
0.9651315212
0.9707503915
0.9793473482
0.9708979130
0.9723408222
0.9730061293
0.9752410650
0.9763183594
0.9794220924
0.9716161489
0.9779244065
0.9686512947
0.9711187482
0.9735300541
0.9658010006
0.9698553085
0.9733231068
0.9788211584
0.9719063044
0.9715108275
0.9808902740
0.9700493217
0.9728553295
0.9709442258
0.9808012247
0.9769719839
0.9800580740
0.9722702503
0.9733054638
0.9817199111
0.9779902697
0.9766957760
0.9793571234
0.9652966261
0.9776233435
0.9774144292
0.9720230103
0.9649003744
0.9682569504
0.9746426344
0.9717309475
0.9799979925
0.9706593156
0.9727977514
0.9777718782
0.9739401340
0.9683759212
0.9630982876
0.9709174037
0.9782521725
0.9721756577
0.9720587730
0.9743739367
0.9727021456
0.9799067974
0.9608764052
0.9715198278
0.9744490981
0.9723920822
0.9621343613
0.9646233320
0.9745458364
0.9774519205
0.9645164013
0.9806192517
0.9808697701
0.9738144875
0.9711578488
0.9738287926
0.9696168303
0.9809305668
0.9789773226
0.9751541615
0.9809377789
0.9743463993
0.9826180935
0.9720888138
0.9774261713
0.9782124162
0.9714685082
0.9737889767
0.9751049876
0.9715685248
0.9680813551
0.9742289782
0.9683415890
0.9673125744
0.9738487005
0.9670390487
0.9744873047
0.9730494618
0.9684755206
0.9757931232
0.9769290686
0.9787678123
0.9693235755
0.9813035727
0.9721866846
0.9730225205
0.9734904766
0.9735592604
0.9783366919
0.9743090868
0.9803725481
0.9785032272
0.9727236032
0.9716279507
0.9570047855
0.9695782065
0.9796185493
0.9719892740
0.9709429145
0.9753233194
0.9778190851
0.9771353006
0.9748669267
0.9748286009
0.9738755822
0.9708695412
0.9782999158
0.9787243605
0.9675511718
0.9778664112
0.9673825502
0.9734158516
0.9758197069
0.9761826396
0.9745662212
0.9711565375
0.9824560881
0.9739151001
0.9713037014
0.9823407531
0.9690183997
0.9701722860
0.9659056664
0.9783433676
0.9667288065
0.9730024338
0.9746832848
0.9732018113
0.9750838876
0.9754497409
0.9754102230
0.9751793146
0.9773909450
0.9602316618
0.9774050713
0.9771785736
0.9784140587
0.9692817926
0.9731967449
0.9784204960
0.9717540741
0.9728866816
0.9706176519
0.9744665623
0.9597752094
0.9750081301
0.9685802460
0.9705432057
0.9665324092
0.9669864774
0.9774056673
0.9707503319
0.9738514423
0.9777753353
0.9754351974
0.9722667933
0.9673268795
0.9707262516
0.9626030922
0.9798121452
0.9669213891
0.9786006212
0.9702633619
0.9759798050
0.9740846157
0.9743871689
0.9694750309
0.9726277590
0.9806330204
0.9794538617
0.9724056721
0.9726016521
0.9757482409
0.9789299369
0.9746590853
0.9790761471
0.9765772820
0.9808413982
0.9715891480
0.9765474796
0.9715353847
0.9752159119
0.9757084846
0.9738134146
0.9640397429
0.9759718180
0.9674041271
0.9796910286
0.9751771688
0.9666444063
0.9739632607
0.9767267108
0.9717024565
0.9775841236
0.9805456400
0.9748548269
0.9743883610
0.9769335985
0.9648047686
0.9762781858
0.9743541479
0.9745494127
0.9679688215
0.9634673595
0.9732834697
0.9720087051
0.9751522541
0.9733785391
0.9769442081
0.9749933481
0.9734824896
0.9722365737
0.9793636799
0.9759784937
0.9702709913
0.9644362926
0.9790588021
0.9745786190
0.9639298916
0.9834817052
0.9790312648
0.9764858484
0.9662430286
0.9674681425
0.9619311094
0.9699649811
0.9800137281
0.9718744755
0.9736558795
0.9765146971
0.9794211388
0.9735022783
0.9730383158
0.9815232754
0.9748802185
0.9662546515
0.9762357473
0.9639099836
0.9757711887
0.9744274616
0.9689514637
0.9789639711
0.9791267514
0.9785217047
0.9633740187
0.9633170962
0.9689627886
0.9798084497
0.9645986557
0.9754986763
0.9760034680
0.9742481709
0.9763070345
0.9774701595
0.9714584947
0.9781545401
0.9682496786
0.9764508009
0.9840773344
0.9753251076
0.9727801681
0.9590612054
0.9801880121
0.9697914124
0.9824217558
0.9754802585
0.9693990350
0.9732052088
0.9798297286
0.9630101323
0.9714189768
0.9764499068
0.9719240665
0.9722685814
0.9680482149
0.9807893038
0.9696228504
0.9713844061
0.9659488201
0.9727138281
0.9733741283
0.9767564535
0.9743580222
0.9792346954
0.9692853689
0.9781044126
0.9652681351
0.9666852951
0.9601567984
0.9760140777
0.9768234491
0.9687262774
0.9696987867
0.9733048677
0.9729132652
0.9751734734
0.9745653868
0.9661487341
0.9773517847
0.9685698152
0.9786885977
0.9740140438
0.9759339690
0.9699980617
0.9756335020
0.9756895304
0.9685069323
0.9801513553
0.9807755947
0.9707146883
0.9720054865
0.9671701193
0.9717938900
0.9781302214
0.9767940044
0.9756135345
0.9635257721
0.9742119312
0.9759956002
0.9598080516
0.9670825005
0.9692811966
0.9678981900
0.9702869654
0.9723488092
0.9737849236
0.9765239954
0.9751802087
0.9715962410
0.9801520109
0.9689805508
0.9760119915
0.9647771120
0.9716356397
0.9790091515
0.9661602974
0.9729482532
0.9781310558
0.9692533612
0.9744374752
0.9731589556
0.9782171845
0.9700158834
0.9748054743
0.9714457989
0.9778919220
0.9668792486
0.9699029922
0.9726368189
0.9744116068
0.9741779566
0.9781122208
0.9676750898
0.9700235128
0.9735235572
0.9687013626
0.9727605581
0.9739233255
0.9768235683
0.9707204103
0.9722077847
0.9758062959
0.9660357833
0.9752169847
0.9712176323
0.9713951945
0.9635543823
0.9773981571
0.9783848524
0.9733892679
0.9749813676
0.9691534638
0.9723930359
0.9622159600
0.9745497108
0.9742842317
0.9754559994
0.9786175489
0.9710664749
0.9810507298
0.9779133797
0.9646257162
0.9647365212
0.9755791426
0.9736139178
0.9712438583
0.9660416842
0.9698811769
