0.5715435743
0.5441750884
0.5509330034
0.4647927880
0.5556044579
0.5250576138
0.4977993965
0.5044705868
0.5356370807
0.4745000005
0.4382285774
0.5440995097
0.4863325655
0.4099668264
0.5069658756
0.5454370975
0.5124484897
0.5372707248
0.5609613061
0.4409026504
0.4953667223
0.6080275178
0.5343884230
0.4990507066
0.5039753318
0.4219733477
0.5435136557
0.5237528086
0.4293099940
0.5049549341
0.5319783688
0.5061269999
0.4414291680
0.5032833219
0.5292699337
0.4761206806
0.4642499387
0.5599386096
0.5027921200
0.5939934850
0.4525056779
0.5083053112
0.5073558092
0.4469543099
0.5196850300
0.5569763780
0.5116890073
0.5349381566
0.4562920332
0.5406812429
0.5278884172
0.5369191170
0.4395990074
0.5482827425
0.4297155142
0.5211334825
0.4219242036
0.5413959026
0.5577102900
0.5007758141
0.5375982523
0.4216832519
0.4280275106
0.5393552184
0.4366208017
0.4178510904
0.4922914803
0.5592330694
0.5100098252
0.4728371799
0.4089658856
0.4936079681
0.5482645035
0.5331872106
0.5053735971
0.4344038963
0.4827538729
0.4612359703
0.5012243986
0.5522329211
0.4533766508
0.4843807817
0.5499997139
0.4848262370
0.5319343209
0.4270686805
0.4785878658
0.5356328487
0.5139586329
0.4822049439
0.4471318126
0.4805817306
0.5481876135
0.4521285892
0.4822897017
0.4916953743
0.5458061695
0.4537798464
0.4875812531
0.5455740094
0.5005331635
0.5176824331
0.5084019303
0.5689698458
0.4364420772
0.5751875043
0.3875091970
0.5269905925
0.5484619141
0.3789344430
0.5442212820
0.4461799562
0.4606798291
0.4840622544
0.4885801375
0.4991837144
0.5091475844
0.5130764842
0.3925245404
0.5018895864
0.5658465624
0.5778828859
0.5187414289
0.5119704008
0.4914399981
0.6024928093
0.4952242672
0.5360460877
0.3888786435
0.6902428269
0.5020518899
0.5717239380
0.4653999209
0.4506312609
0.5330122113
0.5055470467
0.4253000617
0.5360301733
0.5587834120
0.5773715377
0.4617215693
0.5689103007
0.5272559524
0.4267401099
0.5450623631
0.3840584755
0.5509893298
0.4668309987
0.5296806097
0.5027723908
0.4164502025
0.6263688207
0.5778564215
0.4631971717
0.5192102194
0.4754194915
0.5273102522
0.5125371814
0.5553699732
0.4466992021
0.5102673769
0.4785488546
0.4430998564
0.4573525488
0.4896284938
0.4284969270
0.4615278244
0.4234199822
0.4987782836
0.4543372691
0.4594679475
0.4571463466
0.5623388886
0.4553032517
0.5275305510
0.4994653463
0.5517135859
0.5126690269
0.4599328637
0.4463312626
0.5091664195
0.4436712563
0.5087790489
0.3975002766
0.4388498068
0.5544569492
0.4870989025
0.4579823911
0.5169844031
0.5084332228
0.4936938584
0.4975931942
0.5091973543
0.4722035527
0.6283705235
0.5556392670
0.5647531152
0.5017663836
0.4849477112
0.4481916428
0.5221102834
0.5798711777
0.5112338662
0.4419307411
0.5446672440
0.4826246798
0.5047605634
0.4866359234
0.4616088867
0.4473364055
0.5105118752
0.4367144704
0.4550248384
0.5463529229
0.4996938407
0.5377699137
0.5592753887
0.4978049397
0.5175141692
0.5048756599
0.4572017193
0.4854006767
0.5103782415
0.4585257471
0.5497434139
0.5104218125
0.4792385697
0.5242168903
0.5525025725
0.4447392225
0.4375545979
0.5401166677
0.4246306419
0.5424309373
0.4374902248
0.4333610535
0.4550903440
0.5265296102
0.5021661520
0.4885021448
0.5005270839
0.4475401044
0.5293878317
0.4514779747
0.5060983300
0.5920124054
0.5444867611
0.5391972661
0.5041447878
0.5376830697
0.5010503531
0.4900025427
0.5959350467
0.4964077771
0.5361511111
0.4639275074
0.5180366039
0.5902881622
0.5240481496
0.5695018768
0.5003033876
0.4501320422
0.4936662614
0.5465610027
0.4914387763
0.5659226179
0.5008378029
0.5308802128
0.5622469783
0.6066620946
0.4167524874
0.4784134626
0.5028943419
0.4234489799
0.4493959546
0.5743541121
0.4308227599
0.4515923262
0.4102971256
0.4936039448
0.5395988226
0.5556979179
0.4392821491
0.3860132098
0.5247761011
0.4632284343
0.5731348991
0.4639279842
0.4606126845
0.3848082423
0.4633165896
0.4371964633
0.5092312098
0.4402736127
0.4852437377
0.5436798334
0.4929986000
0.5760452151
0.4942912161
0.4845667779
0.3904894292
0.5483989120
0.5197540522
0.5543754697
0.5521850586
0.5020614266
0.5127256513
0.4355486035
0.4202316403
0.4524558187
0.5374836326
0.5834317207
0.4559482932
0.4427316189
0.5462221503
0.4598147273
0.5617637038
0.5185328126
0.5413070321
0.4667507708
0.4459332526
0.4186607897
0.6298748851
0.4413841665
0.5122264028
0.4477736354
0.4768479466
0.5532802939
0.5092556477
0.4826391935
0.4810433686
0.4954784513
0.4907187521
0.5636800528
0.5949931145
0.4632308185
0.4335597754
0.5661730170
0.4516296089
0.4561117887
0.5100407004
0.4583305418
0.4902942181
0.5150532722
0.4530844092
0.4607264400
0.5563554168
0.5498425364
0.4989812970
0.4316327274
0.4746438563
0.4796997607
0.5396185517
0.5404365063
0.6280056238
0.5745056272
0.5342042446
0.4189889431
0.5234407783
0.5527390838
0.5094475150
0.4925839901
0.4925920963
0.4798691571
0.4604408145
0.4997058809
0.5556994081
0.5184919834
0.4878547788
0.6141782999
0.4745775163
0.5962902904
0.5260274410
0.5014749765
0.5611522198
0.5449241996
0.4560411274
0.4649641812
0.4067485631
0.5250103474
0.5219243765
0.5023713112
0.5116720200
0.5559097528
0.4400606453
0.5240435004
0.4865885377
0.5105301738
0.4811128676
0.5656949282
0.6066107154
0.4488613605
0.5002965927
0.4737753868
0.5045654774
0.5129152536
0.4527483284
0.4372344017
0.4717299044
0.4998208880
0.5165209770
0.4180371761
0.4830005169
0.5103664398
0.4874539077
0.5051034689
0.4521722794
0.4809024036
0.4287039638
0.3636643887
0.5138282776
0.4856349230
0.5340766311
0.5174682736
0.4288433492
0.5067135096
0.4331847131
0.4188619256
0.4781242609
0.5393756628
0.4366902113
0.4657752514
0.5166925788
0.5136960149
0.5195258856
0.4833553433
0.4960151911
0.5042633414
0.4502941370
0.4397201538
0.4813179672
0.5680036545
0.5587630868
0.5588661432
0.5455838442
0.4311082363
0.3955021501
0.5603929758
0.5263653398
0.4700840414
0.5461695790
0.4767629504
0.4406912029
0.5437918901
0.5122982264
0.5208330750
0.5386006832
0.5327785015
0.5563150048
0.5060989857
0.5685214996
0.5095875263
0.4991329014
0.4861249328
0.5745697021
0.4283285737
0.4579111934
0.4292730689
0.4529076219
0.4607311189
0.4172286689
0.4191454947
0.4900299311
0.4560638964
0.4469603002
0.4419530034
0.4725189507
0.4743563235
0.5511708856
0.4080005884
0.5230651498
0.5099353790
0.5142204762
0.5821632743
0.4596841037
0.4905067980
0.4907668233
0.4861049950
0.4807147980
0.5116743445
0.4797528982
0.5104967952
0.4899082780
0.5373727083
0.5009650588
0.5334073901
0.4751837850
0.4920229614
0.5595924258
0.4243507683
0.4958425462
0.4975195825
0.4480376244
0.5320252180
0.4627352655
0.4059816003
0.4757251740
0.5052857995
0.5422756076
0.4354946911
0.4707936943
0.4735322595
0.5145148039
0.5243279934
0.5005672574
0.4897703230
0.4338613749
0.5195980668
0.3702153563
0.5034711957
0.4200153947
0.4838497341
0.4851253033
0.4547061324
0.4814489186
0.4901335239
0.5319737792
0.5613647699
0.4666716754
0.5245189667
0.5393781662
0.5891244411
0.4208314717
0.4829490483
0.4410586059
0.4404334426
0.4288168550
0.5939788818
0.5368074179
0.4893648624
0.5188136697
0.5027331114
0.4962013364
0.4998044372
0.5000993609
0.3888877332
0.4576680660
0.5419760346
0.4891523123
0.5053966641
0.5284399390
0.5414620042
0.4241540134
0.4898557663
0.4683425725
0.4997669458
0.5047971606
0.5687777400
0.4732983112
0.4866152108
0.5434008837
0.4394148588
0.5264415741
0.5050383210
0.5259463191
0.4406989217
0.4495536983
0.5203149319
0.5764903426
0.6184563041
0.4183616638
0.5059404969
0.5021384954
0.5209701657
0.4601503015
0.5016893744
0.5195348263
0.4373975694
0.4307523370
0.4624434412
0.4880013466
0.4571955800
0.4873379469
0.5157509446
0.5527992249
0.5336436033
0.4443508387
0.4735055268
0.5136679411
0.5862337351
0.5202587247
0.5083109736
0.5305647254
0.5395316482
0.5194523335
0.5357175469
0.5195527077
0.4974507689
0.4559558332
0.4113971591
0.5205154419
0.4398955405
0.5333593488
0.5311746001
0.4881024063
0.5045297742
0.4381101131
0.3476174176
0.5925453901
0.5781736374
0.4697754383
0.4562371969
0.5895344615
0.4869772792
0.4817196131
0.5212911367
0.4544332623
0.4799229801
0.5785360932
0.5116716623
0.4163869619
0.4821065366
0.4859066606
0.5930843353
0.4801916480
0.4646237195
0.6558777094
0.4732534289
0.6111575365
0.5268976092
0.4409620166
0.4830428660
0.5073894858
0.5294798613
0.4149693847
0.4379303455
0.4551903903
0.5889888406
0.4465296865
0.4712396860
0.4218150675
0.4816481471
0.4884243608
0.5044108033
0.4379662573
0.5374571085
0.4914875925
0.4281356037
0.5202473998
0.5293061733
0.5470253825
0.5301461220
0.5437681079
0.4728368521
0.5566379428
0.5309969783
0.4979714751
0.4961944520
0.5360403061
0.4851815104
0.4463540614
0.5418888927
0.4866001904
0.4363676906
0.5012631416
0.5535016060
0.5132880807
0.5403055549
0.5703945160
0.4529671371
0.5002799034
0.6063594222
0.5253925323
0.4995087683
0.5164601207
0.4339197874
0.5306625366
0.5332872868
0.4400223494
0.5058885813
0.5275307894
0.4849917591
0.4479602575
0.5020377040
0.5267158747
0.4816292226
0.4721247554
0.5585457087
0.5038164854
0.5889309049
0.4588356614
0.5099201798
0.5004392266
0.4530378282
0.5137296319
0.5541208386
0.5103809237
0.5342401266
0.4701421559
0.5263618231
0.5383316875
0.5509713888
0.4447399676
0.5652117133
0.4207070470
0.5167961717
0.4269068539
0.5418066382
0.5416200161
0.5040797591
0.5428547263
0.4351042211
0.4433824718
0.5228604078
0.4457932413
0.4074344039
0.5064330101
0.5500379801
0.5182842016
0.4906556606
0.4095269442
0.5057440400
0.5467640758
0.5432775617
0.5048435926
0.4492931068
0.4849707782
0.4556184411
0.5013765693
0.5484918356
0.4618999958
0.4758964777
0.5630248189
0.4960329533
0.5212128162
0.4319901466
0.4900560379
0.5328565240
0.4939590394
0.4797287583
0.4483558238
0.4847803116
0.5548725724
0.4479844868
0.4758485556
0.5052767992
0.5414417386
0.4634884894
0.4899418354
0.5431622267
0.5025283098
0.5088713169
0.4921408892
0.5503548384
0.4396989644
0.5711848140
0.3881261945
0.5164029002
0.5480386019
0.3862959146
0.5442667603
0.4352013469
0.4705884457
0.4888697267
0.4858407974
0.4917513132
0.5027899742
0.5217979550
0.3990757465
0.5107695460
0.5566143394
0.5576958060
0.5182216167
0.5079627037
0.5025200248
0.5899049640
0.4858472943
0.5184617043
0.4142163694
0.6844261885
0.4994544685
0.5585215092
0.4749514759
0.4546590447
0.5252487659
0.5175154805
0.4254904389
0.5259782672
0.5601770878
0.5831134915
0.4612233639
0.5547535419
0.5296218991
0.4169759750
0.5419952273
0.3957780600
0.5629521608
0.4629774690
0.5231236219
0.5116038918
0.4176227748
0.6107679009
0.5716466308
0.4804505706
0.5397314429
0.4852563143
0.5231356025
0.5125722289
0.5607285500
0.4459769428
0.5033843517
0.4891570807
0.4645978510
0.4633226991
0.4940904081
0.4227842689
0.4553785026
0.4308982193
0.5118805170
0.4655947983
0.4720710814
0.4702076912
0.5512378216
0.4589413702
0.5175137520
0.5010372996
0.5379135013
0.5045217276
0.4728966057
0.4504190087
0.4949469268
0.4470896423
0.5101513267
0.3998300135
0.4561353922
0.5584420562
0.4793166518
0.4721763134
0.5024735332
0.5042608976
0.4896784425
0.4975330830
0.5114194751
0.4671638608
0.6182371378
0.5428161025
0.5535919070
0.5063734651
0.4825537801
0.4523927569
0.5224571228
0.5702477694
0.5093103647
0.4319277108
0.5457530618
0.4899190962
0.5124727488
0.4862167835
0.4554270506
0.4424688518
0.5043515563
0.4583892822
0.4750010371
0.5370174646
0.5099345446
0.5350305438
0.5549800992
0.4887258410
0.5354332328
0.5057337284
0.4475701153
0.4788590372
0.5070063472
0.4457772076
0.5535265207
0.5033426881
0.4793612063
0.5147651434
0.5437344909
0.4422640204
0.4296755791
0.5388304591
0.4214251637
0.5244478583
0.4220799506
0.4286889136
0.4682458043
0.5321648121
0.4990343451
0.4952062070
0.4921322763
0.4609450102
0.5428325534
0.4505945742
0.5038632154
0.5780499578
0.5542944670
0.5250254869
0.4934946299
0.5367247462
0.4845695198
0.4706282914
0.5905025005
0.4941073656
0.5484829545
0.4697978199
0.5217381716
0.5781295300
0.5337427855
0.5628015995
0.5077965856
0.4528238773
0.4778234363
0.5428698659
0.4858640432
0.5581433177
0.4900151491
0.5169163942
0.5610207319
0.5855612159
0.4300867915
0.4754985273
0.4820583165
0.4435662627
0.4381803572
0.5670832992
0.4291118085
0.4656442404
0.4003940225
0.4994383454
0.5441133976
0.5654683113
0.4526210725
0.3854374588
0.5432913899
0.4597445726
0.5623958707
0.4677852094
0.4789077640
0.4050454497
0.4824114740
0.4343982935
0.5143221021
0.4520062506
0.5093519092
0.5472179651
0.4934839606
0.5699815154
0.5053792596
0.4756058455
0.4004145861
0.5603485107
0.5088729858
0.5536517501
0.5610842109
0.4885818362
0.4967325330
0.4390555024
0.4387351274
0.4450216889
0.5448070168
0.5806507468
0.4572814107
0.4458476901
0.5373560190
0.4715080559
0.5649677515
0.5268785954
0.5129617453
0.4552802145
0.4601021409
0.4328956604
0.6268174052
0.4554083645
0.5202662945
0.4458442330
0.4690499306
0.5551363230
0.5104107261
0.4825902879
0.4866453111
0.4993255138
0.4883632064
0.5573330522
0.5888708830
0.4727008045
0.4375465810
0.5774986744
0.4442066550
0.4465028942
0.4884608090
0.4652212262
0.5034242868
0.5283470154
0.4480479956
0.4553338289
0.5456247926
0.5509153008
0.4882509708
0.4408891499
0.4706177413
0.4744352102
0.5436531305
0.5499513745
0.6243198514
0.5676856637
0.5257110000
0.4150569141
0.5353406668
0.5553609729
0.5152844191
0.4901473820
0.5072848797
0.4799231291
0.4505787492
0.4955646396
0.5520569086
0.5193822384
0.4772987366
0.6128133535
0.4698549211
0.5855534673
0.5260622501
0.5044264197
0.5562851429
0.5625879765
0.4611975849
0.4711481333
0.4165198207
0.5260111094
0.5261301398
0.4942513406
0.5161113739
0.5537651181
0.4427918494
0.5215815306
0.4941658378
0.4979082644
0.4747684002
0.5528052449
0.5858147144
0.4457007945
0.4751809537
0.4638914764
0.5114865303
0.4910436571
0.4575393796
0.4473054707
0.4707855880
0.5067045093
0.5001447797
0.4220460653
0.4700902104
0.5126094818
0.5000498891
0.5066024065
0.4534895420
0.4842914343
0.4339046478
0.3773627281
0.5066817999
0.4746578336
0.5260935426
0.5133976936
0.4347251356
0.5224896073
0.4383381605
0.4301866293
0.4750401378
0.5385211706
0.4308813512
0.4560032487
0.5092288852
0.5188930631
0.5120404959
0.4692109823
0.4856951237
0.5116793513
0.4654605985
0.4192717671
0.4768005908
0.5464342833
0.5534598827
0.5356676579
0.5502595901
0.4345256388
0.4019864202
0.5623291135
0.5207085609
0.4868862629
0.5416284800
0.4907304049
0.4555323720
0.5477799773
0.5008599758
0.5085307956
0.5173336267
0.5364497900
0.5580594540
0.4972082078
0.5713884830
0.4905543923
0.4995214343
0.5204194188
0.5710526705
0.4441947639
0.4692527950
0.4365707636
0.4549669027
0.4728406072
0.4040173292
0.4189561605
0.4956901968
0.4627387524
0.4560580552
0.4450505078
0.4603354931
0.4757184684
0.5376445055
0.4225201607
0.5179426670
0.5051734447
0.5153040290
0.5805535316
0.4688545763
0.5009354949
0.4932053983
0.4945048094
0.4831807315
0.5101583004
0.4924149513
0.5208225846
0.5043803453
0.5273217559
0.4949911535
0.5294169784
0.4780542552
0.4786232114
0.5524781942
0.4328889847
0.4982912540
0.4903671443
0.4323997498
0.5267676115
0.4614126980
0.4174359143
0.4652475715
0.5046124458
0.5398635864
0.4244142175
0.4637782872
0.4754975438
0.5044153929
0.5281544328
0.5142427683
0.4892402589
0.4378298819
0.5335492492
0.3818999529
0.5103981495
0.4327433109
0.5184274316
0.4894334972
0.4453721046
0.4846018553
0.4844389856
0.5226122141
0.5593047738
0.4635605812
0.5112999678
0.5470600128
0.5692403316
0.4331377745
0.4742477536
0.4468140304
0.4351944029
0.4349786639
0.5811086297
0.5413393974
0.4772490263
0.5052976608
0.4907827079
0.4882619381
0.4982615709
0.4832354486
0.4124748707
0.4683044553
0.5331696868
0.4989065230
0.4958581626
0.5183698535
0.5473738313
0.4267310500
0.4863886535
0.4617024958
0.4957707822
0.5042902827
0.5668045282
0.4921892881
0.4856568277
0.5339789391
0.4485761523
0.5244477987
0.5014624596
0.5179432631
0.4484596252
0.4447208643
0.5221859217
0.5823749900
0.6290149689
0.4229031801
0.5134108067
0.4961372912
0.5234730244
0.4570547938
0.5122796893
0.5117397308
0.4543996453
0.4392862916
0.4642012119
0.4819554985
0.4662298560
0.4779850245
0.5237834454
0.5562210083
0.5449653864
0.4381891787
0.4812469482
0.5029181838
0.5881878734
0.5269908905
0.5087834597
0.5349742174
0.5286628008
0.5115172267
0.5395157933
0.5240173340
0.5039194822
0.4443647861
0.4174247384
0.5158057213
0.4397630095
0.5209637880
0.5253050923
0.4980724156
0.5257605910
0.4306918979
0.3590657413
0.5950657129
0.5800759792
0.4718726277
0.4532792270
0.5613626242
0.4890664220
0.4907918870
0.5390380025
0.4495260119
0.4948621988
0.5832194090
0.5181038380
0.4130184948
0.4747026563
0.4873514473
0.5775479674
0.4827557504
0.4739961028
0.6543943882
0.4759633839
0.6098527908
0.5150609016
0.4492820799
0.4737937152
0.5324842334
0.5249623060
0.4316216707
0.4442830980
0.4588815570
0.5848858953
0.4513161778
0.4711191654
0.4271712899
0.4822069705
0.4915447235
0.5037598610
0.4409035444
0.5379151106
0.4825941026
0.4132528901
0.5425352454
0.5337072611
0.5425165892
0.5443843007
0.5540136099
0.4731906652
0.5582032800
0.5244471431
0.5033879876
0.5118006468
0.5371654034
0.4805745184
0.4489014447
0.5649912953
0.4958925247
0.4369447529
0.5016189814
0.5522162914
0.5282971859
0.5440211296
0.5706663728
0.4380608797
0.4981650412
0.6268261671
0.5350152850
0.4968642294
0.5081576109
0.4116246998
0.5473070145
0.5379343629
0.4272654951
0.5108771920
0.5345698595
0.4931891263
0.4504272342
0.4942478538
0.5344122052
0.4849015772
0.4815177917
0.5630565882
0.5010989308
0.5847500563
0.4517062902
0.5151790380
0.5108463764
0.4440962970
0.5117169023
0.5558710694
0.5112289786
0.5274783969
0.4828797281
0.5321088433
0.5324431062
0.5501763225
0.4427035153
0.5665538907
0.4313051105
0.5081704855
0.4142750502
0.5477932692
0.5586975813
0.4951877892
0.5517532825
0.4260454476
0.4360929728
0.5238841176
0.4358026385
0.4125539064
0.4995458424
0.5520041585
0.5180087090
0.4814147353
0.3991203308
0.4902919829
0.5508102179
0.5471969843
0.5072840452
0.4424330294
0.4891772270
0.4430241287
0.5065332651
0.5647783875
0.4543535411
0.4845057130
0.5561211109
0.4963186979
0.5320598483
0.4343317747
0.4739103019
0.5226745009
0.5099700093
0.4811369479
0.4493836761
0.4803331792
0.5496044159
0.4513455331
0.4656695127
0.5124519467
0.5453377366
0.4614225030
0.5003279448
0.5480191112
0.5097989440
0.5186583996
0.4908102751
0.5564368963
0.4375222325
0.5665602684
0.3834122419
0.5231373310
0.5430485606
0.3836790323
0.5411765575
0.4396606982
0.4627997577
0.4868094921
0.4778413773
0.4984939694
0.5038235784
0.5123986602
0.3951605558
0.5077772141
0.5474573970
0.5574260950
0.5099742413
0.5232580304
0.5062302351
0.6048883796
0.4840787947
0.5292730927
0.3874058127
0.6927293539
0.4984907210
0.5594422817
0.4752715826
0.4589386582
0.5286212564
0.5100601912
0.4221534729
0.5352533460
0.5524941087
0.5926945210
0.4555905461
0.5676906109
0.5254823565
0.4252827466
0.5445019603
0.3970315456
0.5727660060
0.4676691294
0.5371157527
0.5012047887
0.4078936279
0.6135455966
0.5798856020
0.4724104404
0.5416814685
0.4763822854
0.5328671336
0.5065119267
0.5581989288
0.4421443045
0.4994004667
0.4655642509
0.4560594261
0.4509007037
0.4934513867
0.4201645851
0.4535372257
0.4242130816
0.5067265630
0.4615518749
0.4471603632
0.4599642754
0.5732067227
0.4571574330
0.5149672627
0.5091227889
0.5316498280
0.5142801404
0.4518083930
0.4511341155
0.4848480225
0.4435762763
0.5075610280
0.3916799426
0.4401704669
0.5668575764
0.4860721231
0.4671118259
0.5032829642
0.4903188050
0.4786642790
0.4995619655
0.5132627487
0.4759584665
0.6277345419
0.5483435392
0.5523344278
0.5062461495
0.4824138284
0.4471149743
0.5160039067
0.5691708326
0.5257924795
0.4308063984
0.5396956205
0.4858070314
0.5100265741
0.4967888892
0.4692642391
0.4431280792
0.5067220330
0.4548512995
0.4618988931
0.5505397916
0.5005281568
0.5336366892
0.5564407706
0.4996869862
0.5328348279
0.5055792928
0.4512090385
0.4868386686
0.5051001310
0.4430277944
0.5455415249
0.5039982200
0.4743853807
0.5300109386
0.5558059216
0.4492218196
0.4305565357
0.5362179279
0.4172209799
0.5320491195
0.4295903444
0.4164032936
0.4670956731
0.5388493538
0.4956213236
0.4805960655
0.4997163117
0.4560363293
0.5551943183
0.4465724528
0.5025002360
0.5835742354
0.5572470427
0.5408393145
0.5070793033
0.5332744122
0.4884902537
0.4832693934
0.5975216031
0.4907929003
0.5442371368
0.4584782422
0.5264165401
0.5834110379
0.5185754895
0.5694724917
0.4988281727
0.4447031021
0.4772113860
0.5470470190
0.4859608412
0.5594141483
0.4914093316
0.5327212214
0.5646730065
0.6056980491
0.4214440584
0.4731938243
0.4912890196
0.4362870157
0.4428835213
0.5772573948
0.4297042489
0.4616866410
0.4093919694
0.4964087009
0.5342951417
0.5647995472
0.4335645735
0.3802254200
0.5369973183
0.4562909305
0.5659086108
0.4646416605
0.4655722380
0.3928661644
0.4714335799
0.4372013211
0.5049203634
0.4584846497
0.5093539953
0.5404580832
0.4906944335
0.5807246566
0.4948694110
0.4710524082
0.3955423534
0.5567841530
0.5114634037
0.5526726842
0.5579662323
0.4866716266
0.5134417415
0.4309747517
0.4325309992
0.4450896382
0.5323718190
0.5835214853
0.4619015455
0.4475668371
0.5410811305
0.4771623313
0.5717711449
0.5081377625
0.5221755505
0.4593343437
0.4433246553
0.4225507975
0.6324824095
0.4411201477
0.5169392824
0.4400613606
0.4491374791
0.5322933793
0.5069891810
0.4909146428
0.4927753806
0.5028362274
0.4940941930
0.5428825617
0.5891967416
0.4602228701
0.4284281731
0.5927408338
0.4299083948
0.4453941584
0.4931814969
0.4651791155
0.4955511391
0.5159894228
0.4408370256
0.4455054402
0.5444865823
0.5469412208
0.4909402728
0.4310016036
0.4793190062
0.4640724361
0.5515373349
0.5382117629
0.6291735172
0.5654448867
0.5201882124
0.4056095779
0.5326781273
0.5582394004
0.5077238679
0.4999427199
0.5007592440
0.4760745466
0.4405587018
0.5015606880
0.5636271238
0.5154785514
0.4973196387
0.6065037847
0.4623314142
0.5949028134
0.5296175480
0.4873172343
0.5594897866
0.5583613515
0.4780668616
0.4638165832
0.4070965052
0.5273669958
0.5245329142
0.4971916080
0.5128896832
0.5632380843
0.4448116720
0.5153026581
0.4958198369
0.4943743050
0.4904074967
0.5603488684
0.5891195536
0.4445518255
0.4823655188
0.4784014523
0.4998320341
0.5034201145
0.4626309574
0.4511895776
0.4757333994
0.5076807737
0.5039278865
0.4280171990
0.4731681645
0.5172322989
0.4878857732
0.5068045259
0.4480797946
0.4852589667
0.4331956506
0.3684318066
0.5039932132
0.4921257496
0.5318686366
0.5290874243
0.4351097345
0.5273018479
0.4360127151
0.4205447435
0.4527621269
0.5281510353
0.4204441905
0.4689074755
0.5156079531
0.5046191216
0.5075283647
0.4834540188
0.4823584557
0.5002797842
0.4525807500
0.4266763628
0.4785390496
0.5651528835
0.5699047446
0.5569024086
0.5272949934
0.4415102303
0.3817988038
0.5595626831
0.5178501606
0.4828320742
0.5454518795
0.4794727564
0.4436507523
0.5474091172
0.5093256831
0.5246182084
0.5348635316
0.5473335981
0.5653649569
0.5070592761
0.5711408257
0.4975706935
0.5086967945
0.5057584047
0.5509057641
0.4304862618
0.4660201073
0.4286414981
0.4562651813
0.4831772745
0.4048002958
0.4283695221
0.4963848889
0.4544149041
0.4409815669
0.4516195059
0.4623944461
0.4775442183
0.5431281328
0.4186660647
0.5168044567
0.5080934763
0.5151492953
0.5982769132
0.4589067698
0.5085403323
0.4903607965
0.4753698707
0.4792055190
0.5069314837
0.4747903645
0.5113977790
0.4876658916
0.5215350389
0.4973786771
0.5368740559
0.4897621572
0.4871413112
0.5527906418
0.4312916994
0.4894160628
0.4895479977
0.4475640953
0.5209860206
0.4580468833
0.3946776390
0.4768432081
0.5133152008
0.5418644547
0.4252995849
0.4651617110
0.4655761719
0.5213829279
0.5394388437
0.5073797703
0.4848837256
0.4340584278
0.5251657963
0.3727107644
0.5047997832
0.4186756313
0.5084666610
0.5072610378
0.4418675601
0.4704608917
0.4929181933
0.5288839936
0.5485227704
0.4501216114
0.5241966844
0.5445900559
0.5592312813
0.4337624311
0.4684807360
0.4391486943
0.4432293475
0.4443967044
0.5822819471
0.5376874804
0.4881225824
0.5160563588
0.4881539643
0.4890658259
0.4906340837
0.4895562232
0.3914854527
0.4526811540
0.5507509708
0.4980002046
0.4994902611
0.5141546130
0.5406553745
0.4330290556
0.4684473574
0.4687288105
0.5053797364
0.5139830112
0.5657912493
0.4980030358
0.4796440005
0.5252849460
0.4306635559
0.5201733708
0.4852499068
0.5201594234
0.4465053678
0.4348816872
0.5096341372
0.5833079815
0.6238666177
0.4229855239
0.5092397928
0.5037094951
0.5250040293
0.4373986125
0.4933015704
0.5159111023
0.4443832636
0.4268754125
0.4647234380
0.4905430973
0.4639880955
0.4688850343
0.5126246214
0.5507530570
0.5418221354
0.4385355115
0.4809638858
0.5053498745
0.5959401727
0.5191272497
0.5232392550
0.5517483950
0.5375320911
0.5079666972
0.5329371691
0.5220093727
0.4975439906
0.4593989849
0.4179820120
0.5254867077
0.4500837028
0.5502981544
0.5352276564
0.4779546261
0.5206411481
0.4330756664
0.3531477451
0.5917305946
0.5829397440
0.4607149363
0.4602104425
0.5729514956
0.4936400354
0.4883776903
0.5281678438
0.4545855224
0.4846580029
0.5886331201
0.5117270947
0.4078437984
0.4719322920
0.4838236570
0.5899712443
0.4854560792
0.4809228480
0.6636176109
0.4693898857
0.6246393323
0.5090265870
0.4506234229
0.4792253673
0.5169051886
0.5301874876
0.4208112955
0.4618706107
0.4476910532
0.5924318433
0.4610575438
0.4720806777
0.4292148650
0.4847941399
0.4958304763
0.5137816072
0.4291375875
0.5215492249
0.4795596600
0.4208618402
0.5227382183
0.5327484608
0.5450820327
0.5305058956
0.5425372124
0.4759475291
0.5331334472
0.5157249570
0.5032774210
0.4971854687
0.5358649492
0.4707300663
0.4506874681
0.5471552610
0.4869713187
0.4391434491
0.5132595897
0.5584748983
0.5230787396
0.5389201641
0.5662896633
0.4528646171
0.5086911917
0.6108664274
0.5136194229
0.4992001057
0.5069417953
0.4249925613
0.5374518037
0.5286085010
0.4425946772
0.4985079765
0.5268875360
0.4783973396
0.4451799393
0.5016152263
0.5303535461
0.4797131121
0.4737956524
0.5558760762
0.5043662786
0.5766349435
0.4593521059
0.4996815324
0.5010896325
0.4598860741
0.5160913467
0.5609276295
0.5142062306
0.5345370173
0.4654673040
0.5364683270
0.5389423370
0.5504184365
0.4422270656
0.5683758855
0.4271689951
0.5121577382
0.4318727851
0.5390468240
0.5544502139
0.5054394007
0.5390939713
0.4352185726
0.4475102425
0.5282219648
0.4493012428
0.4211793542
0.5057631135
0.5537285805
0.5060420036
0.4896399379
0.4081032872
0.5021285415
0.5450922251
0.5360764265
0.5178784132
0.4438631535
0.4731423855
0.4555614889
0.5094565749
0.5547453165
0.4526616633
0.4875350296
0.5535279512
0.4935697317
0.5256712437
0.4370598197
0.4894821644
0.5159789920
0.5020565391
0.4848800302
0.4510106444
0.4832071364
0.5579732060
0.4627455175
0.4717428386
0.5183051825
0.5365551710
0.4645820856
0.4873120189
0.5526087284
0.5023816824
0.5158166885
0.5006865263
0.5434498191
0.4389148057
0.5727442503
0.3934430480
0.5142916441
0.5454658270
0.4001183212
0.5496176481
0.4489414096
0.4760908484
0.4858700335
0.4759373665
0.5003508329
0.5181074142
0.5198119283
0.4068297148
0.5041987896
0.5582509041
0.5612102747
0.5063999891
0.5089336634
0.4978329539
0.5798259377
0.4800159335
0.5203073621
0.4103865027
0.6697317958
0.5008944869
0.5647691488
0.4786419868
0.4471738338
0.5331028700
0.4996415377
0.4396752417
0.5245655179
0.5563584566
0.5780795217
0.4677510858
0.5517058969
0.5191429853
0.4189006686
0.5309138894
0.3997843564
0.5605924726
0.4646690488
0.5315502286
0.5034841895
0.4118887782
0.6018691063
0.5803962946
0.4784054458
0.5387355685
0.4820176959
0.5298212767
0.5092954636
0.5563149452
0.4479904175
0.4885503948
0.4806436598
0.4622443914
0.4530208111
0.4954193234
0.4267488718
0.4568076134
0.4335119426
0.5155659318
0.4603733718
0.4536333084
0.4750230014
0.5559147596
0.4476479292
0.5110383630
0.5058261752
0.5296828151
0.5116308928
0.4630364478
0.4528104067
0.5101615191
0.4518966675
0.5011144280
0.4043707252
0.4521577060
0.5556997061
0.4811923802
0.4661445618
0.5045610666
0.4988196790
0.4865486920
0.5170539618
0.5220831633
0.4818481207
0.6173017621
0.5465072989
0.5561114550
0.5044539571
0.4825074375
0.4647700787
0.5217385888
0.5583422780
0.5226978064
0.4349290133
0.5363767743
0.4850010276
0.5079811215
0.4880985618
0.4634469748
0.4378149211
0.5003484488
0.4606934190
0.4801817834
0.5368304253
0.5023484826
0.5317021012
0.5532765388
0.4953483343
0.5323276520
0.5062265396
0.4506024718
0.4823289514
0.5012738109
0.4533154368
0.5545855761
0.5019288063
0.4667130411
0.5085123181
0.5464401245
0.4469963014
0.4374862313
0.5391908288
0.4355781078
0.5428584814
0.4371091127
0.4245172143
0.4653226733
0.5283794403
0.5084559321
0.4983945489
0.5061962008
0.4537475407
0.5511728525
0.4508923292
0.5123447180
0.5755499005
0.5488607287
0.5254706144
0.5069140196
0.5280508399
0.4872187078
0.4810855091
0.5827399492
0.4883545041
0.5472412705
0.4745887518
0.5258193612
0.5845213532
0.5334433317
0.5482422113
0.5031239390
0.4586217999
0.4802712798
0.5410969853
0.4935264885
0.5494351983
0.5022116899
0.5249254704
0.5552349687
0.5961021781
0.4292514622
0.4797678888
0.4926769733
0.4383813739
0.4448425472
0.5670287609
0.4471492469
0.4764240682
0.4030411839
0.5045599937
0.5447217226
0.5670271516
0.4408210516
0.3859487474
0.5380872488
0.4565161169
0.5549898148
0.4678865075
0.4817101955
0.4154033363
0.4866492152
0.4386853278
0.5095688105
0.4546232224
0.5054323673
0.5440337658
0.4934931099
0.5646395087
0.4895419180
0.4730949998
0.4037434161
0.5561876893
0.5063006282
0.5493858457
0.5573308468
0.4778430760
0.4959675074
0.4391603172
0.4403218031
0.4432142973
0.5393223763
0.5623666644
0.4553408623
0.4498348832
0.5263446569
0.4788242877
0.5649139881
0.5240574479
0.5196985006
0.4609303772
0.4510233402
0.4273758829
0.6240124702
0.4563826323
0.5090439916
0.4468816519
0.4671894312
0.5652490854
0.5186182261
0.4748835564
0.4956974089
0.5053253174
0.4897494316
0.5548776984
0.5804086924
0.4780312777
0.4378468394
0.5728759766
0.4416872859
0.4440892041
0.5095728040
0.4821233749
0.5054734945
0.5195636749
0.4477781057
0.4598028362
0.5435624123
0.5414726734
0.4916896820
0.4289590716
0.4757593274
0.4867314994
0.5475624800
0.5458046198
0.6244524717
0.5655602217
0.5271172523
0.4073046446
0.5242241621
0.5534380674
0.5221020579
0.4814838171
0.4989387095
0.4774780869
0.4457400143
0.4986912608
0.5425626636
0.5259279013
0.4843293726
0.6064098477
0.4706297219
0.5782901049
0.5171285868
0.5061409473
0.5716059208
0.5559128523
0.4743405282
0.4674048126
0.4289249778
0.5156526566
0.5153911114
0.4881748557
0.5203781128
0.5546373129
0.4429979026
0.5201222301
0.4932215810
0.4977523685
0.4860400259
0.5427705646
0.5908216834
0.4488765001
0.4828521311
0.4654977322
0.5043236017
0.5024011731
0.4563564360
0.4476513267
0.4858676195
0.4989245832
0.5049689412
0.4280821681
0.4726254642
0.5192025304
0.4924408793
0.5128282309
0.4485418499
0.4851656258
0.4428470433
0.3765375316
0.5113773942
0.4907287955
0.5202347040
0.5147727132
0.4330789149
0.5179831386
0.4304699302
0.4354470372
0.4564517438
0.5286535621
0.4435968399
0.4556884766
0.5077162981
0.5083327889
0.5068022013
0.4782406092
0.4884561002
0.5078437328
0.4843495190
0.4338555336
0.4857424200
0.5518465042
0.5536926985
0.5377057791
0.5452228189
0.4292680025
0.4001886249
0.5658143759
0.5158650279
0.4873944819
0.5439084768
0.4966647327
0.4589522779
0.5395369530
0.5057860613
0.5082637668
0.5236234069
0.5300014615
0.5556735396
0.5015810728
0.5605238676
0.5070685744
0.5028315187
0.5106328726
0.5776790380
0.4430629909
0.4625437558
0.4320362210
0.4574103355
0.4671781361
0.4157974422
0.4287761450
0.4897212386
0.4673026204
0.4535086155
0.4464737177
0.4697551131
0.4856081605
0.5282482505
0.4284180105
0.5102305412
0.5088922977
0.5097336173
0.5770834684
0.4633415043
0.5101448298
0.4920415282
0.4843230247
0.5015673637
0.5009973645
0.4935715497
0.5160705447
0.5000205636
0.5267476439
0.4956659973
0.5244926214
0.4740998447
0.4729219973
0.5393834710
0.4391863644
0.4925014377
0.4941876531
0.4501335025
0.5186413527
0.4631892443
0.4126984775
0.4756625891
0.5095965266
0.5277873278
0.4233695269
0.4790124893
0.4763858914
0.5229371786
0.5362305045
0.5274075270
0.4880072176
0.4332269132
0.5306828618
0.3692339957
0.4882165194
0.4284947515
0.5060334802
0.4879250228
0.4464140236
0.4801975489
0.4855175316
0.5305255651
0.5524008274
0.4631297290
0.5339165926
0.5378149748
0.5594680309
0.4307477474
0.4637970626
0.4448731542
0.4394788742
0.4536908269
0.5819105506
0.5415081978
0.4907751977
0.5101222992
0.5025390983
0.4809959531
0.4928207099
0.4865056872
0.4123647809
0.4673481584
0.5344098806
0.4877097011
0.4868739247
0.5168345571
0.5340024829
0.4319539368
0.4663481116
0.4737941325
0.4947659075
0.5076980591
0.5739640594
0.4948084950
0.4817735553
0.5363656878
0.4470732212
0.5211792588
0.4904211462
0.5124704242
0.4484342337
0.4495125413
0.5299960375
0.5818228722
0.6190915108
0.4227766097
0.5015893579
0.4875625670
0.5251752734
0.4528945982
0.5091109276
0.5104135275
0.4615053535
0.4453634918
0.4624131024
0.4785013199
0.4620746970
0.4677958786
0.5135731697
0.5323448777
0.5363225341
0.4552011788
0.4719086587
0.5111762285
0.5911408067
0.5097182393
0.5055631995
0.5261996388
0.5256136060
0.5040912032
0.5348351598
0.5235438943
0.5062855482
0.4554141164
0.4109908640
0.5213745236
0.4440282583
0.5392951965
0.5342615247
0.4870411158
0.5154312253
0.4367961884
0.3744671643
0.5886549950
0.5720939636
0.4672673047
0.4579934478
0.5600541234
0.4882821739
0.4787770808
0.5307301283
0.4491871595
0.4961876869
0.5748640299
0.5125665069
0.4189721644
0.4915334582
0.4939868450
0.5714684725
0.4916980863
0.4813922644
0.6486975551
0.4768551290
0.6101734042
0.5244986415
0.4460504949
0.4783792496
0.5269865394
0.5335013270
0.4333652556
0.4495610595
0.4500572681
0.5848817229
0.4540678859
0.4730889499
0.4361717999
0.4780082405
0.4950415790
0.5053063035
0.4329792857
0.5340524316
0.4965013862
0.4232651889
0.5356386900
0.5259521008
nan
nan
nan
nan
nan
nan
nan
nan
nan
nan
nan
nan
nan
nan
nan
nan
nan
nan
nan
nan
nan
nan
nan
nan
nan
nan
nan
nan
nan
nan
nan
nan
nan
nan
nan
nan
nan
nan
nan
nan
nan
nan
nan
nan
nan
nan
nan
nan
nan
nan
nan
nan
nan
nan
nan
nan
nan
nan
nan
nan
nan
nan
nan
nan
nan
nan
nan
nan
nan
nan
nan
nan
nan
nan
nan
nan
nan
nan
nan
nan
nan
nan
nan
nan
nan
nan
nan
nan
nan
nan
nan
nan
nan
nan
nan
nan
nan
nan
nan
nan
nan
nan
nan
nan
nan
nan
nan
nan
nan
nan
nan
nan
nan
nan
nan
nan
nan
nan
nan
nan
nan
nan
nan
nan
nan
nan
nan
nan
nan
nan
nan
nan
nan
nan
nan
nan
nan
nan
nan
nan
nan
nan
nan
nan
nan
nan
nan
nan
nan
nan
nan
nan
nan
nan
nan
nan
nan
nan
nan
nan
nan
nan
nan
nan
nan
nan
nan
nan
nan
nan
nan
nan
nan
nan
nan
nan
nan
nan
nan
nan
nan
nan
nan
nan
nan
nan
nan
nan
nan
nan
nan
nan
nan
nan
nan
nan
nan
nan
nan
nan
nan
nan
nan
nan
nan
nan
nan
nan
nan
nan
nan
nan
nan
nan
nan
nan
nan
nan
nan
nan
nan
nan
nan
nan
nan
nan
nan
nan
nan
nan
nan
nan
nan
nan
nan
nan
nan
nan
nan
nan
nan
nan
nan
nan
nan
nan
nan
nan
nan
nan
nan
nan
nan
nan
nan
nan
nan
nan
nan
nan
nan
nan
nan
nan
nan
nan
nan
nan
nan
nan
nan
nan
nan
nan
nan
nan
nan
nan
nan
nan
nan
nan
nan
nan
nan
nan
nan
nan
nan
nan
nan
nan
nan
nan
nan
nan
nan
nan
nan
nan
nan
nan
nan
nan
nan
nan
nan
nan
nan
nan
nan
nan
nan
nan
nan
nan
nan
nan
nan
nan
nan
nan
nan
nan
nan
nan
nan
nan
nan
nan
nan
nan
nan
nan
nan
nan
nan
nan
nan
nan
nan
nan
nan
nan
nan
nan
nan
nan
nan
nan
nan
nan
nan
nan
nan
nan
nan
nan
nan
nan
nan
nan
nan
nan
nan
nan
nan
nan
nan
nan
nan
nan
nan
nan
nan
nan
nan
nan
nan
nan
nan
nan
nan
nan
nan
nan
nan
nan
nan
nan
nan
nan
nan
nan
nan
nan
nan
nan
nan
nan
nan
nan
nan
nan
nan
nan
nan
nan
nan
nan
nan
nan
nan
nan
nan
nan
nan
nan
nan
nan
nan
nan
nan
nan
nan
nan
nan
nan
nan
nan
nan
nan
nan
nan
nan
nan
nan
nan
nan
nan
nan
nan
nan
nan
nan
nan
nan
nan
nan
nan
nan
nan
nan
nan
nan
nan
nan
nan
nan
nan
nan
nan
nan
nan
nan
nan
nan
nan
nan
nan
nan
nan
nan
nan
nan
nan
nan
nan
nan
nan
nan
nan
nan
nan
nan
nan
nan
nan
nan
nan
nan
nan
nan
nan
nan
nan
nan
nan
nan
nan
nan
nan
nan
nan
nan
nan
nan
nan
nan
nan
nan
nan
nan
nan
nan
nan
nan
nan
nan
nan
nan
nan
nan
nan
nan
nan
nan
nan
nan
nan
nan
nan
nan
nan
nan
nan
nan
nan
nan
nan
nan
nan
nan
nan
nan
nan
nan
nan
nan
nan
nan
nan
nan
nan
nan
nan
nan
nan
nan
nan
nan
nan
nan
nan
nan
nan
nan
nan
nan
nan
nan
nan
nan
nan
nan
nan
nan
nan
nan
nan
nan
nan
nan
nan
nan
nan
nan
nan
nan
nan
nan
nan
nan
nan
nan
nan
nan
nan
nan
nan
nan
nan
nan
nan
nan
nan
nan
nan
nan
nan
nan
nan
nan
nan
nan
nan
nan
nan
nan
nan
nan
nan
nan
nan
nan
nan
nan
nan
nan
nan
nan
nan
nan
nan
nan
nan
nan
nan
nan
nan
0.5605118275
0.5257322192
0.5448374748
0.4700832665
0.5484674573
0.5251727104
0.5000182986
0.4957234859
0.5354913473
0.4824064672
0.4426016510
0.5367920399
0.4891486466
0.4290787578
0.5003352761
0.5532580614
0.5097213387
0.5406239033
0.5684053302
0.4552592337
0.5061212778
0.6042767763
0.5186055303
0.4950716794
0.5118098259
0.4288324118
0.5438801050
0.5221698284
0.4403585196
0.4982775450
0.5211873055
0.4976955950
0.4407102466
0.4945580065
0.5172210336
0.4839518666
0.4754509926
0.5669040680
0.5081877112
0.5842187405
0.4631804228
0.5000623465
0.5093578696
0.4462121129
0.5183282495
0.5597547293
0.5109713078
0.5340645313
0.4626685977
0.5364839435
0.5377024412
0.5391395092
0.4431734383
0.5603609681
0.4286998510
0.5199471712
0.4265207052
0.5488312840
0.5476713181
0.4959335327
0.5370282531
0.4253718257
0.4370202720
0.5384477973
0.4430837035
0.4158233404
0.4949806035
0.5569057465
0.5032292604
0.4880311787
0.4159349799
0.4966424108
0.5392365456
0.5365781188
0.5065627694
0.4389480948
0.4787799120
0.4555001557
0.5051774979
0.5400745273
0.4514883459
0.4870738387
0.5555101633
0.4911073148
0.5314296484
0.4295567870
0.4992353618
0.5320816040
0.5009540319
0.4845940769
0.4497249126
0.4827932119
0.5568184853
0.4544368386
0.4775978327
0.4989942014
0.5377601385
0.4583048224
0.4888017774
0.5486282706
0.5027114153
0.5119395256
0.5009332895
0.5536170602
0.4351225793
0.5735582709
0.3905466199
0.5243957639
0.5468881130
0.3882621527
0.5393525362
0.4492205083
0.4638608098
0.4887195230
0.4801008999
0.4932831526
0.5078522563
0.5149818659
0.3962575495
0.4965709746
0.5626683235
0.5686530471
0.5095872879
0.5033072233
0.5010464787
0.5909888744
0.4915677607
0.5303680301
0.4030684531
0.6820307970
0.5028837323
0.5647684932
0.4752314091
0.4485331476
0.5308691859
0.5109427571
0.4341630936
0.5334853530
0.5582657456
0.5793615580
0.4652718604
0.5670047998
0.5273178220
0.4181123972
0.5478885770
0.3894103169
0.5516200066
0.4640094638
0.5286572576
0.5077019334
0.4180275202
0.6162516475
0.5717162490
0.4624457061
0.5346528888
0.4759941697
0.5304147005
0.5134872198
0.5658019781
0.4419307113
0.4974621534
0.4831049740
0.4549575448
0.4565784335
0.4901839197
0.4213265479
0.4563055336
0.4286958873
0.5004140735
0.4683015943
0.4610345960
0.4654833078
0.5588201284
0.4562314749
0.5203114748
0.5043222308
0.5473807454
0.5068331361
0.4648591280
0.4479186237
0.5084814429
0.4441315532
0.5098177195
0.3907531500
0.4499960542
0.5529741049
0.4893673956
0.4576956332
0.5075158477
0.5085083246
0.4836822748
0.5060958862
0.5055727363
0.4736278951
0.6250886917
0.5535169840
0.5613233447
0.5034925938
0.4857334495
0.4550895691
0.5161347985
0.5665259957
0.5176821947
0.4341368079
0.5411936045
0.4766024053
0.5035631657
0.4861720502
0.4584129453
0.4438310564
0.4973018765
0.4434267879
0.4609632790
0.5448114872
0.5020635724
0.5318288207
0.5555586219
0.4912441075
0.5196452141
0.4978521764
0.4661467969
0.4880045950
0.5160620809
0.4523798227
0.5571109653
0.4990384281
0.4767605066
0.5165144801
0.5500688553
0.4419405460
0.4338046908
0.5383091569
0.4337523878
0.5434722900
0.4370550811
0.4330235124
0.4653841853
0.5311082602
0.5081344843
0.4870288670
0.4921486676
0.4491371512
0.5351614356
0.4496948123
0.5103303790
0.5911451578
0.5505922437
0.5225343108
0.4997543097
0.5325496197
0.4951705039
0.4844998121
0.6002353430
0.4946456552
0.5406993628
0.4668040872
0.5264661908
0.5808002353
0.5331045389
0.5647602081
0.5070759058
0.4588951170
0.4922322333
0.5533601046
0.4937555194
0.5595362186
0.4936241210
0.5280106664
0.5580109954
0.6024691463
0.4227884412
0.4659284353
0.4877550006
0.4393670559
0.4396366179
0.5640392303
0.4341329634
0.4589017630
0.4132472873
0.4928599000
0.5547057986
0.5599936247
0.4421759248
0.3838391900
0.5359287858
0.4647387266
0.5673772097
0.4649328589
0.4661279619
0.4055707157
0.4784684777
0.4313357472
0.5058929920
0.4474716485
0.5017499328
0.5417290330
0.4929950237
0.5773041248
0.4907260239
0.4849867225
0.4002546668
0.5587874055
0.5157153606
0.5500123501
0.5547331572
0.4927615523
0.5031042099
0.4400286078
0.4327825308
0.4519812465
0.5381780267
0.5727748871
0.4565412998
0.4520982206
0.5364584327
0.4691638350
0.5629241467
0.5200762749
0.5248149633
0.4644831419
0.4585507810
0.4235478044
0.6324057579
0.4482480586
0.5159809589
0.4538714886
0.4736711979
0.5512892008
0.5157772303
0.4746707380
0.4846030772
0.5016520619
0.4924853444
0.5608673096
0.5907317400
0.4746611714
0.4379389286
0.5653032660
0.4414298832
0.4480432272
0.5155378580
0.4674734473
0.5008126497
0.5274878740
0.4483969510
0.4661027193
0.5559118986
0.5483111739
0.5008889437
0.4383269846
0.4722073376
0.4819185436
0.5449888110
0.5454303026
0.6199550629
0.5634533763
0.5368116498
0.4220919013
0.5253926516
0.5500293374
0.5179020762
0.4859470725
0.4994859099
0.4777419567
0.4551500678
0.4969195127
0.5455439687
0.5226947665
0.4800316989
0.6147716641
0.4731131494
0.5891144872
0.5232783556
0.5091305375
0.5531369448
0.5525480509
0.4555989206
0.4702430964
0.4097364545
0.5216177702
0.5160998702
0.4967228770
0.5180733204
0.5436551571
0.4411153495
0.5206249356
0.4948674142
0.5066464543
0.4822515845
0.5512694120
0.5944510698
0.4437270761
0.4830367565
0.4665646553
0.5034653544
0.5040339231
0.4488993287
0.4424023032
0.4761040807
0.4973283708
0.5044230819
0.4266417325
0.4747401774
0.5116606951
0.5026478767
0.5120595694
0.4632121325
0.4841775894
0.4363059700
0.3748716712
0.5140680075
0.4848334789
0.5312682390
0.5090702772
0.4289724827
0.5184122920
0.4336104691
0.4250479639
0.4738212526
0.5305398703
0.4392362237
0.4545327425
0.5111680031
0.5176885128
0.5129587054
0.4815527201
0.4868601263
0.5108619928
0.4608481824
0.4309950769
0.4869891703
0.5465718508
0.5496583581
0.5479217172
0.5438061357
0.4326794744
0.4027044475
0.5692650676
0.5163574815
0.4773578346
0.5378395915
0.4850454330
0.4565963447
0.5439717174
0.4982689321
0.5212610960
0.5308281779
0.5301859975
0.5600146055
0.4995820522
0.5622237921
0.4986372888
0.4949017465
0.5018177629
0.5744375587
0.4362211823
0.4558812976
0.4272333384
0.4488418400
0.4639661610
0.4100044072
0.4223289192
0.4961369932
0.4637426734
0.4446232915
0.4452123046
0.4617023468
0.4752116501
0.5480332375
0.4174310267
0.5245948434
0.5025015473
0.5190454125
0.5798994303
0.4693693221
0.4920315444
0.4915864170
0.4973710775
0.4954709113
0.5127969384
0.4797914028
0.5072069764
0.4940319359
0.5321398377
0.4918456674
0.5298870802
0.4768945873
0.4818315506
0.5535815358
0.4317343235
0.4993859529
0.4911087453
0.4420919418
0.5282539725
0.4616396725
0.4160919189
0.4686585665
0.5011337996
0.5328507423
0.4230569899
0.4703478217
0.4720265865
0.5140780807
0.5207257271
0.5143973231
0.4841699302
0.4409922659
0.5243180394
0.3721246719
0.4967687130
0.4318513274
0.4999478459
0.4878860712
0.4534953237
0.4835913181
0.4994826019
0.5292134285
0.5569292903
0.4598812163
0.5123487711
0.5415251255
0.5805976391
0.4278551936
0.4814044833
0.4507502913
0.4444009364
0.4403165877
0.5966883898
0.5437871218
0.4933735430
0.5097938180
0.5041114092
0.4916423261
0.4964386821
0.4819413126
0.4002538323
0.4620811939
0.5282475948
0.4897677004
0.5039718747
0.5181859732
0.5363495946
0.4240778685
0.4806648195
0.4698386788
0.4895467758
0.5017483830
0.5711140037
0.4811034799
0.4853403270
0.5348950624
0.4594031572
0.5234153271
0.5034764409
0.5222457647
0.4430730641
0.4484826326
0.5107301474
0.5789117217
0.6165528297
0.4184541106
0.5138084292
0.4991220832
0.5274505019
0.4638469517
0.5059924126
0.5176993012
0.4509414732
0.4411439896
0.4586909115
0.4792802632
0.4614168108
0.4746358097
0.5230004191
0.5486616492
0.5334140062
0.4451637268
0.4654574096
0.5071522593
0.5894632339
0.5254657865
0.5066546202
0.5336263180
0.5380284190
0.5110169053
0.5425134897
0.5158497095
0.5032460690
0.4546930194
0.4135734737
0.5171129704
0.4447517991
0.5344745517
0.5335440040
0.5045248866
0.5122436285
0.4430454969
0.3656917214
0.5891891718
0.5766375661
0.4710546732
0.4617551267
0.5711251497
0.4826452434
0.4866923988
0.5363266468
0.4466655254
0.4907944500
0.5822489858
0.5197632313
0.4215039909
0.4821505547
0.4940937161
0.5854641199
0.4824893773
0.4613520205
0.6506622434
0.4846452773
0.6081753969
0.5230368972
0.4433700740
0.4734999835
0.5174254775
0.5270556808
0.4268014133
0.4406692088
0.4575801790
0.5819747448
0.4456959367
0.4785253704
0.4248128533
0.4791867733
0.4880004823
0.5047345757
0.4365759194
0.5353780389
0.4981206059
0.4179432690
0.5307079554
0.5371277332
