0.9934492111
0.9925737381
0.9944485426
0.9944281578
0.9934798479
0.9943468571
0.9924064279
0.9929693937
0.9943451881
0.9943621159
0.9936059117
0.9937822819
0.9911239147
0.9913298488
0.9934430718
0.9953219295
0.9925686121
0.9925018549
0.9951465726
0.9932712913
0.9924970865
0.9956246018
0.9908177853
0.9910154343
0.9899439216
0.9938301444
0.9936621189
0.9950456619
0.9919906855
0.9939912558
0.9932347536
0.9874348640
0.9903323054
0.9912477732
0.9911611080
0.9891166687
0.9896725416
0.9926787615
0.9903912544
0.9915336967
0.9893987179
0.9890488386
0.9887900352
0.9910161495
0.9940879345
0.9932072759
0.9895149469
0.9910687208
0.9880552292
0.9928982258
0.9940214157
0.9917840958
0.9881275892
0.9911119938
0.9886655807
0.9918683767
0.9875720739
0.9935561419
0.9919915199
0.9933531284
0.9912760258
0.9912050366
0.9892343283
0.9904037714
0.9876289964
0.9916052818
0.9894682169
0.9949198365
0.9916484952
0.9870702028
0.9856310487
0.9880886078
0.9950898290
0.9918565750
0.9895466566
0.9905114174
0.9878224134
0.9921394587
0.9905511141
0.9917211533
0.9851640463
0.9908304214
0.9910540581
0.9904685616
0.9936589003
0.9906173944
0.9903661013
0.9915887117
0.9936906099
0.9898867011
0.9904515743
0.9899926186
0.9914436340
0.9897871017
0.9907509685
0.9922403693
0.9898364544
0.9915144444
0.9930002093
0.9950603843
0.9917616844
0.9923412204
0.9907235503
0.9896645546
0.9887437820
0.9912788272
0.9860068560
0.9933051467
0.9936805964
0.9911991358
0.9933942556
0.9891237020
0.9902588129
0.9917297959
0.9890251160
0.9933506846
0.9932669401
0.9914416671
0.9900118113
0.9945316315
0.9918886423
0.9930540323
0.9913091063
0.9922721386
0.9908144474
0.9949350357
0.9920972586
0.9920495152
0.9899645448
0.9963455796
0.9912539721
0.9943452477
0.9931331873
0.9888386726
0.9919753671
0.9906811714
0.9887670875
0.9929410815
0.9952327013
0.9930203557
0.9898651838
0.9932755232
0.9919640422
0.9915236235
0.9928203821
0.9884252548
0.9908052087
0.9926884174
0.9943974018
0.9916000366
0.9876518250
0.9956405163
0.9942411184
0.9893727303
0.9933876991
0.9904513359
0.9935619831
0.9905549288
0.9928296208
0.9895053506
0.9904149771
0.9919244647
0.9911280870
0.9924706221
0.9918255806
0.9904119968
0.9920738339
0.9918771982
0.9941041470
0.9912159443
0.9936000109
0.9925414324
0.9964824915
0.9907575846
0.9903751612
0.9915182590
0.9923775792
0.9943434000
0.9932578802
0.9894394875
0.9953805208
0.9915808439
0.9923858643
0.9914557934
0.9910013676
0.9939122200
0.9917234778
0.9928581715
0.9937937260
0.9923144579
0.9929714203
0.9939132929
0.9940230250
0.9941363335
0.9955502748
0.9941630960
0.9955310822
0.9933362007
0.9948444963
0.9933677912
0.9951876402
0.9952511191
0.9933499098
0.9916486740
0.9936033487
0.9906942248
0.9935410023
0.9912250042
0.9918110371
0.9939903617
0.9922755361
0.9927210808
0.9937210083
0.9951722622
0.9951722622
0.9945865273
0.9965573549
0.9957890511
0.9925057888
0.9911481142
0.9915467501
0.9942584038
0.9931285381
0.9934685230
0.9944435358
0.9940775633
0.9946167469
0.9916849136
0.9942777157
0.9918829203
0.9931278229
0.9939812422
0.9904705286
0.9959704876
0.9939942956
0.9938378334
0.9941093922
0.9955877066
0.9957033992
0.9928980470
0.9954397678
0.9950939417
0.9944288135
0.9917452335
0.9937000275
0.9954932928
0.9933391213
0.9941097498
0.9929083586
0.9932178259
0.9916431904
0.9929130077
0.9951127768
0.9916157126
0.9940897822
0.9906129837
0.9939207435
0.9948160648
0.9950911999
0.9938677549
0.9917099476
0.9945659637
0.9919105768
0.9922012091
0.9927906990
0.9942859411
0.9941610098
0.9928721189
0.9951714277
0.9942082167
0.9919663668
0.9928656220
0.9955587983
0.9890596867
0.9922866225
0.9962835312
0.9907770157
0.9939823747
0.9933055043
0.9954483509
0.9937227964
0.9948936701
0.9896592498
0.9892639518
0.9951986670
0.9932770729
0.9943349361
0.9904298782
0.9925825596
0.9914305806
0.9937145710
0.9940980673
0.9950318336
0.9930759668
0.9938085079
0.9927641153
0.9968296289
0.9967309833
0.9934551716
0.9945843220
0.9929041862
0.9960697889
0.9930090904
0.9934687018
0.9951981306
0.9947780967
0.9930272102
0.9908373952
0.9944320321
0.9912077188
0.9951623082
0.9953891039
0.9931599498
0.9925737381
0.9953914881
0.9954013824
0.9964531660
0.9926341772
0.9953672886
0.9902031422
0.9940282106
0.9936760664
0.9963641167
0.9929066896
0.9935935140
0.9929834008
0.9937269688
0.9953560233
0.9940794706
0.9934179783
0.9949387908
0.9940929413
0.9936648607
0.9957541227
0.9954395890
0.9920217991
0.9945014119
0.9950631261
0.9934134483
0.9927133918
0.9964411855
0.9922643900
0.9942539334
0.9955661297
0.9942122698
0.9947459698
0.9949762821
0.9922262430
0.9941869974
0.9913753271
0.9937316775
0.9932082891
0.9954240322
0.9941070676
0.9960191250
0.9941506386
0.9943100214
0.9937790632
0.9945288897
0.9961877465
0.9939931631
0.9940158129
0.9916883707
0.9908479452
0.9935935736
0.9938541651
0.9947832227
0.9955768585
0.9950871468
0.9968071580
0.9938851595
0.9965978861
0.9955872297
0.9934355021
0.9947890043
0.9944104552
0.9936807156
0.9901386499
0.9894822836
0.9960067272
0.9931755662
0.9924603105
0.9938026667
0.9943363667
0.9933764935
0.9918700457
0.9927546978
0.9928369522
0.9910531640
0.9947804213
0.9953877926
0.9937814474
0.9935492277
0.9910920858
0.9923549891
0.9919664860
0.9903596640
0.9913337827
0.9942617416
0.9941627979
0.9918060303
0.9918504953
0.9943861961
0.9954768419
0.9933027625
0.9938900471
0.9923254251
0.9933161736
0.9919188619
0.9924511313
0.9936698675
0.9909082055
0.9938927889
0.9945701361
0.9910842180
0.9940859079
0.9915482998
0.9928444624
0.9885591269
0.9942837954
0.9913848639
0.9915883541
0.9923990965
0.9932786822
0.9915856719
0.9910770655
0.9899066687
0.9935611486
0.9917931557
0.9934166670
0.9946109653
0.9959456921
0.9928001165
0.9939672351
0.9945014119
0.9889962077
0.9903530478
0.9937102795
0.9917167425
0.9916179776
0.9932044744
0.9936650991
0.9930471182
0.9934486151
0.9947148561
0.9926196337
0.9944127798
0.9948066473
0.9934704900
0.9920591712
0.9935636520
0.9926883578
0.9914292097
0.9930906892
0.9933485985
0.9896109104
0.9896687269
0.9883661270
0.9897757173
0.9919370413
0.9906327724
0.9925636053
0.9952009916
0.9903421402
0.9897512197
0.9899753332
0.9908348322
0.9906161427
0.9884893298
0.9907088280
0.9927649498
0.9931758046
0.9905548096
0.9950222969
0.9913420677
0.9949572086
0.9913762808
0.9924181700
0.9928482771
0.9934487343
0.9889864326
0.9913590550
0.9920554757
0.9931352735
0.9904044867
0.9917730689
0.9900482893
0.9908409119
0.9945330620
0.9896103144
0.9909059405
0.9924904108
0.9932617545
0.9933111072
0.9903000593
0.9900604486
0.9930995703
0.9932101369
0.9924076796
0.9908913374
0.9940633774
0.9924963713
0.9959440231
0.9904494882
0.9917542934
0.9923118353
0.9902017117
0.9937283993
0.9890453815
0.9921854734
0.9906053543
0.9945259094
0.9929474592
0.9884445667
0.9913104177
0.9942867756
0.9944953918
0.9936239719
0.9933681488
0.9948145151
0.9938273430
0.9944800138
0.9900594354
0.9941061139
0.9904396534
0.9939595461
0.9913913012
0.9965540171
0.9951295853
0.9917313457
0.9949792624
0.9914850593
0.9944015741
0.9918252230
0.9914751053
0.9914257526
0.9938302040
0.9953223467
0.9942781329
0.9918622375
0.9957478046
0.9928020835
0.9892013669
0.9930042028
0.9922056198
0.9929491878
0.9905815125
0.9948191643
0.9916965365
0.9930579066
0.9962488413
0.9924546480
0.9949781299
0.9913424253
0.9923312664
0.9905756116
0.9915522337
0.9938696623
0.9949843884
0.9944034815
0.9881384373
0.9928014278
0.9895940423
0.9937587976
0.9900054336
0.9930221438
0.9939804077
0.9924984574
0.9913012981
0.9918324947
0.9920858145
0.9886592031
0.9935799837
0.9940542579
0.9928162694
0.9929285645
0.9882446527
0.9906876087
0.9914888144
0.9934244156
0.9927899837
0.9938883781
0.9950094223
0.9935938120
0.9924432039
0.9960782528
0.9938489199
0.9937302470
0.9927658439
0.9926455617
0.9924363494
0.9916329384
0.9948289394
0.9930597544
0.9924365878
0.9946508408
0.9932478070
0.9903780222
0.9947109222
0.9938361645
0.9909629822
0.9901900291
0.9939658642
0.9915476441
0.9910434484
0.9958277941
0.9930983782
0.9914404154
0.9955745935
0.9915980101
0.9902577400
0.9918893576
0.9936062098
0.9949290752
0.9933596849
0.9904074669
0.9944537282
0.9920779467
0.9937599301
0.9910346866
0.9916515350
0.9915084839
0.9932613373
0.9932914972
0.9900155067
0.9883207679
0.9895625114
0.9947211742
0.9910963178
0.9917601347
0.9907925129
0.9910141230
0.9882978201
0.9904462099
0.9886428118
0.9918026328
0.9906997681
0.9905188084
0.9921557903
0.9884912968
0.9929323196
0.9926169515
0.9944422245
0.9930433035
0.9928662777
0.9941304922
0.9915053844
0.9928989410
0.9939841628
0.9939461946
0.9936627150
0.9936500788
0.9906314611
0.9906648993
0.9931542277
0.9952242374
0.9926322699
0.9923480749
0.9946655035
0.9934017062
0.9922341108
0.9952796102
0.9900667667
0.9901635647
0.9906442165
0.9929102659
0.9926873446
0.9946938753
0.9913447499
0.9937683344
0.9928004146
0.9876475930
0.9899715185
0.9917623997
0.9917950034
0.9881005287
0.9887930155
0.9924377203
0.9897195697
0.9912961721
0.9895943999
0.9893596172
0.9885510206
0.9917371273
0.9941191673
0.9928757548
0.9909334183
0.9911337495
0.9874972105
0.9921385050
0.9936010838
0.9915186167
0.9874937534
0.9915792942
0.9888402820
0.9914786816
0.9872167706
0.9932426810
0.9919285774
0.9924520850
0.9922855496
0.9901640415
0.9889041185
0.9906038642
0.9884859324
0.9908757210
0.9886907339
0.9951617718
0.9919191599
0.9872543812
0.9850212336
0.9884619713
0.9949033260
0.9919308424
0.9885362983
0.9904415607
0.9882048965
0.9927576780
0.9894472361
0.9919365048
0.9850161076
0.9906488061
0.9909209013
0.9901161194
0.9933724403
0.9897432923
0.9903587699
0.9911758900
0.9934269190
0.9900774360
0.9906507730
0.9887678623
0.9909914732
0.9905505180
0.9913808703
0.9922205210
0.9900560975
0.9908668995
0.9920316339
0.9945628643
0.9916724563
0.9916901588
0.9902936816
0.9908100367
0.9890937209
0.9903094172
0.9846560955
0.9925806522
0.9935841560
0.9912571311
0.9928964972
0.9889035225
0.9899883270
0.9917809963
0.9893882275
0.9934778214
0.9919872880
0.9905632734
0.9890480638
0.9940510988
0.9917774200
0.9933713675
0.9921119809
0.9922968745
0.9908478260
0.9947721958
0.9920125008
0.9913860559
0.9901214838
0.9958841205
0.9903713465
0.9942740202
0.9928544760
0.9877531528
0.9910818934
0.9910466671
0.9886169434
0.9931014180
0.9947832823
0.9920808077
0.9897643328
0.9926490784
0.9923505783
0.9905421734
0.9931850433
0.9878281951
0.9912424088
0.9921797514
0.9944316745
0.9919841290
0.9883712530
0.9954586029
0.9940201044
0.9891238213
0.9936038256
0.9906305075
0.9931403399
0.9896798730
0.9914749861
0.9892640710
0.9912899137
0.9921419621
0.9914861917
0.9924497604
0.9923509359
0.9902251959
0.9922838211
0.9914214611
0.9938356280
0.9910756350
0.9927352667
0.9929637909
0.9962365031
0.9903942347
0.9901443720
0.9912149310
0.9923270941
0.9937659502
0.9927161932
0.9901709557
0.9952943921
0.9921098948
0.9924446344
0.9915550947
0.9912579656
0.9937541485
0.9911094904
0.9927779436
0.9931490421
0.9926063418
0.9934737682
0.9941293001
0.9936413765
0.9941548109
0.9954923391
0.9939641356
0.9959346056
0.9931863546
0.9946053028
0.9930450320
0.9946644306
0.9947198629
0.9921968579
0.9917330742
0.9935438037
0.9906767011
0.9927787781
0.9911457300
0.9918538332
0.9934633970
0.9922068715
0.9923144579
0.9929914474
0.9948339462
0.9955493808
0.9943960905
0.9960817099
0.9954870939
0.9925708771
0.9913340807
0.9911992550
0.9938658476
0.9936323762
0.9930913448
0.9947221875
0.9938954115
0.9942526221
0.9916678667
0.9938896298
0.9912899137
0.9922754169
0.9939391613
0.9893550277
0.9955533743
0.9930700064
0.9932599068
0.9933261871
0.9954332113
0.9948958158
0.9932545424
0.9950926900
0.9943335056
0.9939153790
0.9916788340
0.9933701158
0.9950067997
0.9933836460
0.9939205647
0.9925370216
0.9935333729
0.9917685986
0.9927837849
0.9950636029
0.9921586514
0.9942612648
0.9900003076
0.9931542873
0.9951975346
0.9949212670
0.9934898615
0.9922943115
0.9942173958
0.9920810461
0.9916238785
0.9922516346
0.9945254326
0.9936246872
0.9934116602
0.9950790405
0.9937728047
0.9916778207
0.9924746752
0.9950782061
0.9885707498
0.9919670224
0.9961873293
0.9904921055
0.9935309291
0.9923970103
0.9953082800
0.9934954643
0.9945791364
0.9902732372
0.9885708690
0.9952270985
0.9932904840
0.9942887425
0.9899210334
0.9922963381
0.9914371967
0.9934977293
0.9937059283
0.9950335026
0.9925381541
0.9932819605
0.9935576916
0.9962779284
0.9963853359
0.9930170178
0.9942157269
0.9921894073
0.9962881804
0.9925965667
0.9944335222
0.9946867228
0.9944931269
0.9928433895
0.9899541140
0.9942101240
0.9916241169
0.9948371053
0.9949216843
0.9925515652
0.9928462505
0.9945777655
0.9954730272
0.9958806038
0.9926422834
0.9950896502
0.9904102683
0.9935977459
0.9933372736
0.9961142540
0.9920893908
0.9935466647
0.9926517010
0.9936776161
0.9951653481
0.9940896630
0.9926745296
0.9948731661
0.9929674268
0.9930015802
0.9954293966
0.9952096939
0.9917192459
0.9943102598
0.9952116609
0.9925880432
0.9915645123
0.9960974455
0.9916563034
0.9940606356
0.9949202538
0.9940367937
0.9946783781
0.9942723513
0.9922938943
0.9938273430
0.9911834002
0.9937287569
0.9926592112
0.9950705767
0.9946677685
0.9957109690
0.9940898418
0.9944217205
0.9933983684
0.9944598079
0.9962140322
0.9941859245
0.9934147596
0.9906712770
0.9902780056
0.9930173755
0.9936798215
0.9951194525
0.9951133132
0.9943695068
0.9964003563
0.9935725927
0.9966679811
0.9956344366
0.9935806990
0.9952337742
0.9938616753
0.9928349257
0.9904364347
0.9897114038
0.9959657192
0.9928807020
0.9926997423
0.9937094450
0.9939379096
0.9929692745
0.9922435284
0.9921399355
0.9931305647
0.9906435013
0.9947172999
0.9954767227
0.9936134815
0.9931627512
0.9901911616
0.9923073649
0.9918026924
0.9902058244
0.9909883738
0.9944553375
0.9936223626
0.9913740158
0.9910134077
0.9937936068
0.9953193665
0.9926823378
0.9942438602
0.9920164347
0.9928117990
0.9911149740
0.9918518662
0.9935340285
0.9907079935
0.9933940768
0.9942370057
0.9911011457
0.9940220118
0.9906673431
0.9929884076
0.9885627031
0.9942315817
0.9910426140
0.9919853806
0.9920148849
0.9926969409
0.9916300774
0.9909310341
0.9885896444
0.9926888943
0.9921084046
0.9928531051
0.9940664172
0.9956148863
0.9924691916
0.9938945770
0.9939669967
0.9886369705
0.9905980825
0.9937156439
0.9916050434
0.9919423461
0.9935004115
0.9939507246
0.9928606749
0.9926961064
0.9945607185
0.9927935600
0.9941682816
0.9944358468
0.9934492111
0.9911228418
0.9937148094
0.9914925694
0.9910846353
0.9929885864
0.9932096004
0.9883080721
0.9903957248
0.9894459248
0.9891775250
0.9916453958
0.9901263714
0.9918885231
0.9951015711
0.9897884130
0.9877871275
0.9891974926
0.9898137450
0.9898852110
0.9887397885
0.9903444052
0.9919919968
0.9924759865
0.9907212257
0.9946001768
0.9909827709
0.9944967031
0.9911435843
0.9923737645
0.9926722646
0.9926777482
0.9889404774
0.9914233685
0.9911657572
0.9932067394
0.9896006584
0.9917815924
0.9893856049
0.9894788265
0.9947245121
0.9889482260
0.9905318618
0.9916019440
0.9923819900
0.9923263788
0.9906930923
0.9895858765
0.9934614897
0.9933367968
0.9923743606
0.9892730117
0.9930705428
0.9927182198
0.9958644509
0.9905675650
0.9917112589
0.9909585714
0.9901458025
0.9934463501
0.9894506335
0.9926259518
0.9910026193
0.9945075512
0.9917291999
0.9883476496
0.9910708666
0.9939960241
0.9947794676
0.9935307503
0.9929749966
0.9944194555
0.9934207797
0.9933205247
0.9888665676
0.9942325354
0.9909427166
0.9934082031
0.9913965464
0.9959887266
0.9948147535
0.9907227755
0.9941622615
0.9908757210
0.9937880039
0.9914259911
0.9917352200
0.9917380810
0.9937729239
0.9946180582
0.9947061539
0.9907878041
0.9953515530
0.9919553995
0.9893183708
0.9926236868
0.9922028780
0.9929481745
0.9905474186
0.9946789742
0.9920589924
0.9926686883
0.9959177971
0.9908850789
0.9953089952
0.9910553098
0.9926607609
0.9909281135
0.9911801815
0.9939827919
0.9952304363
0.9942209721
0.9870259166
0.9934238195
0.9895462990
0.9937868118
0.9903962016
0.9928523302
0.9934866428
0.9927057028
0.9899876714
0.9914669991
0.9913682938
0.9889570475
0.9929094315
0.9939174056
0.9930981398
0.9930878878
0.9878223538
0.9889953136
0.9916383624
0.9931585789
0.9922549129
0.9942408204
0.9947873354
0.9930181503
0.9920508862
0.9958606958
0.9936718941
0.9936865568
0.9913084507
0.9921239614
0.9916957617
0.9915795326
0.9941669106
0.9924160242
0.9928224087
0.9947304130
0.9928181767
0.9886981845
0.9947189689
0.9930756092
0.9900835752
0.9908096790
0.9931651354
0.9921241403
0.9911264181
0.9957010746
0.9931353927
0.9912654161
0.9955537319
0.9917191267
0.9901083708
0.9909271598
0.9932484627
0.9950275421
0.9933831692
0.9897179008
0.9944692850
0.9909453392
0.9939090014
0.9905552864
0.9908934832
0.9912273288
0.9927349091
0.9929157495
0.9895929098
0.9881061316
0.9894595146
0.9946138859
0.9905494452
0.9913512468
0.9896472096
0.9903645515
0.9882084727
0.9893044233
0.9872038364
0.9913460016
0.9904251099
0.9903862476
0.9919434786
0.9883223772
0.9931960106
0.9917995930
0.9943416119
0.9938101768
0.9933753014
0.9941433668
0.9920817018
0.9924004078
0.9939193726
0.9939422607
0.9932285547
0.9933886528
0.9904917479
0.9909051657
0.9934282303
0.9952713251
0.9916494489
0.9920696020
0.9945335984
0.9929997325
0.9912788868
0.9951922894
0.9901368618
0.9900021553
0.9896893501
0.9932844639
0.9930299520
0.9945498705
0.9917905927
0.9937400818
0.9926279783
0.9872715473
0.9898574352
0.9908102751
0.9910157919
0.9887089133
0.9893397093
0.9917600751
0.9893666506
0.9916296005
0.9891905785
0.9883474112
0.9879782796
0.9904946089
0.9934635162
0.9928646088
0.9892480969
0.9908410311
0.9873595238
0.9920699596
0.9939676523
0.9915133715
0.9870276451
0.9903104901
0.9877284765
0.9916621447
0.9876710773
0.9929307699
0.9915935397
0.9931156635
0.9914581776
0.9907621145
0.9890511036
0.9899474382
0.9872210026
0.9912599921
0.9892107248
0.9948447943
0.9911320210
0.9862253070
0.9838071465
0.9873896241
0.9944951534
0.9911211729
0.9888466597
0.9908148050
0.9876825809
0.9919835329
0.9901597500
0.9911156297
0.9843333960
0.9900984764
0.9906253815
0.9898209572
0.9931509495
0.9895651340
0.9901005030
0.9915000200
0.9935983419
0.9893358946
0.9894652367
0.9892511368
0.9905259609
0.9894148111
0.9908982515
0.9918277264
0.9890736341
0.9913589954
0.9924715757
0.9949282408
0.9913508892
0.9921687245
0.9904029369
0.9891148806
0.9874674082
0.9899348021
0.9855327606
0.9922686815
0.9935220480
0.9911458492
0.9930702448
0.9883361459
0.9894741774
0.9913598299
0.9887286425
0.9932015538
0.9920946956
0.9909224510
0.9888403416
0.9942422509
0.9917340279
0.9924935102
0.9913654327
0.9917771816
0.9906885028
0.9945171475
0.9909110665
0.9918491840
0.9899091721
0.9958279729
0.9909039140
0.9940218925
0.9928166270
0.9880862236
0.9918006063
0.9906070232
0.9887757301
0.9925784469
0.9950182438
0.9920660853
0.9895765781
0.9929251671
0.9919822216
0.9913876057
0.9924837351
0.9874706268
0.9903029799
0.9916431904
0.9942718744
0.9916083217
0.9872871041
0.9952483177
0.9936476946
0.9890927076
0.9933509231
0.9902557731
0.9929873943
0.9902139306
0.9922878146
0.9888027906
0.9908849001
0.9918501377
0.9903850555
0.9919943213
0.9916578531
0.9901926517
0.9918872118
0.9910796881
0.9937709570
0.9910148978
0.9930895567
0.9924653172
0.9964004755
0.9906264544
0.9894937277
0.9911427498
0.9917837381
0.9944258928
0.9929267168
0.9883345366
0.9951241016
0.9914807677
0.9928149581
0.9916797876
0.9907276034
0.9932627082
0.9912424088
0.9929170609
0.9936443567
0.9920928478
0.9932118654
0.9935537577
0.9934576750
0.9937867522
0.9951421022
0.9938066006
0.9955761433
0.9928575754
0.9949022532
0.9926211238
0.9946993589
0.9952352047
0.9929826260
0.9917003512
0.9927276373
0.9906165600
0.9928330183
0.9906764627
0.9917304516
0.9935202599
0.9920542240
0.9923038483
0.9930536747
0.9948972464
0.9950942993
0.9946022034
0.9963949919
0.9955289960
0.9921535254
0.9900118113
0.9911361337
0.9935770035
0.9927817583
0.9937545657
0.9944379330
0.9940283298
0.9944633842
0.9915549755
0.9937685728
0.9915643930
0.9926680326
0.9932445288
0.9895168543
0.9957440495
0.9939032793
0.9929072857
0.9941782355
0.9953488111
0.9951368570
0.9929457307
0.9952023029
0.9949736595
0.9946142435
0.9915107489
0.9932909012
0.9950917959
0.9933463335
0.9937100410
0.9924231172
0.9933205843
0.9914188385
0.9922856092
0.9948250651
0.9908664227
0.9938100576
0.9906212091
0.9936460257
0.9948831797
0.9949587584
0.9936949611
0.9912860394
0.9942607284
0.9920009375
0.9913153648
0.9923411608
0.9938352108
0.9937063456
0.9921326637
0.9950546026
0.9937878847
0.9915527105
0.9924266338
0.9952732325
0.9875962734
0.9918991327
0.9958937764
0.9905515313
0.9935151339
0.9926702976
0.9948185682
0.9932142496
0.9947274327
0.9900240898
0.9886918664
0.9951138496
0.9931522608
0.9935593605
0.9902690053
0.9922341704
0.9909148216
0.9937053919
0.9935094118
0.9947674274
0.9932663441
0.9930735826
0.9926915169
0.9966354966
0.9965151548
0.9933378696
0.9942069054
0.9928861856
0.9954996109
0.9925686121
0.9935413599
0.9947048426
0.9947129488
0.9930843115
0.9897257090
0.9939959049
0.9906230569
0.9950791597
0.9949762821
0.9926214218
0.9924010634
0.9951897860
0.9952265024
0.9962261319
0.9916571379
0.9948800802
0.9897526503
0.9937365055
0.9936095476
0.9961950183
0.9920241833
0.9934592247
0.9919978976
0.9934890270
0.9953479767
0.9939581156
0.9927448034
0.9946074486
0.9936314821
0.9928592443
0.9952211380
0.9952615499
0.9916379452
0.9942760468
0.9947834611
0.9933207035
0.9919548631
0.9962852001
0.9915575981
0.9938051701
0.9952075481
0.9940899611
0.9944609404
0.9946956038
0.9919258356
0.9934471846
0.9904494286
0.9933452606
0.9931373000
0.9950771332
0.9938275218
0.9954093695
0.9933201075
0.9938182831
0.9938653111
0.9938075542
0.9961004257
0.9936314225
0.9931826591
0.9913998842
0.9905126095
0.9929502010
0.9937007427
0.9943376780
0.9952552319
0.9946765900
0.9965640306
0.9930984378
0.9963251352
0.9955073595
0.9933631420
0.9944642782
0.9943541884
0.9935737252
0.9899870157
0.9888236523
0.9957568645
0.9926993251
0.9921965003
0.9933081865
0.9934806824
0.9924094677
0.9916509390
0.9923189878
0.9922225475
0.9902502298
0.9944751859
0.9953697324
0.9934776425
0.9934122562
0.9904251099
0.9916024208
0.9911382198
0.9899284840
0.9908128381
0.9933463335
0.9937935472
0.9916821122
0.9910449982
0.9935708046
0.9953743219
0.9931054115
0.9937094450
0.9916908741
0.9927450418
0.9918169379
0.9919243455
0.9929652214
0.9904952049
0.9934620857
0.9942444563
0.9899492264
0.9938913584
0.9909793139
0.9930533171
0.9871909022
0.9940133691
0.9911688566
0.9910548925
0.9915997982
0.9919991493
0.9913726449
0.9905846119
0.9890801907
0.9931000471
0.9917843342
0.9933196306
0.9942119122
0.9954810143
0.9925445318
0.9936665297
0.9941231012
0.9886811972
0.9902487397
0.9934386611
0.9918143153
0.9915122986
0.9927516580
0.9930478930
0.9929181337
0.9925429821
0.9947108626
0.9918672442
0.9935697913
0.9946000576
0.9930808544
0.9912436008
0.9933997393
0.9918066263
0.9913713932
0.9929584265
0.9928647280
0.9895815849
0.9883661866
0.9881547689
0.9890960455
0.9913210869
0.9901477098
0.9916422367
0.9947926998
0.9896739721
0.9895334244
0.9896690845
0.9903622270
0.9899060726
0.9880998135
0.9893549085
0.9921641946
0.9928520918
0.9894685745
0.9947331548
0.9907096624
0.9946724176
0.9906666279
0.9923862219
0.9926773310
0.9923595786
0.9881989956
0.9907088876
0.9914535880
0.9926068783
0.9903438091
0.9908710122
0.9889236689
0.9901672006
0.9944288135
0.9885094166
0.9908260107
0.9916014075
0.9928704500
0.9929825664
0.9896125793
0.9893239737
0.9929876328
0.9930372238
0.9921013713
0.9904242754
0.9936262369
0.9925173521
0.9954706430
0.9899175763
0.9914585352
0.9919828176
0.9891891479
0.9939213991
0.9881996512
0.9922459126
0.9904812574
0.9943033457
0.9919556379
0.9885830879
0.9910005331
0.9941489697
0.9940777421
0.9933391809
0.9926826954
0.9948102236
0.9937130213
0.9941765070
0.9891470671
0.9934314489
0.9898978472
0.9934426546
0.9903910160
0.9963510036
0.9942907095
0.9910142422
0.9948078990
0.9911344647
0.9939135313
0.9908657670
0.9913651943
0.9909564853
0.9935661554
0.9949549437
0.9940866232
0.9913853407
0.9952275157
0.9921241999
0.9891443253
0.9925867319
0.9919668436
0.9925061464
0.9901397228
0.9942670465
0.9920845032
0.9924145937
0.9962785244
0.9922167063
0.9945493937
0.9905297756
0.9922166467
0.9895077348
0.9906473160
0.9941352606
0.9947048426
0.9941037297
0.9877992868
0.9927284718
0.9890125394
0.9933063984
0.9902141690
0.9928081036
0.9936834574
0.9925372005
0.9905601740
0.9909449816
0.9916253686
0.9881736636
0.9930366278
0.9938673973
0.9925681353
0.9928188324
0.9871863723
0.9898970127
0.9902430177
0.9932589531
0.9927785993
0.9939819574
0.9949874878
0.9931440949
0.9918910861
0.9959236383
0.9937276244
0.9935501814
0.9922852516
0.9916706085
0.9921142459
0.9909012318
0.9940831661
0.9919600487
0.9922696948
0.9941772223
0.9926919937
0.9896657467
0.9941716194
0.9931646585
0.9909553528
0.9902125597
0.9935950041
0.9919595122
0.9903529882
0.9956847429
0.9928239584
0.9901975393
0.9954156280
0.9909230471
0.9905724525
0.9917047024
0.9932501316
0.9949702024
0.9933528900
0.9903399944
0.9941735268
0.9915115833
0.9935235977
0.9899940491
0.9912487268
0.9905299544
0.9925891161
0.9928499460
0.9898540974
0.9882915020
0.9882779121
0.9943616390
0.9904515147
0.9919772148
0.9899387360
0.9908623695
0.9879297018
0.9895619154
0.9878913164
0.9917751551
0.9900425673
0.9904321432
0.9915887117
0.9874123335
0.9933588505
0.9927866459
0.9944737554
0.9928615689
0.9929649830
0.9943347573
0.9912496209
0.9928154945
0.9940861464
0.9938602448
0.9932211637
0.9933471680
0.9903228283
0.9903265238
0.9928063750
0.9952502251
0.9925576448
0.9925081730
0.9948776960
0.9932250381
0.9922643900
0.9951773882
0.9903665185
0.9905865788
0.9907628298
0.9925541282
0.9928147793
0.9947199821
0.9911984205
0.9941461086
0.9929484129
0.9881092906
0.9899415970
0.9912374020
0.9917656183
0.9883890152
0.9887087345
0.9925711155
0.9898552895
0.9913064837
0.9891586304
0.9896159172
0.9884892702
0.9914546013
0.9944314361
0.9926041365
0.9901630878
0.9907549620
0.9865183830
0.9923758507
0.9936450720
0.9914097786
0.9871098995
0.9906406403
0.9890905619
0.9914090633
0.9868675470
0.9931253791
0.9918974042
0.9925622940
0.9919320345
0.9904945493
0.9882967472
0.9900646210
0.9873291850
0.9907442331
0.9881207943
0.9950772524
0.9912447333
0.9869427085
0.9847138524
0.9889746904
0.9947028160
0.9916688204
0.9882112145
0.9900872707
0.9877367020
0.9927045107
0.9902043939
0.9915452003
0.9855916500
0.9902653098
0.9910209179
0.9896519184
0.9926949739
0.9895215631
0.9902097583
0.9916464090
0.9936697483
0.9904068112
0.9907105565
0.9890158176
0.9909099340
0.9905940890
0.9911701083
0.9914859533
0.9900255203
0.9906076193
0.9923228025
0.9945136309
0.9918266535
0.9919543266
0.9901078939
0.9908705950
0.9890522361
0.9908301830
0.9849101305
0.9925885201
0.9932745695
0.9912706017
0.9928280115
0.9888596535
0.9899485111
0.9921812415
0.9897552729
0.9935559630
0.9917476177
0.9908386469
0.9886386395
0.9937876463
0.9917469025
0.9933308363
0.9918375015
0.9921343923
0.9903492332
0.9946850538
0.9920475483
0.9918007255
0.9904438853
0.9957810640
0.9902403355
0.9940968752
0.9928607345
0.9873247147
0.9916225672
0.9909532070
0.9880650640
0.9930701852
0.9948411584
0.9920982122
0.9897167683
0.9922516942
0.9925554395
0.9907596111
0.9931502938
0.9886126518
0.9915164113
0.9921549559
0.9941757917
0.9917584658
0.9882364273
0.9951977730
0.9940615296
0.9886775613
0.9934128523
0.9906105995
0.9932640791
0.9894616604
0.9916644096
0.9891941547
0.9912799001
0.9917322397
0.9915539622
0.9925174117
0.9917075634
0.9900879860
0.9921600819
0.9916719198
0.9939955473
0.9909967780
0.9927719831
0.9922075272
0.9961636066
0.9909203053
0.9903305769
0.9916059375
0.9922634363
0.9937820435
0.9927351475
0.9899461269
0.9949398041
0.9912668467
0.9923309088
0.9914218783
0.9910631180
0.9939103127
0.9912067056
0.9928057194
0.9933369160
0.9925233126
0.9938064814
0.9936131835
0.9936951995
0.9941881895
0.9952718019
0.9941857457
0.9957555532
0.9933954477
0.9943585396
0.9923479557
0.9945911169
0.9948266149
0.9916710258
0.9919291735
0.9939166307
0.9906419516
0.9929263592
0.9911026955
0.9915406108
0.9936884642
0.9924337864
0.9920479059
0.9932810068
0.9951112866
0.9953562021
0.9946213365
0.9959594607
0.9955360889
0.9924029708
0.9907798767
0.9914586544
0.9938628078
0.9934071302
0.9931585789
0.9946927428
0.9936377406
0.9940582514
0.9919060469
0.9938833714
0.9910128117
0.9920696020
0.9939486980
0.9896135926
0.9957150221
0.9931068420
0.9932155609
0.9930293560
0.9954081178
0.9950055480
0.9929739833
0.9953138828
0.9944100976
0.9934325218
0.9915444255
0.9933264256
0.9948692322
0.9931139350
0.9937523603
0.9926123619
0.9933329821
0.9919104576
0.9925860763
0.9949953556
0.9923654795
0.9943360090
0.9900516868
0.9932561517
0.9952184558
0.9947440624
0.9937384129
0.9918978214
0.9939571619
0.9920314550
0.9916471243
0.9921315908
0.9945130348
0.9938318133
0.9934880733
0.9953467250
0.9936149120
0.9921232462
0.9928083420
0.9951828122
0.9887491465
0.9917157888
0.9961997271
0.9908365011
0.9932265878
0.9918711185
0.9948868752
0.9935321212
0.9946334362
0.9897342324
0.9882284403
0.9949969053
0.9931695461
0.9942172766
0.9899559617
0.9923886657
0.9911096692
0.9931166768
0.9932421446
0.9947545528
0.9927186966
0.9933508635
0.9933475256
0.9963693619
0.9963027239
0.9933093786
0.9941490889
0.9918645620
0.9960649014
0.9926694632
0.9944750071
0.9946720004
0.9946563244
0.9928193092
0.9897597432
0.9939525127
0.9913176298
0.9947758913
0.9950272441
0.9922609329
0.9929894805
0.9949076176
0.9951448441
0.9960132837
0.9924389720
0.9947242141
0.9905701876
0.9932319522
0.9930810928
0.9962798357
0.9922149777
0.9936549067
0.9925348759
0.9934121370
0.9953019619
0.9938915372
0.9927679300
0.9947240353
0.9930719137
0.9925035238
0.9955848455
0.9954385757
0.9919297695
0.9943594933
0.9950531721
0.9927684069
0.9916223288
0.9958416820
0.9922060966
0.9939126372
0.9949766397
0.9939324856
0.9939588308
0.9941901565
0.9922842979
0.9937014580
0.9903659821
0.9934904575
0.9929120541
0.9948967695
0.9945784807
0.9957456589
0.9939570427
0.9943021536
0.9931336641
0.9940170646
0.9961762428
0.9943505526
0.9934784174
0.9910377264
0.9904066324
0.9932655096
0.9937194586
0.9949536920
0.9951412678
0.9943046570
0.9965010881
0.9934979677
0.9968020916
0.9955963492
0.9932866693
0.9949905276
0.9938383102
0.9932098389
0.9903725386
0.9899351001
0.9962166548
0.9929593205
0.9927735329
0.9936797619
0.9939147234
0.9924637079
0.9926506281
0.9924669266
0.9928224087
0.9903237820
0.9944870472
0.9957846403
0.9931877851
0.9932640791
0.9895542860
0.9920876026
0.9917110801
0.9906184673
0.9912178516
0.9943649769
0.9937330484
0.9917649627
0.9909726381
0.9938009977
0.9953421354
0.9925808311
0.9942343235
0.9919360280
0.9929562807
0.9906709194
0.9914855957
0.9935765266
0.9908910990
0.9934589863
0.9938762188
0.9913418889
0.9940113425
0.9909979701
0.9928429127
0.9888120890
0.9941099882
0.9910513163
0.9917536974
0.9917600155
0.9926244020
0.9916505814
0.9905734062
0.9891470075
0.9929766655
0.9918147326
0.9927551150
0.9939942956
0.9954704046
0.9926464558
0.9938230515
0.9937252402
0.9881830215
0.9903405905
0.9936239123
0.9918147326
0.9914830923
0.9933369756
0.9937175512
0.9924573302
0.9925243855
0.9943037033
0.9926140308
0.9938423634
0.9943125844
0.9932221174
0.9912774563
0.9939054251
0.9916962385
0.9910162091
0.9930454493
0.9936642647
0.9883551598
0.9894486666
0.9883958101
0.9895210266
0.9915667772
0.9902020693
0.9917947054
0.9951176643
0.9897857904
0.9879884720
0.9887834191
0.9898929596
0.9907968044
0.9883423448
0.9896736145
0.9920265675
0.9927334189
0.9906369448
0.9946491718
0.9908029437
0.9942200184
0.9913098812
0.9926571846
0.9925588369
0.9930042028
0.9889394045
0.9917629957
0.9909536839
0.9935163260
0.9890857935
0.9917801023
0.9892419577
0.9892160892
0.9947133064
0.9889211059
0.9913377762
0.9914892912
0.9925537109
0.9926103950
0.9900643826
0.9891412258
0.9928191900
0.9928601980
0.9920434952
0.9896213412
0.9931354523
0.9925171137
0.9956454039
0.9908606410
0.9916723967
0.9910454750
0.9900123477
0.9935812950
0.9892275333
0.9921894073
0.9907055497
0.9942007065
0.9919860959
0.9881512523
0.9909964800
0.9941306114
0.9946807623
0.9936359525
0.9930087328
0.9942650795
0.9933229685
0.9931501150
0.9890275002
0.9939686060
0.9911659956
0.9934703112
0.9911644459
0.9960803986
0.9949223995
0.9906200171
0.9946944118
0.9904611111
0.9938046336
0.9913712144
0.9918866158
0.9915382862
0.9937298298
0.9945067763
0.9948244095
0.9909932017
0.9953410625
0.9923928380
0.9891987443
0.9926474690
0.9920617342
0.9925374985
0.9902557135
0.9947068095
0.9920954704
0.9925376177
0.9961981773
0.9911041856
0.9952402115
0.9913285971
0.9922468066
0.9904912710
0.9912538528
0.9936980009
0.9951629639
0.9942688942
0.9875599146
0.9932542443
0.9901338816
0.9931931496
0.9898738861
0.9926062822
0.9932361245
0.9923413992
0.9908010960
0.9914355874
0.9911280870
0.9885895252
0.9931856394
0.9938521385
0.9931688309
0.9927437305
0.9877672791
0.9892221093
0.9913260937
0.9931851029
0.9922595024
0.9942418337
0.9944344759
0.9926801920
0.9920325279
0.9960679412
0.9932178855
0.9933742285
0.9912805557
0.9918700457
0.9917896986
0.9909634590
0.9943255186
0.9926757812
0.9921363592
0.9945169091
0.9926631451
0.9879808426
0.9946031570
0.9932250977
0.9895204306
0.9903393984
0.9931927919
0.9916834831
0.9911790490
0.9956798553
0.9931802750
0.9912592769
0.9954738617
0.9913982153
0.9892379045
0.9914840460
0.9931269884
0.9951313734
0.9929893017
0.9895052910
0.9943271875
0.9907999039
0.9940298796
0.9905688763
0.9909384847
0.9914913774
0.9926362038
0.9927737713
0.9894328713
0.9882712364
0.9891040325
0.9944431782
0.9910189509
0.9910910130
0.9895609021
0.9902148247
0.9879289865
0.9886931181
0.9874600172
0.9914818406
0.9902251959
0.9901757240
0.9916740656
0.9878234863
0.9871902466
0.9858347178
0.9901498556
0.9895288944
0.9881632924
0.9889225364
0.9851464033
0.9875426292
0.9893592596
0.9902777076
0.9878714681
0.9884015322
0.9834466577
0.9836635590
0.9889278412
0.9922406077
0.9851349592
0.9871516824
0.9907479286
0.9891446829
0.9858774543
0.9914411306
0.9825630784
0.9833985567
0.9825930595
0.9884711504
0.9861269593
0.9897236228
0.9860156178
0.9887818694
0.9872202873
0.9767878652
0.9828542471
0.9848452806
0.9844577312
0.9798135757
0.9815157652
0.9861976504
0.9836062193
0.9851939678
0.9823334217
0.9803686142
0.9819936752
0.9860310555
0.9896746874
0.9879652858
0.9843330383
0.9846861362
0.9784671068
0.9866158962
0.9885802865
0.9861316681
0.9789122343
0.9844281673
0.9796023369
0.9858536720
0.9808291197
0.9874536991
0.9846478105
0.9871003628
0.9838461876
0.9860583544
0.9812102318
0.9828587174
0.9821667671
0.9851837158
0.9810364246
0.9911955595
0.9867366552
0.9788657427
0.9756480455
0.9802446961
0.9907061458
0.9849581718
0.9808512926
0.9844459891
0.9804522991
0.9874770641
0.9834612608
0.9856252670
0.9764901996
0.9837155342
0.9839317799
0.9832489491
0.9887005091
0.9817197323
0.9820168614
0.9854397774
0.9894721508
0.9841687679
0.9830810428
0.9815680385
0.9854931831
0.9840948582
0.9868824482
0.9867568016
0.9813721776
0.9845427275
0.9867453575
0.9909124374
0.9848285913
0.9854544997
0.9843320847
0.9811874032
0.9809814692
0.9826500416
0.9771668911
0.9872696400
0.9889054298
0.9862359762
0.9883613586
0.9804273844
0.9823964834
0.9860572815
0.9827026725
0.9879132509
0.9868655801
0.9843401313
0.9819933772
0.9892143011
0.9856564999
0.9878029227
0.9859311581
0.9853910208
0.9840559959
0.9902225733
0.9848409891
0.9862694740
0.9831602573
0.9921154380
0.9836055040
0.9890952110
0.9864287376
0.9799207449
0.9858378172
0.9836583138
0.9808069468
0.9869188070
0.9910624027
0.9869871140
0.9828306437
0.9878775477
0.9860848784
0.9840875864
0.9872796535
0.9793597460
0.9840825796
0.9870407581
0.9893810749
0.9855721593
0.9808685780
0.9917157292
0.9885666370
0.9844121933
0.9878995419
0.9840168953
0.9879778624
0.9827770591
0.9852612019
0.9814875126
0.9839503169
0.9866583347
0.9848026037
0.9866112471
0.9853166342
0.9833983183
0.9871612787
0.9847705960
0.9884355068
0.9844132662
0.9881942272
0.9874859452
0.9929657578
0.9849102497
0.9828351140
0.9857051373
0.9867422581
0.9892517328
0.9884814024
0.9821786880
0.9916049838
0.9863663912
0.9867291451
0.9867437482
0.9856702089
0.9891802073
0.9854925871
0.9883528948
0.9881342649
0.9876077175
0.9884636402
0.9886044860
0.9894413948
0.9889888763
0.9914885163
0.9897527695
0.9914362431
0.9881827235
0.9908295870
0.9870266318
0.9902197123
0.9916137457
0.9862183332
0.9853692055
0.9874274731
0.9837697744
0.9868723154
0.9839890003
0.9861281514
0.9877333641
0.9861595631
0.9863636494
0.9876145720
0.9910566807
0.9913005829
0.9899272323
0.9927328229
0.9924671650
0.9868079424
0.9834117889
0.9855084419
0.9886687994
0.9884124994
0.9887306690
0.9909638166
0.9892998934
0.9903811216
0.9853866100
0.9883791208
0.9849035740
0.9871454239
0.9887530208
0.9813914895
0.9920150638
0.9883666039
0.9881752729
0.9887742996
0.9911917448
0.9919322729
0.9881078005
0.9910002947
0.9905397296
0.9893594980
0.9846398830
0.9890244007
0.9914386272
0.9882018566
0.9880267978
0.9876438379
0.9882166386
0.9865552187
0.9877060056
0.9905182123
0.9862024188
0.9890054464
0.9840772152
0.9885528088
0.9905973673
0.9902931452
0.9881671667
0.9866057634
0.9906956553
0.9864515662
0.9845420718
0.9870406985
0.9899115562
0.9891990423
0.9865598679
0.9909185171
0.9882442951
0.9857802391
0.9866744876
0.9905961752
0.9810517430
0.9863113165
0.9919379950
0.9827405214
0.9886870384
0.9863659143
0.9912207127
0.9884589911
0.9891839027
0.9825854301
0.9811543226
0.9911837578
0.9880139828
0.9892289639
0.9819791317
0.9853919148
0.9859617949
0.9883415699
0.9883407354
0.9911996722
0.9881845713
0.9877938032
0.9876637459
0.9936460257
0.9937862158
0.9881645441
0.9896987677
0.9877315164
0.9919933081
0.9882596731
0.9888445735
0.9909279943
0.9905516505
0.9878115654
0.9827699661
0.9900035858
0.9846812487
0.9907789230
0.9910143018
0.9873479605
0.9885088801
0.9903603792
0.9914729595
0.9929033518
0.9875979424
0.9910168648
0.9844383001
0.9887849092
0.9890043139
0.9922725558
0.9876178503
0.9880547523
0.9870784283
0.9891545177
0.9912529588
0.9888792038
0.9883524179
0.9903787374
0.9892618656
0.9878482223
0.9920224547
0.9909781814
0.9862015247
0.9909539223
0.9912035465
0.9896296263
0.9858332872
0.9927821159
0.9866708517
0.9889218807
0.9914137125
0.9901934862
0.9905264378
0.9896291494
0.9862595797
0.9879604578
0.9833145142
0.9893770218
0.9878462553
0.9908129573
0.9894795418
0.9916477203
0.9889925718
0.9889900684
0.9892688990
0.9887675643
0.9922986627
0.9881334305
0.9885915518
0.9849780202
0.9828841686
0.9876579046
0.9891780615
0.9901708364
0.9911154509
0.9890974760
0.9932087660
0.9881355762
0.9935508966
0.9914746284
0.9891233444
0.9902517200
0.9893074036
0.9876323938
0.9829540849
0.9824311733
0.9927147031
0.9875826836
0.9862293005
0.9885054827
0.9886536598
0.9864395857
0.9845374823
0.9867590666
0.9879480600
0.9839445949
0.9894928932
0.9905576706
0.9888373017
0.9888432026
0.9836406708
0.9866565466
0.9859654903
0.9842845201
0.9836322069
0.9893049002
0.9891849756
0.9845007658
0.9852621555
0.9887545705
0.9919569492
0.9882159233
0.9891533852
0.9864684343
0.9871494770
0.9858796000
0.9856908321
0.9882466793
0.9841074347
0.9876204729
0.9892205000
0.9850031734
0.9894235134
0.9850178957
0.9884979129
0.9806658030
0.9900300503
0.9842413068
0.9861299396
0.9845655560
0.9866175652
0.9852889776
0.9841513634
0.9819139242
0.9881157875
0.9866517186
0.9887968898
0.9898766875
0.9924553037
0.9861415625
0.9886609316
0.9889733195
0.9800000191
0.9837120771
0.9878908396
0.9861669540
0.9862285852
0.9887500405
0.9878428578
0.9877026081
0.9865458012
0.9913641810
0.9864647985
0.9880039096
0.9891663790
0.9872733355
0.9839889407
0.9888215065
0.9860388637
0.9846700430
0.9882581234
0.9892165065
0.9833085537
0.9816905260
0.9819765091
0.9827659726
0.9859713316
0.9838064909
0.9857069254
0.9904571772
0.9845715761
0.9825052023
0.9826029539
0.9843196869
0.9830174446
0.9810555577
0.9819077253
0.9854196310
0.9875019193
0.9829589128
0.9892293811
0.9847695827
0.9903616905
0.9846152067
0.9884662628
0.9876375794
0.9867280722
0.9834189415
0.9855731726
0.9840079546
0.9886664152
0.9831515551
0.9843792319
0.9826450944
0.9828596115
0.9906127453
0.9816058874
0.9848814011
0.9866719246
0.9874306917
0.9869550467
0.9831159115
0.9839183092
0.9878973365
0.9879198074
0.9857729673
0.9830318093
0.9886816740
0.9873651266
0.9926394224
0.9821358919
0.9848834276
0.9860798717
0.9824119806
0.9895464182
0.9829567671
0.9859758615
0.9836776257
0.9901830554
0.9860913754
0.9805622697
0.9846283197
0.9892398119
0.9893023968
0.9877756834
0.9876963496
0.9899130464
0.9891749620
0.9886304140
0.9817351103
0.9896112680
0.9841839075
0.9887771010
0.9849640727
0.9927074909
0.9914004803
0.9829541445
0.9900586009
0.9845845699
0.9888865948
0.9850559235
0.9845761061
0.9851734042
0.9895565510
0.9906281233
0.9892197847
0.9857935905
0.9923734665
0.9862381220
0.9810285568
0.9886761904
0.9851404428
0.9877088070
0.9832750559
0.9907362461
0.9859246016
0.9866769314
0.9929794669
0.9853063226
0.9902333021
0.9836664200
0.9870874882
0.9818416834
0.9832569361
0.9892199039
0.9915971756
0.9888437986
0.9788873792
0.9880030155
0.9821562767
0.9879838228
0.9841616154
0.9877861738
0.9886920452
0.9867683053
0.9843974113
0.9849529862
0.9861452579
0.9804350138
0.9876570702
0.9906183481
0.9871407747
0.9881861210
0.9778452516
0.9818998575
0.9823514223
0.9876750708
0.9867720604
0.9886776209
0.9894474745
0.9871578217
0.9864165783
0.9935430288
0.9889631271
0.9886697531
0.9856477976
0.9881574512
0.9856860638
0.9848219752
0.9894770980
0.9869713783
0.9870902300
0.9898862243
0.9859152436
0.9835354686
0.9902584553
0.9883537292
0.9854120016
0.9824428558
0.9879754186
0.9876078963
0.9847185612
0.9924418926
0.9882382154
0.9855462909
0.9912822247
0.9855496883
0.9841846228
0.9853725433
0.9892556667
0.9904067516
0.9899168015
0.9827238321
0.9889229536
0.9854334593
0.9886566401
0.9842551947
0.9859776497
0.9831112623
0.9870592952
0.9882140756
0.9834655523
0.9794094563
0.9832325578
0.9897750616
0.9852528572
0.9860903025
0.9836881161
0.9847146273
0.9812469482
0.9812294245
0.9811166525
0.9862338305
0.9824669361
0.9841427803
0.9856356382
0.9792230129
