0.9975715876
0.9970221519
0.9989414215
0.9972205162
0.9979569912
0.9983007908
0.9988297224
0.9976649284
0.9988629818
0.9983658195
0.9980472326
0.9983103275
0.9981185794
0.9990241528
0.9974060059
0.9986767173
0.9984883666
0.9984413385
0.9984247088
0.9979234934
0.9980301857
0.9977082014
0.9974259138
0.9984361529
0.9980500937
0.9974568486
0.9978035092
0.9982498884
0.9980493188
0.9982314706
0.9984140396
0.9979820251
0.9983979464
0.9980530739
0.9986816645
0.9981871843
0.9978660345
0.9974363446
0.9981007576
0.9981017113
0.9981101751
0.9980384111
0.9979104400
0.9984555840
0.9988250732
0.9978873730
0.9981927276
0.9975719452
0.9966657758
0.9986137748
0.9989275932
0.9980419278
0.9980090261
0.9983892441
0.9976995587
0.9974532127
0.9980596304
0.9986543655
0.9971258640
0.9988176823
0.9980485439
0.9982877970
0.9981343746
0.9980854988
0.9975930452
0.9980231524
0.9979230165
0.9983516932
0.9977693558
0.9980617762
0.9986369610
0.9977253675
0.9983295202
0.9989039898
0.9978009462
0.9980137348
0.9975814223
0.9975316525
0.9983438253
0.9978152514
0.9989405870
0.9975540638
0.9984039068
0.9984796047
0.9972602129
0.9982607365
0.9983590841
0.9982919693
0.9979577065
0.9987317324
0.9980082512
0.9990167618
0.9969401956
0.9985235929
0.9973921776
0.9977911711
0.9979344606
0.9983479977
0.9978094101
0.9981908798
0.9987597466
0.9988387823
0.9984942675
0.9979838133
0.9976188540
0.9990984201
0.9974975586
0.9979990721
0.9980344176
0.9981358051
0.9981422424
0.9987351894
0.9986918569
0.9985151291
0.9984443784
0.9982036352
0.9976431131
0.9981876612
0.9991047382
0.9986256361
0.9979565740
0.9986497164
0.9978443384
0.9976241589
0.9983061552
0.9984551668
0.9984051585
0.9980864525
0.9988613725
0.9980223179
0.9975297451
0.9976350069
0.9989140034
0.9979872704
0.9976531863
0.9976074696
0.9980740547
0.9976792336
0.9978595972
0.9978393316
0.9976797700
0.9988042116
0.9987123013
0.9984517097
0.9976798296
0.9974557161
0.9982411265
0.9975231886
0.9978359938
0.9979701638
0.9984520674
0.9984564781
0.9991593957
0.9983254671
0.9980006814
0.9980379343
0.9984958172
0.9985871911
0.9980093241
0.9977451563
0.9976265430
0.9976280332
0.9980415702
0.9977085590
0.9982171059
0.9982772470
0.9977598190
0.9983614683
0.9983898997
0.9987543225
0.9983547926
0.9981943369
0.9983265400
0.9981435537
0.9986672401
0.9989946485
0.9979813099
0.9980260134
0.9985162020
0.9976723194
0.9982561469
0.9981107712
0.9984946251
0.9979202747
0.9975868464
0.9985629916
0.9981259704
0.9989238381
0.9977332354
0.9986822009
0.9981778264
0.9981535673
0.9980664253
0.9980911016
0.9980200529
0.9984655380
0.9982088208
0.9974940419
0.9981895685
0.9982581735
0.9980295897
0.9988195896
0.9983586073
0.9986453056
0.9984567165
0.9980937243
0.9984774590
0.9978441596
0.9975363016
0.9982794523
0.9985020161
0.9986399412
0.9988889098
0.9986187220
0.9981616735
0.9987432957
0.9987167716
0.9977933168
0.9985114932
0.9982111454
0.9984983206
0.9982441664
0.9978851080
0.9972224832
0.9976898432
0.9978867769
0.9984021187
0.9977538586
0.9974910021
0.9985421300
0.9978212118
0.9980599284
0.9983003139
0.9984371662
0.9976050854
0.9980364442
0.9989166260
0.9982389808
0.9984333515
0.9978013635
0.9982992411
0.9988296032
0.9985086918
0.9985718131
0.9975365400
0.9980838299
0.9981532693
0.9988681078
0.9982693195
0.9984704256
0.9978414178
0.9977123737
0.9979499578
0.9981896281
0.9980395436
0.9989482164
0.9981083274
0.9982225299
0.9980780482
0.9980304241
0.9988238811
0.9982292652
0.9979004860
0.9983199835
0.9980948567
0.9978235960
0.9984239340
0.9976615906
0.9987902641
0.9978634715
0.9982551336
0.9978886843
0.9981274605
0.9977746010
0.9978390932
0.9985578060
0.9988704324
0.9975382090
0.9986505508
0.9981911182
0.9985312223
0.9986637831
0.9981506467
0.9975965023
0.9981654882
0.9981175065
0.9986780882
0.9984052181
0.9982132912
0.9984364510
0.9980973005
0.9983514547
0.9985334873
0.9984225035
0.9982113838
0.9982749224
0.9979642630
0.9982467890
0.9973090887
0.9983392954
0.9980684519
0.9979137182
0.9984929562
0.9980561733
0.9978899956
0.9982352257
0.9977395535
0.9982981682
0.9984349012
0.9982916117
0.9985725880
0.9981956482
0.9976623058
0.9980874062
0.9975913763
0.9979388118
0.9986221790
0.9979085326
0.9982939959
0.9976547956
0.9985832572
0.9982458353
0.9985411763
0.9988407493
0.9979275465
0.9981529713
0.9979516864
0.9986211061
0.9987215400
0.9988296032
0.9982337952
0.9984550476
0.9978903532
0.9974702001
0.9985637069
0.9984011650
0.9982365370
0.9979029894
0.9982024431
0.9980282784
0.9984582663
0.9982591867
0.9977743626
0.9981944561
0.9983651042
0.9977285862
0.9984530210
0.9977172613
0.9987673759
0.9979759455
0.9976285696
0.9976263046
0.9985398054
0.9985747337
0.9980939627
0.9985847473
0.9985541701
0.9976899624
0.9982838631
0.9982248545
0.9987186790
0.9983550310
0.9977688789
0.9987852573
0.9977278709
0.9986667633
0.9980973601
0.9979281425
0.9981644154
0.9989753962
0.9976748228
0.9981704950
0.9984479547
0.9985693693
0.9979488850
0.9975044727
0.9979813099
0.9976444244
0.9986242056
0.9980149269
0.9984124899
0.9983547926
0.9985773563
0.9979622960
0.9977401495
0.9983799458
0.9985376596
0.9978086948
0.9979261160
0.9980785251
0.9979113340
0.9984359741
0.9984009266
0.9988982081
0.9984072447
0.9976879358
0.9976166487
0.9988007545
0.9978777170
0.9986308813
0.9977091551
0.9979944229
0.9979903698
0.9986499548
0.9979058504
0.9985492229
0.9975379705
0.9980754256
0.9983236790
0.9985568523
0.9983056188
0.9980401993
0.9983861446
0.9982693195
0.9979128838
0.9985444546
0.9984930754
0.9978873730
0.9980300069
0.9986054897
0.9978806376
0.9979922771
0.9982856512
0.9985760450
0.9983750582
0.9979082346
0.9985294342
0.9979999065
0.9987216592
0.9989699721
0.9984520674
0.9986219406
0.9983289242
0.9980386496
0.9979387522
0.9984003901
0.9974972010
0.9982329011
0.9979214668
0.9981930256
0.9976191521
0.9979988337
0.9983608127
0.9983104467
0.9989167452
0.9976112843
0.9980890155
0.9981092215
0.9981048107
0.9981919527
0.9979710579
0.9986453056
0.9986696243
0.9984873533
0.9981895685
0.9980190992
0.9977799654
0.9983417988
0.9977989197
0.9986021519
0.9971086979
0.9974189997
0.9984315634
0.9982898235
0.9977617264
0.9985009432
0.9979327321
0.9985164404
0.9982240200
0.9984431863
0.9983484745
0.9985127449
0.9973918200
0.9989082217
0.9982197881
0.9974218607
0.9982768297
0.9982154965
0.9983900785
0.9984221458
0.9982814789
0.9985167980
0.9978744984
0.9982966185
0.9980091453
0.9974356294
0.9984741807
0.9976487160
0.9988151789
0.9970916510
0.9983929396
0.9979106188
0.9983361959
0.9977746010
0.9986923933
0.9984745383
0.9978424311
0.9984052181
0.9982979894
0.9975501299
0.9987531900
0.9975190163
0.9977235794
0.9980758429
0.9981067777
0.9983447790
0.9976208210
0.9984878302
0.9985028505
0.9978750944
0.9989032745
0.9982606173
0.9984446764
0.9979103804
0.9988156557
0.9992948771
0.9980440736
0.9990624785
0.9986321330
0.9981665611
0.9983906746
0.9974065423
0.9983912110
0.9982856512
0.9978007078
0.9984045029
0.9984407425
0.9981811047
0.9985145926
0.9979909062
0.9978619814
0.9980592728
0.9982897639
0.9978401661
0.9982949495
0.9981701970
0.9981199503
0.9979051352
0.9977871180
0.9971394539
0.9988915920
0.9984139204
0.9986803532
0.9976634979
0.9980926514
0.9975378513
0.9980291128
0.9987031221
0.9981580973
0.9979896545
0.9978679419
0.9975134134
0.9973226786
0.9975802898
0.9981006384
0.9977427721
0.9976660609
0.9984746575
0.9979139566
0.9980325699
0.9983645678
0.9982582331
0.9982240796
0.9975546598
0.9987485409
0.9984214902
0.9980090261
0.9983073473
0.9983788729
0.9974122047
0.9982285500
0.9984589815
0.9978665113
0.9980472326
0.9976902604
0.9982999563
0.9974305630
0.9969392419
0.9989224672
0.9970965385
0.9978917837
0.9982186556
0.9987969995
0.9976261854
0.9988273382
0.9983552694
0.9980012178
0.9982703328
0.9980720282
0.9989868402
0.9973738194
0.9986133575
0.9984260798
0.9984081984
0.9983872771
0.9978973866
0.9979897141
0.9976705313
0.9974539280
0.9984013438
0.9980154037
0.9973642826
0.9977776408
0.9981973171
0.9979927540
0.9981828928
0.9983731508
0.9979175329
0.9983458519
0.9979958534
0.9986463189
0.9981541634
0.9978612661
0.9973893166
0.9980295300
0.9980917573
0.9980599880
0.9980289936
0.9978909492
0.9984320402
0.9988043308
0.9977902174
0.9981060028
0.9975168109
0.9965557456
0.9985693693
0.9989135265
0.9980170727
0.9980087280
0.9983423948
0.9976111054
0.9974071980
0.9979980588
0.9986124039
0.9970625639
0.9987806082
0.9979907274
0.9982351065
0.9981174469
0.9980258346
0.9974912405
0.9980144501
0.9978871346
0.9983115196
0.9976985455
0.9979811907
0.9986164570
0.9976764917
0.9982758760
0.9988707304
0.9977439642
0.9980350137
0.9974906445
0.9975162745
0.9982944727
0.9977443814
0.9988995194
0.9974695444
0.9983792305
0.9984159470
0.9972186685
0.9982178807
0.9982863069
0.9982685447
0.9979255199
0.9986904860
0.9979669452
0.9989883304
0.9969437122
0.9985114336
0.9973310232
0.9977505803
0.9978879690
0.9983038902
0.9978049994
0.9981451631
0.9987561703
0.9987855554
0.9984529018
0.9978966713
0.9975454807
0.9990590215
0.9974370003
0.9979943037
0.9979918003
0.9981285334
0.9980528355
0.9986963868
0.9986726642
0.9984489679
0.9984118938
0.9981706142
0.9975688457
0.9981420636
0.9990937710
0.9985736012
0.9979073405
0.9985851645
0.9978357553
0.9975654483
0.9982730150
0.9984191656
0.9983161688
0.9980228543
0.9988321066
0.9979739189
0.9974820614
0.9975893497
0.9989026785
0.9979280233
0.9976507425
0.9975774288
0.9980278015
0.9975535870
0.9977927208
0.9977938533
0.9976127148
0.9987820387
0.9986797571
0.9984341860
0.9976493120
0.9974087477
0.9982177615
0.9974352121
0.9978301525
0.9979200959
0.9984022975
0.9984102249
0.9991564751
0.9983160496
0.9979484081
0.9979550838
0.9985013008
0.9985347986
0.9979696870
0.9976981878
0.9975926876
0.9975925684
0.9979990125
0.9976949692
0.9981794357
0.9982838035
0.9976966381
0.9983378649
0.9983663559
0.9987167716
0.9983469248
0.9981653690
0.9982944727
0.9981271625
0.9986160994
0.9989718199
0.9979174137
0.9979542494
0.9984581470
0.9976692796
0.9981942773
0.9980610013
0.9984512925
0.9978625774
0.9974932075
0.9985225201
0.9980978966
0.9988960028
0.9976813197
0.9986327291
0.9981520176
0.9980736971
0.9980301857
0.9980406761
0.9979972839
0.9984223247
0.9981895685
0.9974045753
0.9981938601
0.9981931448
0.9979737997
0.9988057613
0.9983215332
0.9986238480
0.9984189868
0.9980994463
0.9984516501
0.9978434443
0.9974452853
0.9982426763
0.9984724522
0.9986013174
0.9988947511
0.9985731840
0.9981486797
0.9987176657
0.9987027645
0.9977376461
0.9984697104
0.9981770515
0.9984916449
0.9981793165
0.9978592396
0.9972132444
0.9976371527
0.9978404045
0.9983636141
0.9976991415
0.9974227548
0.9984967113
0.9978197813
0.9980261922
0.9982603788
0.9984263182
0.9975410104
0.9979881048
0.9989024401
0.9982132912
0.9983625412
0.9977538586
0.9982331991
0.9988139868
0.9984737635
0.9985239506
0.9974904656
0.9980595112
0.9980840683
0.9988303781
0.9982051849
0.9984198809
0.9977673888
0.9976615906
0.9978955984
0.9981545806
0.9980252385
0.9989273548
0.9980399609
0.9981823564
0.9980281591
0.9979707003
0.9987815022
0.9981867075
0.9978365898
0.9982908368
0.9980680943
0.9977279902
0.9983972311
0.9976503849
0.9987649918
0.9978247881
0.9982662201
0.9978095293
0.9980890155
0.9977154732
0.9978205562
0.9985331297
0.9988308549
0.9974793196
0.9986138344
0.9981147051
0.9984562397
0.9985989332
0.9981090426
0.9975270033
0.9981403351
0.9980809689
0.9986276031
0.9983550310
0.9981820583
0.9983580709
0.9980142117
0.9982638359
0.9984965920
0.9983900785
0.9981222153
0.9981980324
0.9979158640
0.9981818199
0.9972422123
0.9983026981
0.9979955554
0.9979050756
0.9984471798
0.9979857802
0.9978427887
0.9981902838
0.9977256060
0.9982788563
0.9983775616
0.9982488155
0.9985141754
0.9981630445
0.9976205230
0.9980645180
0.9975306988
0.9978839159
0.9985777140
0.9978182316
0.9982575774
0.9975591898
0.9985561967
0.9982141256
0.9985309839
0.9988025427
0.9978747368
0.9981139302
0.9978576899
0.9985754490
0.9986870289
0.9987943769
0.9981938601
0.9983995557
0.9978187680
0.9974060655
0.9985091090
0.9983624220
0.9982063770
0.9978666902
0.9981155396
0.9979809523
0.9984163046
0.9981966615
0.9976818562
0.9981868267
0.9983044863
0.9976466894
0.9984431863
0.9976781607
0.9987400174
0.9979460239
0.9975689650
0.9975782037
0.9985122681
0.9985293150
0.9980705976
0.9985533357
0.9985291958
0.9976298809
0.9982276559
0.9982101917
0.9986969829
0.9982763529
0.9976847768
0.9987562895
0.9976846576
0.9986420274
0.9980351925
0.9978454113
0.9981179237
0.9989361763
0.9976423979
0.9981322885
0.9984296560
0.9985356331
0.9978979826
0.9974569082
0.9979656935
0.9975589514
0.9985389113
0.9979454279
0.9983838797
0.9982807636
0.9985225201
0.9979628921
0.9976789951
0.9983465672
0.9984981418
0.9978212118
0.9978529811
0.9980372787
0.9978533983
0.9984037876
0.9983737469
0.9988542795
0.9983637333
0.9976655245
0.9975389838
0.9987798929
0.9977885485
0.9985948801
0.9976865053
0.9979741573
0.9979610443
0.9986249208
0.9978290796
0.9985194802
0.9974586368
0.9980253577
0.9983222485
0.9984865189
0.9982777834
0.9979786873
0.9983336926
0.9982202053
0.9978456497
0.9985202551
0.9984529018
0.9978635311
0.9980150461
0.9985584021
0.9978317022
0.9979534149
0.9982793927
0.9985272288
0.9982928038
0.9978951216
0.9984608293
0.9979873896
0.9987075925
0.9989302158
0.9983720779
0.9985773563
0.9983099699
0.9980217218
0.9978742599
0.9983742833
0.9974663258
0.9982094765
0.9978579283
0.9981521368
0.9975801706
0.9979713559
0.9983134866
0.9982808828
0.9988768101
0.9975616932
0.9980839491
0.9980475903
0.9980514050
0.9981698394
0.9979559183
0.9986113310
0.9986314178
0.9984728098
0.9981268644
0.9979622364
0.9977496862
0.9982820153
0.9977915287
0.9985857010
0.9970376492
0.9973257780
0.9983773232
0.9982439280
0.9976965785
0.9984813929
0.9978728294
0.9985010028
0.9981552362
0.9983994961
0.9982716441
0.9984540343
0.9973152876
0.9988654852
0.9981558323
0.9973886013
0.9982163906
0.9982035756
0.9983652830
0.9984092712
0.9982337952
0.9984844923
0.9978445768
0.9982627630
0.9979469776
0.9973983765
0.9984191656
0.9975625277
0.9987839460
0.9970576763
0.9983756542
0.9978755713
0.9982820153
0.9977566004
0.9986836910
0.9984617233
0.9978236556
0.9983471632
0.9982674122
0.9975631237
0.9987165332
0.9975064993
0.9976992011
0.9980036616
0.9980216026
0.9983201027
0.9975690246
0.9984409809
0.9984592199
0.9977736473
0.9988508224
0.9982279539
0.9983990192
0.9978733063
0.9988041520
0.9992670417
0.9980130196
0.9990640879
0.9985752106
0.9981263876
0.9983190894
0.9972971678
0.9983686209
0.9982137084
0.9977365732
0.9983543158
0.9984182119
0.9981404543
0.9984751344
0.9979584813
0.9977908134
0.9980463982
0.9982254505
0.9977791905
0.9982681274
0.9981379509
0.9980890751
0.9978631139
0.9977694750
0.9970809221
0.9988521338
0.9983822703
0.9986721277
0.9975802898
0.9980624914
0.9974716902
0.9979996681
0.9986575246
0.9981057644
0.9979470372
0.9978235960
0.9974159002
0.9972916842
0.9974528551
0.9980375767
0.9977029562
0.9975841045
0.9984256029
0.9978497028
0.9979697466
0.9983021021
0.9982088804
0.9981907606
0.9974683523
0.9987045527
0.9984096289
0.9979574680
0.9983185530
0.9983339310
0.9973967671
0.9981818199
0.9984203577
0.9978073835
0.9979571700
0.9976013899
0.9982878566
0.9973846674
0.9968806505
0.9989100099
0.9970204830
0.9978237152
0.9981935024
0.9987672567
0.9976513386
0.9988008738
0.9983385205
0.9979301691
0.9982350469
0.9980897903
0.9989686012
0.9973828793
0.9985842705
0.9983885884
0.9983980656
0.9983575344
0.9978658557
0.9979629517
0.9976977110
0.9974727631
0.9983943701
0.9979830980
0.9974787831
0.9977228642
0.9981805086
0.9979804754
0.9981302023
0.9983751774
0.9979054928
0.9982956648
0.9980131388
0.9986311793
0.9981261492
0.9978007078
0.9973782301
0.9979671240
0.9980782270
0.9979966879
0.9979683161
0.9977988005
0.9983988404
0.9987902641
0.9977678061
0.9980283380
0.9974795580
0.9964752197
0.9985496998
0.9988902807
0.9979896545
0.9979420900
0.9983005524
0.9976001978
0.9974095821
0.9979598522
0.9986215830
0.9970610142
0.9987627268
0.9979912639
0.9982457757
0.9980980158
0.9979482293
0.9974108934
0.9980422258
0.9978573322
0.9982389808
0.9976755977
0.9979482293
0.9985954762
0.9977169037
0.9982653856
0.9988653064
0.9976975918
0.9980736971
0.9974432588
0.9975215197
0.9982888103
0.9977221489
0.9988839626
0.9974151850
0.9983599186
0.9983776212
0.9971346855
0.9982340336
0.9982502460
0.9982568026
0.9979732037
0.9986706376
0.9979675412
0.9989851117
0.9969847202
0.9984639883
0.9973785281
0.9977472425
0.9978318214
0.9983143806
0.9978137612
0.9981255531
0.9987570047
0.9987946153
0.9984648228
0.9978684783
0.9975365400
0.9990673065
0.9974174500
0.9979448318
0.9979336262
0.9981405735
0.9980444312
0.9986793995
0.9986644983
0.9984635115
0.9984177351
0.9981228113
0.9975808859
0.9981252551
0.9990998507
0.9985339642
0.9978529215
0.9985597134
0.9978075624
0.9975237846
0.9982324839
0.9984191060
0.9982749224
0.9980269670
0.9988100529
0.9979445934
0.9973795414
0.9976093769
0.9988850355
0.9979043007
0.9976562858
0.9975843430
0.9980360270
0.9974647164
0.9977757335
0.9977508187
0.9976407290
0.9987623692
0.9986500740
0.9984202981
0.9976155758
0.9973832965
0.9981493950
0.9973320961
0.9978100657
0.9978517294
0.9983850718
0.9983608723
0.9991574287
0.9983177185
0.9979543686
0.9978672266
0.9985173345
0.9985547066
0.9979344606
0.9977045059
0.9975587130
0.9976074696
0.9980068207
0.9976257682
0.9981470108
0.9982935190
0.9976508617
0.9983397722
0.9983737469
0.9987095594
0.9983189702
0.9981532693
0.9982876778
0.9980952740
0.9986204505
0.9989863634
0.9978710413
0.9978995919
0.9983958006
0.9976166487
0.9981733561
0.9980531931
0.9984488487
0.9978533387
0.9974390864
0.9985044003
0.9980993271
0.9988776445
0.9976596832
0.9986091256
0.9981198311
0.9980289936
0.9980024099
0.9980503321
0.9980208874
0.9983856082
0.9981890321
0.9973745346
0.9981989861
0.9981671572
0.9979519844
0.9988101721
0.9982541800
0.9986270070
0.9984204769
0.9981079698
0.9984228015
0.9977827072
0.9973971844
0.9982355833
0.9984604120
0.9985625744
0.9988974333
0.9985553026
0.9981244206
0.9987453222
0.9986801147
0.9977158308
0.9984540939
0.9981533289
0.9985113144
0.9981371760
0.9978417158
0.9972666502
0.9976167679
0.9977756739
0.9983487129
0.9976401329
0.9974057078
0.9984750152
0.9978641272
0.9979734421
0.9982123375
0.9983894825
0.9975379705
0.9979448318
0.9988965988
0.9982154369
0.9983343482
0.9977753162
0.9982094169
0.9988316298
0.9984663725
0.9984916449
0.9974545836
0.9980664849
0.9980270863
0.9988242984
0.9981567860
0.9984071255
0.9977498055
0.9976391792
0.9978777766
0.9981358051
0.9979743958
0.9989112616
0.9980661869
0.9981467724
0.9980348945
0.9979780912
0.9987524748
0.9981748462
0.9978599548
0.9982811809
0.9980506301
0.9977258444
0.9983999729
0.9976636171
0.9987552166
0.9977649450
0.9982430339
0.9977577925
0.9980852604
0.9976867437
0.9977387786
0.9985195398
0.9988515377
0.9974054694
0.9985856414
0.9981038570
0.9984500408
0.9985825419
0.9981410503
0.9974719286
0.9981912374
0.9980820417
0.9985867739
0.9983551502
0.9981967807
0.9983353615
0.9979409575
0.9982205033
0.9984736443
0.9984027147
0.9981017113
0.9981225729
0.9979226589
0.9980913401
0.9972577095
0.9982997179
0.9979389310
0.9978840351
0.9984308481
0.9979385734
0.9978164434
0.9981509447
0.9976761937
0.9982739687
0.9983199239
0.9982493520
0.9984657168
0.9981374741
0.9975652695
0.9980458021
0.9974882603
0.9978687763
0.9986149073
0.9977190495
0.9982720613
0.9975551367
0.9985337257
0.9981839657
0.9984925985
0.9987975359
0.9978413582
0.9981222749
0.9978083372
0.9985687733
0.9986734390
0.9988048077
0.9981724620
0.9983964562
0.9977790117
0.9973804951
0.9984705448
0.9983134270
0.9981570840
0.9978802204
0.9981193542
0.9979780912
0.9983932376
0.9981560707
0.9976477623
0.9981756210
0.9982748032
0.9975620508
0.9984070659
0.9976572990
0.9987187982
0.9979528189
0.9975042939
0.9975552559
0.9984660745
0.9985605478
0.9980657101
0.9985295534
0.9985374212
0.9976404905
0.9981997013
0.9982005358
0.9986544847
0.9982584715
0.9976383448
0.9987468719
0.9976733923
0.9986708164
0.9980275631
0.9978835583
0.9981057644
0.9989025593
0.9976627827
0.9981096387
0.9984166622
0.9985046387
0.9978659749
0.9974673986
0.9979369640
0.9975035191
0.9984817505
0.9979248047
0.9983394742
0.9982557297
0.9985123277
0.9979619980
0.9976513982
0.9983045459
0.9985337257
0.9978197813
0.9978109598
0.9980635643
0.9978543520
0.9983658791
0.9983118773
0.9988526702
0.9983283281
0.9976254702
0.9975046515
0.9987895489
0.9977547526
0.9985877275
0.9976570606
0.9979357123
0.9979587197
0.9986176491
0.9978568554
0.9985188246
0.9974077344
0.9980189800
0.9982937574
0.9984588623
0.9982659817
0.9980282784
0.9983510375
0.9981950521
0.9977791905
0.9984740615
0.9984283447
0.9978448749
0.9980170131
0.9985518456
0.9978343248
0.9979004264
0.9982485771
0.9985023737
0.9982980490
0.9978448749
0.9984322786
0.9979150295
0.9987052679
0.9989252090
0.9983625412
0.9985870719
0.9982960224
0.9980062246
0.9978593588
0.9983378649
0.9974058867
0.9981940985
0.9977874756
0.9980772734
0.9975746870
0.9979850054
0.9983162880
0.9982324839
0.9988529682
0.9975423813
0.9980398417
0.9979833364
0.9980500937
0.9981586933
0.9979068637
0.9985902905
0.9985897541
0.9984636307
0.9981211424
0.9979771376
0.9977400303
0.9982288480
0.9977203608
0.9985885620
0.9969980121
0.9972660542
0.9983333349
0.9982419610
0.9976502657
0.9984807968
0.9978624582
0.9984869957
0.9981138706
0.9983544350
0.9982889295
0.9984165430
0.9972627163
0.9988096952
0.9981370568
0.9974027276
0.9981843829
0.9981768131
0.9983557463
0.9983639717
0.9982209206
0.9984679818
0.9978123307
0.9982383251
0.9979425073
0.9973562956
0.9984077215
0.9975237846
0.9987932444
0.9970868826
0.9983583093
0.9978549480
0.9982882142
0.9977465868
0.9986534119
0.9984400272
0.9978386164
0.9983024597
0.9982162714
0.9975589514
0.9986968637
0.9974153042
0.9977436066
0.9979403615
0.9980117083
0.9983057380
0.9975181222
0.9983975291
0.9984364510
0.9978020191
0.9988429546
0.9981853366
0.9984064102
0.9978462458
0.9987921715
0.9992613792
0.9979964495
0.9990473390
0.9985504150
0.9981665611
0.9982740879
0.9972047806
0.9983838201
0.9982042313
0.9976952076
0.9983521104
0.9984061122
0.9980657101
0.9984332323
0.9978910685
0.9977598190
0.9980455637
0.9982132912
0.9977616072
0.9982190132
0.9981446266
0.9980939031
0.9978507757
0.9977618456
0.9971005321
0.9988169670
0.9983635545
0.9986710548
0.9975513220
0.9980648160
0.9974237680
0.9979687929
0.9986658096
0.9981480837
0.9979298115
0.9977930784
0.9973847866
0.9972153902
0.9974228144
0.9980036020
0.9976992607
0.9975689650
0.9984006882
0.9978199005
0.9979783297
0.9982593060
0.9981666803
0.9981600046
0.9975137711
0.9986749291
0.9983664751
0.9979220033
0.9983197451
0.9983276129
0.9973708391
0.9981759191
0.9983991385
0.9978212118
0.9979532957
0.9975441694
0.9983404875
0.9973753691
0.9968691468
0.9989132881
0.9970464110
0.9977630377
0.9981739521
0.9987354875
0.9976074696
0.9987876415
0.9983214140
0.9978895783
0.9982659817
0.9981176853
0.9989426136
0.9973549247
0.9985548854
0.9983824492
0.9983768463
0.9983502626
0.9978152514
0.9978819489
0.9976878166
0.9974552393
0.9983668923
0.9979565144
0.9974707365
0.9977134466
0.9981925488
0.9979057312
0.9980975986
0.9983661175
0.9978285432
0.9983002543
0.9980070591
0.9986376762
0.9980896711
0.9977905750
0.9973709583
0.9979687929
0.9980710745
0.9980112910
0.9979723692
0.9978004694
0.9983870983
0.9987801313
0.9977808595
0.9979357123
0.9975010753
0.9964004159
0.9985405207
0.9988804460
0.9979972839
0.9979035854
0.9982724190
0.9975522757
0.9974020123
0.9980272055
0.9986004829
0.9971151352
0.9987410307
0.9979838133
0.9982157350
0.9980763197
0.9979153872
0.9973540306
0.9980438352
0.9978222847
0.9982651472
0.9976644516
0.9979169369
0.9985810518
0.9976251125
0.9982330203
0.9988777637
0.9976481199
0.9980719090
0.9973655939
0.9974310398
0.9982482195
0.9977237582
0.9988601208
0.9973211288
0.9983509779
0.9983321428
0.9971050024
0.9981958866
0.9982311726
0.9982653856
0.9979925156
0.9986641407
0.9979872108
0.9989794493
0.9969455004
0.9984833002
0.9973781109
0.9977390170
0.9978079796
0.9982824326
0.9978450537
0.9981373549
0.9987599850
0.9987801909
0.9984712601
0.9978516102
0.9975289106
0.9990766048
0.9974217415
0.9979391694
0.9979598522
0.9981226921
0.9979874492
0.9986710548
0.9986579418
0.9984523058
0.9984017611
0.9980934858
0.9975715876
0.9980926514
0.9991075397
0.9985394478
0.9978752732
0.9984886646
0.9978486300
0.9975165129
0.9982531071
0.9984298348
0.9982388020
0.9980386496
0.9987658262
0.9978907108
0.9974191189
0.9975742698
0.9988894463
0.9978913665
0.9976578355
0.9976117015
0.9980118871
0.9974156618
0.9977381229
0.9977707863
0.9976421595
0.9987813234
0.9986190796
0.9983602762
0.9975879192
0.9974106550
0.9980939627
0.9973213673
0.9978399873
0.9978317618
0.9983620644
0.9983925819
0.9991601706
0.9983041286
0.9979568720
0.9978503585
0.9985321760
0.9985213280
0.9978996515
0.9977038503
0.9975605011
0.9975820780
0.9979637861
0.9976054430
0.9981063604
0.9982521534
0.9976364374
0.9983540773
0.9983990192
0.9987149239
0.9983367324
0.9981030226
0.9982430935
0.9980740547
0.9986145496
0.9989684820
0.9978249073
0.9979063272
0.9983527660
0.9976651669
0.9981512427
0.9980359077
0.9984348416
0.9978510141
0.9974324703
0.9985289574
0.9980629086
0.9988704920
0.9976196289
0.9985753894
0.9980670214
0.9980248213
0.9979776144
0.9980459809
0.9979993701
0.9983412623
0.9981905818
0.9973855019
0.9982073903
0.9981777668
0.9979016781
0.9988167286
0.9982495308
0.9986031651
0.9984267354
0.9981126189
0.9984190464
0.9978154898
0.9973495007
0.9982403517
0.9984549880
0.9985365272
0.9989057183
0.9985122681
0.9981240034
0.9987408519
0.9986923933
0.9976936579
0.9984407425
0.9981110692
0.9984877706
0.9981324673
0.9978157282
0.9971992970
0.9976019263
0.9977488518
0.9983527660
0.9976832867
0.9973807335
0.9984596968
0.9978384376
0.9980017543
0.9981982112
0.9983860254
0.9975057244
0.9979109168
0.9988927841
0.9981946349
0.9983175993
0.9977802634
0.9981749058
0.9988071918
0.9984184504
0.9984793663
0.9973990917
0.9980127811
0.9979861379
0.9987812042
0.9981279969
0.9983770251
0.9977577925
0.9976332188
0.9978358150
0.9981241226
0.9979491234
0.9989082813
0.9980603456
0.9981006384
0.9980779886
0.9979392290
0.9987273216
0.9981203079
0.9978252649
0.9982682467
0.9980385303
0.9976590872
0.9984027147
0.9976501465
0.9987617731
0.9977542162
0.9982565641
0.9977592826
0.9980548024
0.9977083206
0.9977512360
0.9985185862
0.9988379478
0.9973393083
0.9985750914
0.9980415702
0.9984081984
0.9985549450
0.9981305003
0.9974700212
0.9981909990
0.9981010556
0.9985984564
0.9983394742
0.9982011318
0.9983013272
0.9978917837
0.9981648922
0.9984561801
0.9984205961
0.9980399609
0.9980627298
0.9979565144
0.9980161786
0.9971618652
0.9982714653
0.9979165196
0.9978375435
0.9984295368
0.9978898168
0.9977804422
0.9981502891
0.9977197051
0.9982374907
0.9983092546
0.9982177019
0.9984421730
0.9981570244
0.9975745678
0.9980515838
0.9974323511
0.9978529215
0.9985835552
0.9976807833
0.9982689619
0.9974875450
0.9985405803
0.9981447458
0.9985010624
0.9987992048
0.9977795482
0.9981039762
0.9977314472
0.9985634685
0.9986583591
0.9987876415
0.9981240034
0.9984140396
0.9977751970
0.9972816706
0.9984203577
0.9982659817
0.9981217384
0.9978681803
0.9980768561
0.9979950190
0.9983885884
0.9981344938
0.9976059794
0.9981554747
0.9982579947
0.9975827932
0.9984285831
0.9976532459
0.9987183809
0.9979492426
0.9974746704
0.9975636005
0.9984635115
0.9985504150
0.9980363846
0.9985566139
0.9985001087
0.9975618124
0.9982030392
0.9982005954
0.9986155033
0.9982084632
0.9976375103
0.9987105131
0.9976288080
0.9986628294
0.9980007410
0.9978470802
0.9980732799
0.9988802075
0.9975829124
0.9980701208
0.9984330535
0.9984828830
0.9978543520
0.9974420071
0.9979089499
0.9974269867
0.9984641075
0.9979201555
0.9982907772
0.9982001185
0.9984779358
0.9979515672
0.9976423383
0.9983423948
0.9985297322
0.9978032112
0.9978613853
0.9980162382
0.9978383780
0.9983099103
0.9982882738
0.9988418221
0.9982806444
0.9976253510
0.9974921942
0.9987916946
0.9977236986
0.9985769987
0.9976439476
0.9979209900
0.9979774952
0.9986037016
0.9978436232
0.9984939694
0.9973695874
0.9979833364
0.9983133078
0.9984199405
0.9982623458
0.9980423450
0.9983391762
0.9981495142
0.9977685809
0.9984562397
0.9983959198
0.9978561401
0.9980285168
0.9985463023
0.9977993965
0.9978814125
0.9982606173
0.9984737635
0.9982146621
0.9978483915
0.9984124899
0.9978660345
0.9987047911
0.9989061356
0.9983513951
0.9985688925
0.9983239174
0.9980074763
0.9978930950
0.9983330965
0.9973971248
0.9981470108
0.9978100061
0.9980294704
0.9975489974
0.9979827404
0.9982827902
0.9982063770
0.9988611341
0.9975392818
0.9980254173
0.9979709387
0.9980012178
0.9981757998
0.9979007244
0.9985721707
0.9985939860
0.9984613061
0.9980876446
0.9979812503
0.9977667332
0.9982162118
0.9977322817
0.9985744953
0.9969701767
0.9972833395
0.9983209968
0.9982427359
0.9975862503
0.9984415770
0.9978364110
0.9984716177
0.9980584383
0.9983410835
0.9982559681
0.9984089732
0.9973217249
0.9987988472
0.9980707169
0.9973524809
0.9981260300
0.9981777668
0.9983839989
0.9983484745
0.9982198477
0.9984687567
0.9977446795
0.9981826544
0.9979122877
0.9973078966
0.9983867407
0.9974853992
0.9987624884
0.9970567226
0.9983659983
0.9978031516
0.9982203245
0.9977656007
0.9986626506
0.9984165430
0.9978638291
0.9982788563
0.9981771708
0.9975578785
0.9987083673
0.9974266887
0.9976701140
0.9979286194
0.9979885817
0.9982653856
0.9974675775
0.9984047413
0.9984197021
0.9977945089
0.9988212585
0.9981802702
0.9983729720
0.9977930188
0.9987925291
0.9992450476
0.9980210066
0.9990465641
0.9985162020
0.9981393814
0.9982194901
0.9971467257
0.9983893037
0.9981943965
0.9977083206
0.9983487129
0.9983878136
0.9980643988
0.9984283447
0.9978544116
0.9977003336
0.9980395436
0.9981582761
0.9977366924
0.9982038140
0.9981305599
0.9980369806
0.9977878928
0.9977318048
0.9970790148
0.9988065958
0.9983793497
0.9986704588
0.9975304008
0.9980077744
0.9974677563
0.9979494810
0.9986505508
0.9981556535
0.9978767633
0.9978108406
0.9973741770
0.9971836805
0.9973196387
0.9979484081
0.9976559877
0.9975249171
0.9984083176
0.9977723360
0.9979745746
0.9982590675
0.9981306791
0.9981139898
0.9974821210
0.9986684322
0.9983954430
0.9979277849
0.9983382225
0.9983348846
0.9973733425
0.9982008934
0.9984060526
0.9978052378
0.9979118109
0.9975610375
0.9983491898
0.9901820421
0.9893926382
0.9960309267
0.9908196926
0.9929199219
0.9933882952
0.9952445626
0.9924165606
0.9947990179
0.9940638542
0.9923132658
0.9944487810
0.9931975603
0.9957330227
0.9913015366
0.9938616753
0.9937545061
0.9947514534
0.9936774373
0.9916536212
0.9931243062
0.9922776818
0.9924700260
0.9939324856
0.9936556816
0.9919731617
0.9924529791
0.9934545755
0.9922664762
0.9935963750
0.9941726923
0.9924534559
0.9937846661
0.9932371378
0.9951021671
0.9936733842
0.9924130440
0.9910615087
0.9927359819
0.9931772947
0.9932806492
0.9933191538
0.9922795296
0.9944712520
0.9955251217
0.9918280244
0.9926207066
0.9919787049
0.9890188575
0.9942958951
0.9961063862
0.9931107759
0.9925291538
0.9939429164
0.9920258522
0.9908035994
0.9934998751
0.9946195483
0.9909594059
0.9949472547
0.9933907986
0.9933156371
0.9933354855
0.9920695424
0.9910087585
0.9937940836
0.9926019907
0.9937531352
0.9918656349
0.9921624064
0.9948238134
0.9917010665
0.9936615825
0.9956598282
0.9923443794
0.9943249226
0.9898011088
0.9918307066
0.9936531186
0.9923954010
0.9955353141
0.9908984303
0.9935888052
0.9942377210
0.9905772209
0.9944497347
0.9929761887
0.9938725233
0.9930282831
0.9950420856
0.9933304787
0.9953212142
0.9900274277
0.9951127768
0.9910607338
0.9927502871
0.9924930334
0.9942598343
0.9929357767
0.9936925173
0.9949877262
0.9956802726
0.9948800802
0.9924935102
0.9917248487
0.9962109923
0.9917269945
0.9931644201
0.9933247566
0.9938999414
0.9926019907
0.9945392609
0.9946498871
0.9940453768
0.9938941002
0.9935166240
0.9909495115
0.9934725761
0.9966899157
0.9949508905
0.9927042723
0.9946443439
0.9932121634
0.9919897318
0.9941361547
0.9947900176
0.9928599596
0.9937581420
0.9954826832
0.9931538105
0.9922957420
0.9920125008
0.9960182309
0.9917511940
0.9926314354
0.9924627542
0.9933543205
0.9916471243
0.9921937585
0.9922965765
0.9917398691
0.9948246479
0.9952440858
0.9944151640
0.9927319288
0.9905224442
0.9927459359
0.9906153679
0.9931901693
0.9925096035
0.9934829473
0.9931820631
0.9965386391
0.9938665628
0.9929490089
0.9928389192
0.9949482679
0.9942675829
0.9934951067
0.9926277399
0.9922778606
0.9914225340
0.9929517508
0.9927495718
0.9931752682
0.9936234951
0.9921585321
0.9947020411
0.9947364330
0.9951660037
0.9939000607
0.9941016436
0.9937254190
0.9932768345
0.9942178726
0.9960268736
0.9916411638
0.9927802086
0.9934237003
0.9922075272
0.9938057065
0.9931349754
0.9941628575
0.9931921959
0.9909094572
0.9947257042
0.9932503700
0.9954667687
0.9920869470
0.9947476387
0.9938498735
0.9936337471
0.9936915636
0.9929001331
0.9927637577
0.9935515523
0.9939535260
0.9911465645
0.9943584800
0.9932253957
0.9927322268
0.9957582951
0.9940948486
0.9945641756
0.9946309328
0.9938415289
0.9944896698
0.9925374389
0.9905383587
0.9937871695
0.9945085049
0.9945527315
0.9957386851
0.9944252968
0.9938812256
0.9951380491
0.9953614473
0.9919756651
0.9948858023
0.9934544563
0.9948536158
0.9932974577
0.9930028915
0.9909095168
0.9921959639
0.9926242232
0.9944912195
0.9922467470
0.9916482568
0.9948960543
0.9928511381
0.9928921461
0.9936469793
0.9949998856
0.9927625060
0.9935261011
0.9955815077
0.9937596321
0.9939457178
0.9927246571
0.9942190647
0.9953154922
0.9940157533
0.9943173528
0.9911868572
0.9942324162
0.9932917356
0.9955751896
0.9931868315
0.9939772487
0.9931733608
0.9921815991
0.9928163290
0.9941105247
0.9923958182
0.9961555004
0.9923666716
0.9931123257
0.9929107428
0.9930269718
0.9954246879
0.9931669831
0.9916679859
0.9938374758
0.9935340881
0.9923096299
0.9939686060
0.9924552441
0.9957063794
0.9922027588
0.9934712052
0.9919562340
0.9926480055
0.9918794632
0.9936352372
0.9942384362
0.9951142073
0.9902116060
0.9948540926
0.9930739403
0.9939939976
0.9947919846
0.9938620925
0.9911499023
0.9941830635
0.9935745001
0.9939405918
0.9939251542
0.9937696457
0.9931023717
0.9925736189
0.9933813810
0.9935635328
0.9944430590
0.9931086302
0.9924755692
0.9929604530
0.9925668240
0.9912279844
0.9932634830
0.9925478697
0.9933973551
0.9933249950
0.9926441908
0.9914134741
0.9939690828
0.9923396111
0.9939002991
0.9946581721
0.9932897091
0.9941783547
0.9943389893
0.9918779135
0.9932904840
0.9909696579
0.9929077625
0.9951379895
0.9927319288
0.9940699339
0.9915578365
0.9945744276
0.9934908152
0.9946516752
0.9951230884
0.9924935102
0.9933960438
0.9918483496
0.9948816299
0.9951521158
0.9952520132
0.9932102561
0.9941496849
0.9916652441
0.9912500381
0.9945908189
0.9942614436
0.9930679798
0.9932150245
0.9932767153
0.9935557842
0.9943302274
0.9933911562
0.9910833240
0.9932076335
0.9938757420
0.9912826419
0.9945895076
0.9925582409
0.9947738647
0.9932171702
0.9914681315
0.9922927618
0.9943959713
0.9947644472
0.9934026003
0.9941195250
0.9948750138
0.9914920330
0.9936567545
0.9935067892
0.9949164391
0.9931383729
0.9921048880
0.9950347543
0.9920045137
0.9952640533
0.9928526282
0.9924597740
0.9933829308
0.9959194660
0.9919793606
0.9932701588
0.9942041039
0.9947405457
0.9927713871
0.9925335050
0.9929407835
0.9908525944
0.9943227768
0.9926068783
0.9939433932
0.9930783510
0.9940172434
0.9926674366
0.9919761419
0.9938560128
0.9940347672
0.9926201105
0.9930348396
0.9936065674
0.9926446676
0.9939101934
0.9940353632
0.9953030348
0.9934631586
0.9917753935
0.9905200005
0.9953905344
0.9913765788
0.9945613742
0.9924778938
0.9933400750
0.9928017259
0.9939020872
0.9925812483
0.9946656227
0.9904836416
0.9927222729
0.9936652184
0.9942100048
0.9936760664
0.9937534332
0.9947245717
0.9931399822
0.9926803112
0.9940248728
0.9941405058
0.9937084913
0.9933180809
0.9939765334
0.9931253195
0.9926988482
0.9937453270
0.9944986105
0.9926409721
0.9934302568
0.9942574501
0.9929503202
0.9953181148
0.9959269762
0.9940801859
0.9945144057
0.9940069914
0.9936382771
0.9932498932
0.9944493771
0.9910553694
0.9942784905
0.9931891561
0.9935967922
0.9922261834
0.9932734966
0.9932878613
0.9934774637
0.9956158400
0.9913994074
0.9936302900
0.9933313727
0.9930775166
0.9936219454
0.9928865433
0.9945865870
0.9949291945
0.9942247272
0.9934872389
0.9935275316
0.9922568202
0.9935009480
0.9918075800
0.9948333502
0.9906883240
0.9900054932
0.9937340021
0.9937415123
0.9919749498
0.9943364859
0.9918637872
0.9944022894
0.9930271506
0.9941954017
0.9941796064
0.9933925271
0.9902347326
0.9952573776
0.9932838678
0.9912954569
0.9929221272
0.9937743545
0.9942266345
0.9944955111
0.9926158190
0.9947196841
0.9924784899
0.9927524328
0.9922454357
0.9913517237
0.9943987131
0.9910822511
0.9954850674
0.9909582138
0.9940570593
0.9922754765
0.9931818843
0.9926286936
0.9953556061
0.9944850802
0.9924147129
0.9936512113
0.9937649965
0.9928826094
0.9954580069
0.9920773506
0.9920533895
0.9929966927
0.9926515818
0.9937489629
0.9920321703
0.9937667847
0.9946390986
0.9911916256
0.9956415892
0.9935045242
0.9940265417
0.9921368361
0.9960387945
0.9965010285
0.9933227897
0.9962380528
0.9942703247
0.9928500056
0.9941639900
0.9897305965
0.9936947823
0.9933366776
0.9927107096
0.9941772223
0.9945656061
0.9938309193
0.9936207533
0.9920654297
0.9927573204
0.9932178259
0.9927496910
0.9923278093
0.9938706160
0.9934170246
0.9936859012
0.9926458001
0.9924733043
0.9904511571
0.9948134422
0.9934171438
0.9948441982
0.9910925031
0.9935787916
0.9916157722
0.9932049513
0.9950801134
0.9933870435
0.9923603535
0.9925325513
0.9910405278
0.9910258651
0.9912909269
0.9921653271
0.9916960001
0.9917104840
0.9938982725
0.9923035502
0.9937524796
0.9932318926
0.9939063191
0.9932500124
0.9916610718
0.9951050878
0.9943587780
0.9925676584
0.9944282174
0.9945114255
0.9909664989
0.9934066534
0.9947112799
0.9925689101
0.9925516844
0.9918433428
0.9943128824
0.9972059727
0.9965845346
0.9988187551
0.9968644381
0.9976782799
0.9980471134
0.9986463785
0.9974536896
0.9986872673
0.9982312322
0.9977502227
0.9981173277
0.9979665279
0.9988629818
0.9971750975
0.9984070659
0.9981871247
0.9982794523
0.9982057810
0.9976001978
0.9977236986
0.9974616170
0.9972745180
0.9982573986
0.9978144765
0.9972962141
0.9975340366
0.9979795218
0.9977541566
0.9979578257
0.9982732534
0.9976491928
0.9981583357
0.9978394508
0.9984872341
0.9979432821
0.9975562096
0.9972064495
0.9978560805
0.9979128838
0.9978709221
0.9978072643
0.9976046681
0.9982447624
0.9986237884
0.9975535870
0.9977751970
0.9973334074
0.9961904287
0.9983979464
0.9988059402
0.9978657961
0.9976967573
0.9982185364
0.9974156022
0.9971193671
0.9979336262
0.9984555244
0.9969771504
0.9985870123
0.9978548884
0.9980957508
0.9978752136
0.9977809191
0.9972712994
0.9978894591
0.9976402521
0.9980952740
0.9975526333
0.9977958798
0.9984548092
0.9974629283
0.9980802536
0.9987937212
0.9974721670
0.9979469776
0.9971342087
0.9973171949
0.9980631471
0.9975932837
0.9987270832
0.9970597029
0.9981423616
0.9981752634
0.9968818426
0.9981056452
0.9981513023
0.9981326461
0.9979283810
0.9985548854
0.9978402853
0.9988610148
0.9967114925
0.9983253479
0.9970600009
0.9976975918
0.9976476431
0.9981670380
0.9975629449
0.9979988337
0.9986246228
0.9987232685
0.9983287454
0.9977335930
0.9974138737
0.9989597201
0.9972099066
0.9977713823
0.9978071451
0.9979118109
0.9978368282
0.9985680580
0.9985221624
0.9983236790
0.9981976748
0.9980067015
0.9973902106
0.9979127645
0.9990060329
0.9984682798
0.9977903366
0.9984121919
0.9977011085
0.9973529577
0.9981353283
0.9983808994
0.9980209470
0.9978086948
0.9986842871
0.9976736307
0.9972756505
0.9974471331
0.9988063574
0.9976330996
0.9974410534
0.9974394441
0.9978837967
0.9973564148
0.9975485802
0.9976389408
0.9974758625
0.9986651540
0.9985491037
0.9982998371
0.9974099398
0.9971495867
0.9978978634
0.9972682595
0.9976696968
0.9976502657
0.9981904030
0.9982762337
0.9990513325
0.9980992079
0.9978019595
0.9977107644
0.9984176755
0.9983672500
0.9977768660
0.9974926710
0.9973601103
0.9974333048
0.9978867769
0.9974538088
0.9980002046
0.9981015325
0.9974770546
0.9982748032
0.9982994795
0.9985415936
0.9981070757
0.9979628325
0.9981842041
0.9978936315
0.9984843731
0.9988828897
0.9977358580
0.9977575541
0.9982277155
0.9975394011
0.9980306029
0.9978851080
0.9982899427
0.9977191687
0.9971581697
0.9983609915
0.9979248047
0.9987196922
0.9974259138
0.9984467030
0.9980159998
0.9978740215
0.9978907108
0.9978820086
0.9978401661
0.9982534647
0.9981169105
0.9970989227
0.9980953336
0.9980509281
0.9977329969
0.9987422228
0.9981683493
0.9984766245
0.9983329773
0.9979186058
0.9981670976
0.9976875186
0.9971797466
0.9981082678
0.9983016253
0.9984650016
0.9987530112
0.9983570576
0.9979910851
0.9986194372
0.9985938072
0.9975324869
0.9983870387
0.9979324341
0.9983516932
0.9979252815
0.9976255894
0.9969021082
0.9975005388
0.9976401329
0.9982428551
0.9975191355
0.9971143603
0.9984013438
0.9977296591
0.9978876114
0.9980319738
0.9982494116
0.9973361492
0.9977734089
0.9988309145
0.9981167316
0.9981547594
0.9976137280
0.9980882406
0.9987227917
0.9982560873
0.9984067678
0.9972593784
0.9978728890
0.9978882074
0.9987100363
0.9980393052
0.9981963634
0.9976247549
0.9974486232
0.9976724386
0.9979788661
0.9977082014
0.9988265038
0.9978796244
0.9979971647
0.9978636503
0.9977665544
0.9986438155
0.9979763031
0.9976505637
0.9980999231
0.9979701042
0.9974051118
0.9982798100
0.9974502325
0.9986485839
0.9975518584
0.9980912209
0.9976030588
0.9978159666
0.9974955320
0.9976053238
0.9984210730
0.9986925125
0.9971193075
0.9984420538
0.9978407621
0.9982779026
0.9984120131
0.9979788065
0.9973071814
0.9980424643
0.9979673624
0.9984529018
0.9982545376
0.9980197549
0.9982361197
0.9978060722
0.9980723858
0.9982904196
0.9982786775
0.9979124069
0.9979260564
0.9977228045
0.9979512691
0.9969197512
0.9981275797
0.9977662563
0.9977161884
0.9982714653
0.9977706671
0.9975163937
0.9980455637
0.9975002408
0.9981153607
0.9982652664
0.9980692863
0.9982877970
0.9979950190
0.9972751737
0.9979102612
0.9972352386
0.9977022409
0.9985231161
0.9976197481
0.9981444478
0.9973330498
0.9984679222
0.9979283810
0.9983612895
0.9986696243
0.9976723194
0.9979438782
0.9975538254
0.9984892011
0.9985693097
0.9986570477
0.9980083108
0.9983082414
0.9975346327
0.9971487522
0.9983334541
0.9981592894
0.9980044365
0.9977989197
0.9978832006
0.9978457689
0.9982299209
0.9980193377
0.9974405766
0.9979311228
0.9981145859
0.9973185062
0.9982901812
0.9974191189
0.9986039996
0.9977648258
0.9973689318
0.9973217249
0.9984377623
0.9984079599
0.9978908896
0.9984213114
0.9984004498
0.9973807335
0.9981029630
0.9980869293
0.9985591769
0.9980823994
0.9974478483
0.9985526800
0.9973510504
0.9985044003
0.9977773428
0.9976915717
0.9979237318
0.9987989664
0.9974388480
0.9978823662
0.9983088970
0.9984377623
0.9977493286
0.9972910881
0.9976993203
0.9972759485
0.9983881712
0.9978712797
0.9981033802
0.9981136918
0.9983097315
0.9977923036
0.9975202084
0.9981839657
0.9983969927
0.9976565838
0.9977375269
0.9978724718
0.9976404309
0.9982396364
0.9982140660
0.9987280369
0.9981768131
0.9974220991
0.9972735643
0.9986516237
0.9975273609
0.9984723330
0.9975397587
0.9977646470
0.9976644516
0.9984593391
0.9976441860
0.9983572960
0.9971852303
0.9977759123
0.9982054234
0.9983501434
0.9981487989
0.9978783131
0.9982550144
0.9980031848
0.9976538420
0.9983644485
0.9982662797
0.9977614880
0.9979314804
0.9983756542
0.9976608157
0.9977442026
0.9981547594
0.9983392358
0.9981063604
0.9976247549
0.9982683659
0.9978020787
0.9985304475
0.9988213778
0.9982648492
0.9983952045
0.9981816411
0.9978925586
0.9977508783
0.9982435107
0.9972351789
0.9980413914
0.9976362586
0.9979190826
0.9973400831
0.9978171587
0.9980690479
0.9980619550
0.9987597466
0.9974217415
0.9978909492
0.9978650212
0.9978690743
0.9979989529
0.9977273941
0.9984984398
0.9984830618
0.9982932806
0.9979782104
0.9978235960
0.9975502491
0.9981004000
0.9974689484
0.9984469414
0.9967900515
0.9971324205
0.9982488751
0.9980836511
0.9974344969
0.9983353615
0.9975960255
0.9983028769
0.9979618788
0.9981890917
0.9981371760
0.9982683659
0.9971870184
0.9987215996
0.9978773594
0.9971849918
0.9979329109
0.9979804754
0.9982089996
0.9983150959
0.9980075359
0.9983656406
0.9975872040
0.9980170131
0.9977057576
0.9970417619
0.9982658625
0.9973422289
0.9986649752
0.9968786240
0.9982255697
0.9976415038
0.9981023669
0.9975636005
0.9985655546
0.9982928038
0.9976682663
0.9980921745
0.9980388880
0.9974201918
0.9986120462
0.9973353744
0.9974354506
0.9977794290
0.9977717996
0.9981591105
0.9973169565
0.9982948303
0.9983285666
0.9975401163
0.9987615347
0.9980511665
0.9982250333
0.9976093769
0.9987395406
0.9991774559
0.9978210926
0.9989302158
0.9983916879
0.9979753494
0.9981412888
0.9968529940
0.9982138872
0.9980708361
0.9975575209
0.9982156754
0.9983131886
0.9979100227
0.9982221723
0.9976553321
0.9975166321
0.9979035854
0.9980101585
0.9975845814
0.9981703758
0.9979937077
0.9978857040
0.9975610971
0.9975417852
0.9968500137
0.9986715317
0.9982434511
0.9985579252
0.9973666072
0.9979323149
0.9972840548
0.9977729321
0.9985437393
0.9979865551
0.9977127314
0.9977256656
0.9972215295
0.9969778061
0.9972106218
0.9978047609
0.9974192381
0.9973314404
0.9983363152
0.9976103306
0.9977666140
0.9981132746
0.9980704784
0.9978877306
0.9973058701
0.9985450506
0.9982446432
0.9977219105
0.9981822968
0.9982318878
0.9971150756
0.9980927110
0.9982608557
0.9977144003
0.9977735281
0.9973255992
0.9982068539
