0.9997322559
0.9996784329
0.9998258352
0.9996956587
0.9996392727
0.9997200966
0.9996815324
0.9997178316
0.9996888638
0.9996682405
0.9996748567
0.9997701645
0.9998543262
0.9996690750
0.9997224808
0.9997410774
0.9995783567
0.9997813106
0.9997253418
0.9996616244
0.9998823404
0.9997519255
0.9998162389
0.9997976422
0.9997646213
0.9998291731
0.9997847080
0.9997853637
0.9997720718
0.9998056889
0.9996368885
0.9997178316
0.9997823238
0.9997217655
0.9996181726
0.9997445345
0.9997423887
0.9997597933
0.9998006821
0.9998288155
0.9996647835
0.9998648167
0.9997377396
0.9996290803
0.9997709394
0.9994505644
0.9997684956
0.9997115731
0.9996280670
0.9997498989
0.9997505546
0.9998551607
0.9997144341
0.9997143745
0.9998392463
0.9998247623
0.9997344017
0.9998346567
0.9997966290
0.9997929335
0.9998371601
0.9997416735
0.9997336864
0.9998201132
0.9997390509
0.9997754097
0.9997448921
0.9997114539
0.9997880459
0.9997633696
0.9997645617
0.9997196198
0.9998536706
0.9997154474
0.9996687770
0.9996749163
0.9995782971
0.9998291731
0.9998260140
0.9998391271
0.9997679591
0.9997116327
0.9996365309
0.9996399879
0.9997514486
0.9997041225
0.9997974634
0.9998352528
0.9997825623
0.9996602535
0.9997477531
0.9995140433
0.9997111559
0.9995911121
0.9997988939
0.9997894764
0.9997062683
0.9998328090
0.9998348951
0.9998701811
0.9997646809
0.9997395277
0.9997692704
0.9997600317
0.9998433590
0.9998288155
0.9997577667
0.9998513460
0.9996548891
0.9998430610
0.9997963905
0.9997236729
0.9998350143
0.9997178316
0.9998228550
0.9997202158
0.9998022318
0.9997646213
0.9997845888
0.9997830391
0.9998012185
0.9998518825
0.9997583032
0.9996931553
0.9997745156
0.9998522997
0.9997467399
0.9995802045
0.9997982979
0.9998219013
0.9997569323
0.9997841120
0.9998251200
0.9998608828
0.9997885227
0.9997790456
0.9997653961
0.9998335242
0.9997678995
0.9997435212
0.9997265339
0.9997521639
0.9999071360
0.9997854233
0.9998266697
0.9997133017
0.9998259544
0.9997810125
0.9997210503
0.9997717142
0.9998060465
0.9997912645
0.9998281598
0.9998755455
0.9997025728
0.9998147488
0.9998657703
0.9997256994
0.9998508692
0.9996843934
0.9997280836
0.9997758865
0.9997934699
0.9998450279
0.9996542931
0.9997295141
0.9996976852
0.9997214079
0.9997830391
0.9997461438
0.9997928143
0.9998782873
0.9997507334
0.9998313785
0.9998508692
0.9998239875
0.9997416735
0.9997795820
0.9997668266
0.9998035431
0.9997931719
0.9997339845
0.9998511076
0.9997304082
0.9997647405
0.9997619390
0.9997915030
0.9998235703
0.9998216629
0.9996620417
0.9997444153
0.9997497201
0.9996299744
0.9997638464
0.9997985363
0.9997017384
0.9997580051
0.9997013807
0.9997758865
0.9996683598
0.9998198748
0.9995924234
0.9997032285
0.9997960925
0.9997475743
0.9998378754
0.9997936487
0.9998382330
0.9996736050
0.9997869730
0.9997642040
0.9997590780
0.9997180104
0.9997704029
0.9997220039
0.9998472929
0.9997907877
0.9997366667
0.9995824099
0.9997801781
0.9998031855
0.9996353388
0.9998056889
0.9997682571
0.9996336699
0.9998224378
0.9996722937
0.9998378754
0.9997957945
0.9995704889
0.9996517897
0.9997722507
0.9997369051
0.9997728467
0.9996275902
0.9997948408
0.9997082949
0.9998118877
0.9997568130
0.9996985197
0.9995778203
0.9995641708
0.9997525215
0.9997471571
0.9997640848
0.9996532202
0.9995885491
0.9997437000
0.9997394681
0.9998079538
0.9998108745
0.9995210171
0.9998512268
0.9998053312
0.9996601343
0.9995484352
0.9996520281
0.9996241331
0.9998134375
0.9997656941
0.9996411800
0.9997928143
0.9997854233
0.9996672869
0.9996423721
0.9996311069
0.9995901585
0.9997608662
0.9997938871
0.9998393059
0.9997478127
0.9997382164
0.9997774363
0.9996687174
0.9997135401
0.9997730851
0.9998114109
0.9997150898
0.9997519255
0.9996716380
0.9996383190
0.9997062683
0.9995833635
0.9997121096
0.9997594357
0.9996975064
0.9996039867
0.9995555878
0.9994962215
0.9996876717
0.9997658730
0.9997734427
0.9997242689
0.9995877743
0.9997178912
0.9996454120
0.9997485876
0.9997231960
0.9997884035
0.9996643662
0.9998169541
0.9997802973
0.9996552467
0.9996960759
0.9997550249
0.9995211959
0.9995271564
0.9997442961
0.9997539520
0.9996109009
0.9997384548
0.9997138977
0.9997759461
0.9998086691
0.9997757077
0.9995342493
0.9995731115
0.9997446537
0.9997648001
0.9996686578
0.9997867346
0.9997586012
0.9996666908
0.9996054173
0.9997954965
0.9997643232
0.9996796846
0.9997196198
0.9997400045
0.9996582270
0.9997377396
0.9996780157
0.9997348785
0.9997752309
0.9997367859
0.9996598959
0.9997151494
0.9997432232
0.9996665716
0.9997750521
0.9997805357
0.9996964931
0.9998151064
0.9997746944
0.9997665882
0.9998115301
0.9996220469
0.9996672869
0.9996635914
0.9997258782
0.9996182323
0.9996012449
0.9998209476
0.9997723699
0.9997633696
0.9997161627
0.9997589588
0.9997327328
0.9998161793
0.9998579025
0.9997102618
0.9998085499
0.9996396303
0.9997872114
0.9998187423
0.9996979237
0.9996581674
0.9996497631
0.9997601509
0.9996556044
0.9996910095
0.9996196032
0.9998233318
0.9996429086
0.9997457862
0.9995573759
0.9997304082
0.9996878505
0.9996157289
0.9997030497
0.9998362064
0.9996920824
0.9998061657
0.9998100996
0.9996846914
0.9996720552
0.9997337461
0.9998104572
0.9998047352
0.9997311831
0.9997644424
0.9998184443
0.9997590780
0.9997476339
0.9998031855
0.9997546673
0.9996859431
0.9997445941
0.9997996688
0.9997306466
0.9997606277
0.9997119904
0.9997125268
0.9996737242
0.9996775985
0.9997169971
0.9997884035
0.9997191429
0.9995957613
0.9997658730
0.9996861219
0.9997218847
0.9998658895
0.9997234941
0.9996592999
0.9996783733
0.9997006655
0.9996628761
0.9997138977
0.9997488260
0.9996396899
0.9997625947
0.9997943640
0.9997414351
0.9996198416
0.9997520447
0.9997532368
0.9996880293
0.9996745586
0.9997957945
0.9997071028
0.9997348785
0.9998397827
0.9998046160
0.9997408390
0.9998278618
0.9995446801
0.9997233152
0.9997334480
0.9998518229
0.9998166561
0.9997473359
0.9997946620
0.9997035861
0.9998250008
0.9998783469
0.9996809363
0.9997442365
0.9998855591
0.9997546673
0.9997829199
0.9997953176
0.9997656941
0.9998143315
0.9997075796
0.9997065067
0.9998669624
0.9997323751
0.9997271299
0.9998309612
0.9996643662
0.9997965693
0.9997655153
0.9998332858
0.9996675253
0.9996345043
0.9997147322
0.9996888638
0.9997833371
0.9998176098
0.9996801615
0.9998518229
0.9997920394
0.9997913241
0.9998140335
0.9998359680
0.9998351336
0.9998008609
0.9997670650
0.9997254610
0.9998041391
0.9998041391
0.9998226166
0.9998148084
0.9997922778
0.9997259378
0.9997329116
0.9997329712
0.9998434782
0.9996480942
0.9995946884
0.9997086525
0.9998166561
0.9996446967
0.9997296333
0.9997695684
0.9997947216
0.9997721314
0.9997173548
0.9996985197
0.9998162985
0.9997822046
0.9995985031
0.9997249842
0.9996510744
0.9996504188
0.9997937083
0.9998066425
0.9997800589
0.9998018742
0.9997839928
0.9997797012
0.9997934103
0.9995822906
0.9998002052
0.9998282194
0.9997875690
0.9998424053
0.9997000694
0.9997367263
0.9997751713
0.9998326302
0.9997715950
0.9998049140
0.9997963905
0.9997279644
0.9997578859
0.9997985363
0.9997416139
0.9998320341
0.9997545481
0.9998368025
0.9997860193
0.9997619987
0.9998259544
0.9997547865
0.9996926785
0.9997869730
0.9997000694
0.9997329712
0.9997267127
0.9997922182
0.9997332096
0.9998006225
0.9997222424
0.9998255968
0.9997800589
0.9997334480
0.9997794628
0.9997972250
0.9997780919
0.9997451305
0.9997491837
0.9997740984
0.9997199774
0.9997996092
0.9996138811
0.9997825027
0.9998669028
0.9998435974
0.9997447729
0.9998672009
0.9997306466
0.9997323751
0.9998313189
0.9998024106
0.9998445511
0.9997659922
0.9996786118
0.9997322559
0.9998102188
0.9996948838
0.9996990561
0.9997419119
0.9997805357
0.9997987151
0.9997084141
0.9997737408
0.9996936321
0.9997982979
0.9997632504
0.9998366833
0.9998025298
0.9997915030
0.9997025132
0.9996585846
0.9996570349
0.9997298717
0.9998070002
0.9997074604
0.9997528791
0.9997467995
0.9998005033
0.9995679855
0.9997775555
0.9997820258
0.9998184443
0.9996387959
0.9996019602
0.9996939898
0.9996868372
0.9998025894
0.9997676611
0.9997903705
0.9997208118
0.9997946024
0.9998804331
0.9997833967
0.9996623993
0.9997245073
0.9996557236
0.9997718334
0.9997601509
0.9998117685
0.9998472929
0.9997507334
0.9997970462
0.9997228384
0.9998657703
0.9997949600
0.9995521307
0.9998183250
0.9996565580
0.9997556806
0.9995933175
0.9997051358
0.9995882511
0.9997682571
0.9996451735
0.9997597933
0.9997333884
0.9997400045
0.9997289181
0.9996978641
0.9997701645
0.9998090267
0.9997400045
0.9996528625
0.9998257756
0.9996874332
0.9996373653
0.9997704029
0.9994933605
0.9998233318
0.9996795654
0.9997873306
0.9996926785
0.9997869730
0.9998346567
0.9997310638
0.9997351170
0.9996790886
0.9997229576
0.9996392727
0.9996123910
0.9997205734
0.9997758865
0.9998008013
0.9998116493
0.9996150732
0.9997634292
0.9996371269
0.9998010993
0.9997593760
0.9996947050
0.9997268915
0.9997010231
0.9997243285
0.9996771812
0.9996003509
0.9996945858
0.9996989965
0.9997539520
0.9997752905
0.9998117685
0.9994872808
0.9997482300
0.9995888472
0.9996540546
0.9995259047
0.9997949600
0.9996474981
0.9997466803
0.9995818734
0.9995598197
0.9996777773
0.9997639656
0.9997411966
0.9998623729
0.9997849464
0.9996709824
0.9996489882
0.9996465445
0.9997268915
0.9997328520
0.9996956587
0.9998451471
0.9997121096
0.9997581244
0.9997905493
0.9996941686
0.9997137785
0.9997373819
0.9997449517
0.9998072386
0.9996970296
0.9996894598
0.9997960329
0.9997500777
0.9996496439
0.9997384548
0.9997007847
0.9998587966
0.9997172356
0.9996808767
0.9997551441
0.9997469783
0.9997681975
0.9998288155
0.9996740818
0.9997071624
0.9997719526
0.9997557402
0.9997638464
0.9996920824
0.9997456670
0.9996587038
0.9997873306
0.9997253418
0.9996628761
0.9997020364
0.9997688532
0.9997202158
0.9997808933
0.9998281002
0.9997469187
0.9995499253
0.9996478558
0.9997577667
0.9996403456
0.9998229742
0.9998382330
0.9997094870
0.9996986389
0.9997825623
0.9998456836
0.9997662902
0.9997811317
0.9997930527
0.9997020364
0.9997397661
0.9997324944
0.9997332096
0.9996790886
0.9996658564
0.9996663332
0.9997262955
0.9998348951
0.9997060299
0.9997853041
0.9998608232
0.9997596741
0.9996548891
0.9997120500
0.9998400211
0.9998309612
0.9997919798
0.9998102188
0.9997823238
0.9997277260
0.9997048378
0.9996645451
0.9997919798
0.9996776581
0.9998422861
0.9997950792
0.9997202158
0.9998130798
0.9997286797
0.9997445345
0.9997741580
0.9997417927
0.9997877479
0.9996792078
0.9997425079
0.9998838902
0.9997174144
0.9997245073
0.9998366237
0.9997435808
0.9997829795
0.9999145269
0.9995517731
0.9997357726
0.9997829199
0.9998357296
0.9997843504
0.9998599291
0.9996753931
0.9997329116
0.9997233748
0.9995619059
0.9997963309
0.9996216297
0.9994956851
0.9997180700
0.9996430874
0.9996956587
0.9997208118
0.9996731281
0.9996863604
0.9997590780
0.9998505116
0.9997121096
0.9997090697
0.9996693730
0.9996788502
0.9997394085
0.9996422529
0.9995948076
0.9998888969
0.9997239113
0.9997998476
0.9997723103
0.9996697903
0.9998096228
0.9997565150
0.9998163581
0.9997577667
0.9998190403
0.9996678829
0.9997575879
0.9997535944
0.9997155666
0.9996374846
0.9998305440
0.9997720718
0.9997851253
0.9997932315
0.9997877479
0.9996539354
0.9998501539
0.9995979071
0.9995809197
0.9997363091
0.9995858669
0.9997192621
0.9997708201
0.9995590448
0.9996604323
0.9997875690
0.9998477697
0.9998255372
0.9997075796
0.9997027516
0.9997533560
0.9997848868
0.9997969866
0.9997875690
0.9998153448
0.9997498989
0.9997308254
0.9996707439
0.9996759295
0.9997248650
0.9997946024
0.9997584224
0.9997090101
0.9997699261
0.9997190237
0.9998276234
0.9997027516
0.9997768402
0.9996954203
0.9996497035
0.9996649027
0.9996688366
0.9997953773
0.9998030663
0.9998779893
0.9996855259
0.9995741844
0.9996346235
0.9996701479
0.9996867776
0.9996986389
0.9997654557
0.9997686148
0.9997509122
0.9994879961
0.9996882677
0.9995023012
0.9996689558
0.9997066259
0.9997460842
0.9997645020
0.9997601509
0.9997389317
0.9998118877
0.9998565912
0.9996645451
0.9997208118
0.9997425079
0.9997835159
0.9997513294
0.9997233748
0.9996734858
0.9998214245
0.9996857643
0.9998193979
0.9998104572
0.9997802973
0.9997670054
0.9996567965
0.9998184443
0.9995741844
0.9997339249
0.9997946024
0.9997632504
0.9996960163
0.9997191429
0.9997902513
0.9996975064
0.9995949268
0.9996876717
0.9998458624
0.9997304678
0.9996359348
0.9997810125
0.9997622967
0.9997377992
0.9997248650
0.9997741580
0.9997422695
0.9997514486
0.9996905327
0.9996943474
0.9997721910
0.9996454716
0.9996777773
0.9996689558
0.9996477365
0.9998736382
0.9997097254
0.9997254610
0.9996803999
0.9997557402
0.9997231364
0.9996360540
0.9997272491
0.9997937679
0.9998118281
0.9997562766
0.9998232126
0.9996247292
0.9997869730
0.9997625351
0.9997217655
0.9998220205
0.9996063709
0.9997074008
0.9996713400
0.9997497797
0.9998352528
0.9996588826
0.9996414185
0.9995850325
0.9996402264
0.9997233152
0.9996973872
0.9996823668
0.9998128414
0.9997050762
0.9997157454
0.9997591972
0.9997094274
0.9996305108
0.9996725917
0.9996336699
0.9997970462
0.9997669458
0.9996625185
0.9998260140
0.9996489286
0.9996249080
0.9996861219
0.9997372627
0.9997644424
0.9997205734
0.9996384978
0.9997055531
0.9996180534
0.9995125532
0.9997171164
0.9997162819
0.9997105002
0.9996720552
0.9996473193
0.9997376204
0.9995232821
0.9997120500
0.9996356964
0.9995612502
0.9997296333
0.9996937513
0.9997766018
0.9997572899
0.9998144507
0.9996576309
0.9995993376
0.9996483326
0.9997195005
0.9997124076
0.9997099042
0.9996373653
0.9997774363
0.9996732473
0.9997068048
0.9994680285
0.9997555017
0.9997621179
0.9995528460
0.9997590780
0.9997396469
0.9996381402
0.9997208118
0.9996469617
0.9997519255
0.9996945262
0.9994692802
0.9996472001
0.9995923042
0.9997937083
0.9995930791
0.9996356368
0.9997217059
0.9995663166
0.9998471737
0.9996254444
0.9996722937
0.9994302392
0.9995310307
0.9997435808
0.9997684360
0.9996478558
0.9997102022
0.9996034503
0.9995741248
0.9996498227
0.9997284412
0.9997276068
0.9994872808
0.9997336864
0.9996985793
0.9996756315
0.9996376038
0.9995753765
0.9995546341
0.9997810125
0.9997321367
0.9995523691
0.9996860027
0.9997791052
0.9995803237
0.9995360970
0.9996672869
0.9994715452
0.9998011589
0.9997318983
0.9998197556
0.9996711016
0.9996457696
0.9997115135
0.9995441437
0.9996585846
0.9996597767
0.9997774959
0.9995970726
0.9996867180
0.9997065067
0.9996599555
0.9996331930
0.9995118380
0.9996240139
0.9996862411
0.9997272491
0.9994693398
0.9995121956
0.9994846582
0.9996204376
0.9997134805
0.9997597933
0.9997777343
0.9996151924
0.9995884895
0.9995755553
0.9996724725
0.9996871948
0.9996480942
0.9996060729
0.9997582436
0.9997653961
0.9996416569
0.9996422529
0.9997667074
0.9994466305
0.9995001554
0.9997313023
0.9997610450
0.9996298552
0.9997901917
0.9996595383
0.9996931553
0.9997352958
0.9996633530
0.9995787144
0.9995380640
0.9996880293
0.9996532202
0.9996049404
0.9996191263
0.9997158647
0.9996563792
0.9996612072
0.9996929169
0.9997934103
0.9996680021
0.9996798038
0.9997373819
0.9995887876
0.9997190237
0.9995952249
0.9995760918
0.9997729063
0.9997406602
0.9995878935
0.9997625351
0.9997666478
0.9997389913
0.9996907115
0.9998272657
0.9996285439
0.9996972084
0.9996964931
0.9996474981
0.9997057915
0.9996465445
0.9996484518
0.9995360970
0.9997415543
0.9995104671
0.9995831251
0.9998115301
0.9997802973
0.9997153282
0.9996492863
0.9997764230
0.9997226596
0.9998058081
0.9998363853
0.9996826649
0.9998254180
0.9996196032
0.9996836782
0.9997326136
0.9996254444
0.9997115135
0.9995617867
0.9998015165
0.9996606112
0.9996584654
0.9996623397
0.9996628761
0.9995244741
0.9997469187
0.9995819926
0.9996725321
0.9996054173
0.9996082783
0.9996039867
0.9998211265
0.9996675253
0.9997469187
0.9997451305
0.9995670319
0.9995954037
0.9996894002
0.9997370243
0.9997708797
0.9997674227
0.9997811317
0.9997634888
0.9997260571
0.9997605085
0.9997571707
0.9996979237
0.9996492267
0.9997403622
0.9997701645
0.9997400641
0.9997718334
0.9997299910
0.9997718334
0.9997135401
0.9996917248
0.9996972084
0.9997280836
0.9997069836
0.9995985627
0.9997528195
0.9996174574
0.9995755553
0.9998371601
0.9997689128
0.9996079206
0.9997127056
0.9996182919
0.9996909499
0.9996173382
0.9997427464
0.9996463656
0.9996590018
0.9997212887
0.9997500181
0.9997048378
0.9997254610
0.9996608496
0.9996714592
0.9996256232
0.9997477531
0.9996929169
0.9996924400
0.9998035431
0.9996723533
0.9997700453
0.9998325109
0.9995371103
0.9997133017
0.9996562004
0.9997720122
0.9998024702
0.9997470379
0.9996521473
0.9997096062
0.9997407198
0.9997778535
0.9997559190
0.9996317625
0.9998522997
0.9996927977
0.9996773005
0.9997562170
0.9997663498
0.9997723699
0.9996596575
0.9997044802
0.9998388886
0.9996560216
0.9997577071
0.9997391701
0.9997205138
0.9998276234
0.9996922016
0.9997906089
0.9996414781
0.9995901585
0.9996706843
0.9996700287
0.9997709990
0.9997612238
0.9997138977
0.9997967482
0.9997407198
0.9996664524
0.9997954369
0.9997617602
0.9998346567
0.9997479916
0.9997936487
0.9996901751
0.9997249842
0.9997636080
0.9996693134
0.9997695088
0.9997414947
0.9996682405
0.9996938109
0.9997003078
0.9997475147
0.9996556044
0.9995432496
0.9996830225
0.9997742772
0.9995759130
0.9996950030
0.9996737838
0.9998036027
0.9997798204
0.9996600151
0.9995880127
0.9997053146
0.9997572899
0.9996663332
0.9996052980
0.9995609522
0.9997119308
0.9996820688
0.9997738600
0.9996887445
0.9997514486
0.9997375607
0.9997931123
0.9996536970
0.9996439219
0.9997358322
0.9997547865
0.9997643232
0.9998097420
0.9997094870
0.9997169971
0.9997512102
0.9997767210
0.9996701479
0.9996334314
0.9996969700
0.9997094870
0.9996904135
0.9997362494
0.9996927977
0.9997880459
0.9996491671
0.9998160601
0.9997570515
0.9997997880
0.9997971058
0.9997606874
0.9996033907
0.9997538924
0.9996702671
0.9995951653
0.9997020960
0.9996427298
0.9996661544
0.9996778965
0.9997621775
0.9998219013
0.9997198582
0.9996857643
0.9996188283
0.9997062087
0.9997032881
0.9996621609
0.9997133017
0.9996590614
0.9996857643
0.9997135401
0.9994331002
0.9996850491
0.9997925758
0.9998008013
0.9996314049
0.9998613000
0.9997141957
0.9997053742
0.9997656345
0.9997406006
0.9997510910
0.9996922016
0.9995222092
0.9997485876
0.9997786283
0.9996449351
0.9997131824
0.9996839166
0.9997333288
0.9997705817
0.9996080399
0.9995826483
0.9996072054
0.9997344017
0.9996804595
0.9997542500
0.9997270107
0.9997512102
0.9996641874
0.9996829033
0.9995247722
0.9996189475
0.9997259378
0.9996750355
0.9996311665
0.9996749163
0.9997224212
0.9996451139
0.9997745752
0.9998047352
0.9998250008
0.9996330738
0.9995945692
0.9996993542
0.9996300340
0.9997744560
0.9997177720
0.9996846914
0.9996532798
0.9997296929
0.9998412132
0.9997575283
0.9995809793
0.9996007085
0.9996247292
0.9997187853
0.9995720387
0.9998005629
0.9997593164
0.9995475411
0.9996852875
0.9996404648
0.9997390509
0.9997420311
0.9993484020
0.9997285604
0.9995402098
0.9996573925
0.9995966554
0.9996296167
0.9995322227
0.9997376800
0.9995930195
0.9996967316
0.9996554255
0.9996765852
0.9996792078
0.9996094108
0.9997085333
0.9997645617
0.9996985197
0.9995326996
0.9998078346
0.9997220039
0.9995012879
0.9997866154
0.9995515347
0.9997825027
0.9996007681
0.9997551441
0.9996856451
0.9997113943
0.9997916818
0.9996374846
0.9996351600
0.9997202158
0.9996025562
0.9995715618
0.9995639324
0.9995911717
0.9998032451
0.9997786283
0.9997593164
0.9996786118
0.9996740222
0.9996311665
0.9997561574
0.9997408390
0.9995024204
0.9997017384
0.9995940924
0.9996143579
0.9996838570
0.9995362759
0.9995805025
0.9996854067
0.9996945858
0.9997816086
0.9997838736
0.9993330240
0.9996574521
0.9995683432
0.9997087717
0.9996080399
0.9997755885
0.9995825291
0.9996296763
0.9995418787
0.9995167255
0.9996676445
0.9997429252
0.9998012781
0.9998004436
0.9998304248
0.9996545315
0.9994356632
0.9995979667
0.9997706413
0.9997162819
0.9996780157
0.9997328520
0.9996644258
0.9997433424
0.9997771978
0.9996480942
0.9996857643
0.9996550679
0.9997457266
0.9997467399
0.9997085333
0.9996982813
0.9997452497
0.9997299910
0.9996088743
0.9996362925
0.9996240139
0.9998314977
0.9996598959
0.9995360374
0.9997026920
0.9997521639
0.9996883869
0.9997864962
0.9996304512
0.9995688200
0.9997444153
0.9995478392
0.9997472763
0.9996157885
0.9997538328
0.9997429848
0.9997252226
0.9996979237
0.9995313883
0.9996722341
0.9997171164
0.9997264147
0.9997525215
0.9997376204
0.9998017550
0.9996722937
0.9996035099
0.9997130036
0.9996770024
0.9998337030
0.9997313023
0.9997158051
0.9996987581
0.9997563958
0.9998161793
0.9996610880
0.9998034239
0.9997342825
0.9996464252
0.9997495413
0.9997217059
0.9996956587
0.9996987581
0.9996314049
0.9996538162
0.9997365475
0.9998066425
0.9996782541
0.9996951818
0.9998096228
0.9997429848
0.9996789694
0.9996229410
0.9998391867
0.9997785091
0.9997715354
0.9998177290
0.9997829795
0.9996407032
0.9996635914
0.9996844530
0.9997628927
0.9996509552
0.9998036623
0.9997924566
0.9996963739
0.9997708797
0.9997465014
0.9997678399
0.9997690320
0.9997207522
0.9998503923
0.9996990561
0.9997463226
0.9998663664
0.9996083975
0.9997375011
0.9997749329
0.9997158647
0.9997370839
0.9998849630
0.9996492267
0.9997794628
0.9997283220
0.9998164177
0.9997576475
0.9997926950
0.9997224808
0.9996989965
0.9996157885
0.9996652603
0.9996817708
0.9996992350
0.9996657372
0.9997109175
0.9997707009
0.9996315837
0.9997297525
0.9997166991
0.9998316765
0.9997634292
0.9996887445
0.9995169044
0.9997171164
0.9995129108
0.9996505976
0.9996763468
0.9998096824
0.9996864796
0.9997609258
0.9997870922
0.9997906685
0.9996730089
0.9996923208
0.9996977448
0.9996029735
0.9997316599
0.9996985197
0.9997882843
0.9997249842
0.9995868206
0.9996901155
0.9996827245
0.9997246265
0.9995077848
0.9996691942
0.9997035861
0.9995989799
0.9997874498
0.9995560646
0.9998489618
0.9996246696
0.9996089935
0.9997261763
0.9994530678
0.9997445345
0.9995759726
0.9995960593
0.9996383190
0.9997018576
0.9998035431
0.9997011423
0.9996516705
0.9997203946
0.9997310638
0.9997789264
0.9997673035
0.9995441437
0.9997406602
0.9997643232
0.9997926354
0.9995291233
0.9997620583
0.9997485280
0.9996215105
0.9994684458
0.9996794462
0.9995535612
0.9995879531
0.9996352196
0.9995777011
0.9996775389
0.9995423555
0.9992853403
0.9997057915
0.9995054603
0.9996895790
0.9997578859
0.9997643828
0.9994542599
0.9994460344
0.9993625283
0.9996197224
0.9994480610
0.9995363951
0.9996249676
0.9997156858
0.9996999502
0.9994639754
0.9995178580
0.9996411204
0.9996173382
0.9995929003
0.9996597767
0.9996190071
0.9995862246
0.9995962381
0.9996065497
0.9996926188
0.9997149706
0.9996708632
0.9994928241
0.9997406602
0.9997172356
0.9996159077
0.9997304678
0.9996309876
0.9996566176
0.9995959997
0.9996972084
0.9996080399
0.9994608760
0.9995102882
0.9997488260
0.9996538162
0.9996826053
0.9997495413
0.9997336864
0.9997522831
0.9995641708
0.9997770786
0.9995386600
0.9996546507
0.9996761084
0.9997452497
0.9998416901
0.9996414185
0.9996193051
0.9997777939
0.9995887280
0.9995814562
0.9998130202
0.9996454716
0.9997747540
0.9996261597
0.9997409582
0.9995423555
0.9995594025
0.9994121194
0.9994438887
0.9997594357
0.9998587370
0.9994267225
0.9995756149
0.9994982481
0.9997024536
0.9996169806
0.9998006821
0.9997532964
0.9995990992
0.9998140335
0.9997541904
0.9996967912
0.9993952513
0.9996703863
0.9996837378
0.9996979237
0.9997507930
0.9997928143
0.9995526075
0.9996097088
0.9997273088
0.9996995926
0.9995647669
0.9996367097
0.9995926619
0.9995802641
0.9997009039
0.9997160435
0.9997711182
0.9997637868
0.9996498823
0.9996860623
0.9996163249
0.9998369217
0.9997100830
0.9996539950
0.9997352362
0.9997754693
0.9996498823
0.9996142387
0.9998019338
0.9994660616
0.9995601177
0.9996414185
0.9996507764
0.9995589256
0.9996560812
0.9996354580
0.9996570349
0.9997515678
0.9996268749
0.9996953607
0.9996345639
0.9997372627
0.9997376204
0.9996566772
0.9997097254
0.9996648431
0.9996427298
0.9996683598
0.9995162487
0.9997302294
0.9997289777
0.9998445511
0.9998289347
0.9996722937
0.9996131659
0.9996801019
0.9997162223
0.9995630980
0.9996939898
0.9997990131
0.9995347261
0.9997278452
0.9996795654
0.9996685982
0.9996699095
0.9995719194
0.9996796250
0.9997063875
0.9995713234
0.9996368289
0.9996795654
0.9996078014
0.9995715618
0.9997541904
0.9996579885
0.9997988939
0.9996793270
0.9996971488
0.9997279644
0.9997762442
0.9997836351
0.9996145368
0.9995670319
0.9997649193
0.9997625351
0.9996553659
0.9995485544
0.9995948076
0.9997749329
0.9997041225
0.9996904135
0.9997667074
0.9995658398
0.9995794296
0.9998121262
0.9996191263
0.9997406006
0.9996776581
0.9998253584
0.9997575283
0.9996974468
0.9996476173
0.9995899200
0.9995884895
0.9997236729
0.9996687770
0.9995402694
0.9996161461
0.9997649789
0.9997289181
0.9997485876
0.9998077154
0.9996724129
0.9998415709
0.9997417927
0.9997680187
0.9997476339
0.9998293519
0.9996730089
0.9995509982
0.9995307326
0.9996726513
0.9996675253
0.9997489452
0.9996205568
0.9997144938
0.9997206926
0.9995919466
0.9996723533
0.9996904135
0.9997367859
0.9997892380
0.9996769428
0.9995955825
0.9996536374
0.9997431636
0.9998074770
0.9997235537
0.9996979237
0.9997276664
0.9996530414
0.9996356964
0.9996624589
0.9996900558
0.9998108745
0.9997779131
0.9996597171
0.9998073578
0.9997140169
0.9996012449
0.9996972084
0.9997915030
0.9996582270
0.9997532964
0.9997266531
0.9996163845
0.9997929335
0.9996387959
0.9996989369
0.9996011257
0.9997853637
0.9996886849
0.9996703863
0.9995711446
0.9997036457
0.9996681213
0.9995990992
0.9996552467
0.9997401237
0.9997617006
0.9996167421
0.9997227192
0.9996610880
0.9996848106
0.9996435642
0.9995718002
0.9998410940
0.9995634556
0.9996532202
0.9997922182
0.9997649193
0.9997297525
0.9997748733
0.9997363091
0.9996649027
0.9996919632
0.9997262955
0.9997401237
0.9996900558
0.9996451139
0.9996877313
0.9998147488
0.9996366501
0.9997057319
0.9996789694
0.9997705221
0.9997653961
0.9995820522
0.9996724129
0.9997651577
0.9997810721
0.9996590018
0.9998005629
0.9996619225
0.9997466207
0.9998008013
0.9995412827
0.9997065067
0.9996545315
0.9995842576
0.9997432232
0.9997477531
0.9996545315
0.9997370243
0.9997233152
0.9997237921
0.9996655583
0.9996911287
0.9996749163
0.9996273518
0.9997203350
0.9996372461
0.9996880889
0.9996592402
0.9995895624
0.9996958971
0.9998242855
0.9994509220
0.9997617006
0.9997357130
0.9993876219
0.9995964766
0.9993736744
0.9997249842
0.9997270107
0.9997493029
0.9996280074
0.9997960329
0.9997032285
0.9997359514
0.9997444153
0.9995094538
0.9994583130
0.9997173548
0.9996179342
0.9997589588
0.9994860888
0.9996687174
0.9997696877
0.9996218681
0.9995646477
0.9996651411
0.9996345639
0.9996531010
0.9996181726
0.9997625351
0.9995419979
0.9997379184
0.9997075796
0.9998193383
0.9996956587
0.9996429086
0.9995169640
0.9995650053
0.9996651411
0.9995888472
0.9995659590
0.9995644689
0.9995910525
0.9994712472
0.9994965792
0.9996796846
0.9996265769
0.9995120764
0.9996196032
0.9995905757
0.9995765686
0.9995918274
0.9998279810
0.9997738600
0.9996410608
0.9996320009
0.9994336367
0.9995307922
0.9996417761
0.9997442961
0.9996883273
0.9996291399
0.9993822575
0.9996899962
0.9996840358
0.9997606277
0.9996422529
0.9996672273
0.9996581674
0.9995548725
0.9997500777
0.9997478127
0.9996509552
0.9996944070
0.9994068742
0.9996392727
0.9997131824
0.9995531440
0.9996546507
0.9996567965
0.9994739294
0.9996092319
0.9997236729
0.9997240305
0.9993516803
0.9994626641
0.9996848702
0.9995672107
0.9997375607
0.9995300770
0.9995194674
0.9996442795
0.9996703863
0.9996529818
0.9996708035
0.9994785786
0.9997380972
0.9996359348
0.9995233417
0.9995121360
0.9996786714
0.9997036457
0.9997129440
0.9996613264
0.9996849298
0.9996223450
0.9996420145
0.9995210171
0.9994897842
0.9997575283
0.9994459748
0.9996258616
0.9997445345
0.9995908737
0.9995572567
0.9994740486
0.9997313619
0.9997614622
0.9995421171
0.9995615482
0.9996591806
0.9998357892
0.9994488955
0.9995945692
0.9995464087
0.9994465709
0.9997695684
0.9997208118
0.9997308850
0.9996714592
0.9997246265
0.9997653961
0.9996470213
0.9996277094
0.9996837378
0.9995665550
0.9997842908
0.9997389317
0.9995918274
0.9997328520
0.9997129440
0.9995677471
0.9993130565
0.9997272491
0.9997619390
0.9995751381
0.9996603727
0.9996267557
0.9997028112
0.9997873306
0.9996675253
0.9996575117
0.9997642040
0.9997830391
0.9997530580
0.9997401237
0.9994953871
0.9997401237
0.9997375011
0.9995870590
0.9995889664
0.9996844530
0.9996801019
0.9998008013
0.9994463325
0.9998092651
0.9996519089
0.9995591044
0.9997086525
0.9995917082
0.9997401237
0.9997729063
0.9996492267
0.9997053146
0.9995892644
0.9996763468
0.9996671677
0.9996973276
0.9995490313
0.9996101856
0.9996197820
0.9998471737
0.9997839928
0.9997593164
0.9996889830
0.9996233582
0.9996925592
0.9997982979
0.9996485710
0.9997888207
0.9996098280
0.9995858669
0.9996616840
0.9995869398
0.9996851683
0.9997255206
0.9995455742
0.9997310042
0.9996407032
0.9997824430
0.9996670485
0.9997738600
0.9997506142
0.9998438358
0.9996216297
0.9997833967
0.9996848106
0.9996442199
0.9997744560
0.9996449947
0.9997595549
0.9997627735
0.9997694492
0.9997978210
0.9995899200
0.9998161793
0.9996674061
0.9996802211
0.9997622967
0.9996469021
0.9996709824
0.9997426271
0.9997440577
0.9997261763
0.9996885657
0.9996509552
0.9998315573
0.9998350739
0.9997306466
0.9995257854
0.9996434450
0.9996568561
0.9995832443
0.9997148514
0.9998248816
0.9996489882
0.9997301102
0.9996938705
0.9998511076
0.9997465611
0.9996303320
0.9997628927
0.9997459650
0.9997950792
0.9997144341
0.9995065928
0.9997645617
0.9997330904
0.9997398853
0.9997235537
0.9996558428
0.9996652603
0.9997601509
0.9996476173
0.9996178746
0.9998548627
0.9997900724
0.9995329380
0.9997678995
0.9996757507
0.9996807575
0.9997059107
0.9997615814
0.9997819066
0.9997183681
0.9995861053
0.9997406602
0.9996960163
0.9998177886
0.9997415543
0.9996967912
0.9997067451
0.9997707605
0.9996631742
0.9997261167
0.9997559786
0.9996819496
0.9997716546
0.9997612238
0.9996154308
0.9996771812
0.9996597767
0.9995925426
0.9996153116
0.9997625351
0.9995703697
0.9996995926
0.9998325706
0.9996970892
0.9996374846
0.9997270107
0.9997818470
0.9997456074
0.9996665716
0.9997335076
0.9996441007
0.9994998574
0.9996678829
0.9997223020
0.9996495247
0.9997693300
0.9997103214
0.9996889830
0.9997730851
0.9996560812
0.9996343255
0.9996516705
0.9997974038
0.9997901917
0.9997851849
0.9997928143
0.9994457364
0.9996567965
0.9996782541
0.9996994734
0.9997621775
0.9996990561
0.9996447563
0.9997525215
0.9997358322
0.9997233152
0.9997369051
0.9997242093
0.9996848106
0.9997858405
0.9998527765
0.9997318387
0.9997686148
0.9997570515
0.9996079206
0.9997293949
0.9997100234
0.9997103214
0.9995551109
0.9996812940
0.9997153282
0.9997380972
0.9996202588
0.9995730519
0.9997627735
0.9995957613
0.9997211695
0.9998118877
0.9997018576
0.9997695684
0.9997682571
0.9997154474
0.9995787144
0.9997431040
0.9997096658
0.9997863770
0.9997613430
0.9997472763
0.9997553825
0.9996657968
0.9996634722
0.9996610284
0.9996809959
0.9995972514
0.9997336268
0.9997640848
0.9998115301
0.9996716976
0.9995403290
0.9996547699
0.9998296499
0.9995954633
0.9998016953
0.9996789694
0.9996489286
0.9996090531
0.9997074604
0.9994944334
0.9996704459
0.9996405244
0.9997550249
0.9997531176
0.9996875525
0.9997434020
0.9997426867
0.9995403290
0.9996871948
0.9997270107
0.9995405078
0.9997937679
0.9997176528
0.9997071028
0.9997838736
0.9997580647
0.9996821284
0.9996109009
0.9997695684
0.9998059869
0.9996293783
0.9998039603
0.9997662306
0.9996870756
0.9996502399
0.9996713400
0.9996231794
0.9997782707
0.9995988607
0.9997680187
0.9996750951
0.9996784329
0.9998378754
0.9997006059
0.9997195005
0.9997507334
0.9996301532
0.9994877577
0.9998860955
0.9994934797
0.9995999336
0.9995455742
0.9996562600
0.9995485544
0.9996827841
0.9996809959
0.9995584488
0.9994952679
0.9994655848
0.9996798038
0.9996179342
0.9995664358
0.9996064901
0.9996379614
0.9996089935
0.9996107221
0.9995966554
0.9997107387
0.9995994568
0.9997031689
0.9992866516
0.9994935989
0.9995731115
0.9993485212
0.9996830225
0.9997505546
0.9995803833
0.9997503757
0.9996917248
0.9996551275
0.9996137023
0.9995311499
0.9996770620
0.9995547533
0.9996628761
0.9996433258
0.9995564222
0.9995267391
0.9994189143
0.9996604919
0.9996056557
0.9994471073
0.9993205667
0.9995881319
0.9995781183
0.9994552135
0.9997164607
0.9995470047
0.9997507334
0.9996330738
0.9994512796
0.9996551275
0.9991165400
0.9996500015
0.9995081425
0.9994683266
0.9996250868
0.9994605780
0.9997321367
0.9995476007
0.9995371103
0.9997870922
0.9997221231
0.9996829033
0.9997040033
0.9995990992
0.9996283650
0.9997310042
0.9996630549
0.9994904995
0.9998022318
0.9995343089
0.9996207356
0.9995113611
0.9995431900
0.9995337129
0.9995489120
0.9995292425
0.9995462298
0.9996627569
0.9994881153
0.9993013144
0.9995921850
0.9992806911
0.9996366501
0.9997416139
0.9996310472
0.9994702339
0.9995065928
0.9993680716
0.9993792176
0.9995177984
0.9994598627
0.9996552467
0.9996973276
0.9996855259
0.9994757771
0.9995416999
0.9995532036
0.9995878935
0.9994119406
0.9996131659
0.9996105433
0.9994296432
0.9997013211
0.9996060133
0.9997744560
0.9997392893
0.9995086193
0.9993423223
0.9995998144
0.9997632504
0.9997324944
0.9997162819
0.9997491241
0.9994264841
0.9996601343
0.9996340871
0.9994815588
0.9996125698
0.9995838404
0.9996920824
0.9995939732
0.9996491671
0.9996367693
0.9995988607
0.9997429848
0.9995711446
0.9997769594
0.9995268583
0.9996230006
0.9996389151
0.9997305870
0.9997102022
0.9994333982
0.9995461106
0.9997323155
0.9996459484
0.9996706247
0.9997667074
0.9997768402
0.9997169375
0.9996823072
0.9996608496
0.9997084737
0.9995981455
0.9995628595
0.9995878935
0.9997112155
0.9998196363
0.9996238351
0.9997354746
0.9994727373
0.9996925592
0.9995417595
0.9996621609
0.9997130632
0.9996247292
0.9997067451
0.9997670650
0.9997703433
0.9995602965
0.9996581674
0.9997996092
0.9995157719
0.9997249842
0.9996212721
0.9995134473
0.9995675087
0.9996855259
0.9995728731
0.9994125962
0.9996802807
0.9995326996
0.9995797276
0.9996774197
0.9996504784
0.9997347593
0.9997882843
0.9996421337
0.9997253418
0.9996715188
0.9997563958
0.9995664358
0.9996733665
0.9997661114
0.9997320175
0.9994999766
0.9995785952
0.9997652769
0.9995604753
0.9996894002
0.9996495843
0.9996635914
0.9996680617
0.9996506572
0.9994761944
0.9995257854
0.9996533394
0.9995119572
0.9996540546
0.9996398091
0.9996330738
0.9997123480
0.9996070862
0.9996977448
0.9995650053
0.9997186661
0.9993484616
0.9996318817
0.9997118711
0.9996832609
0.9997560978
0.9997187853
0.9997554421
0.9995585680
0.9997142553
0.9997236729
0.9996013641
0.9994603395
0.9997053146
0.9996193647
0.9997682571
0.9997400045
0.9996223450
0.9995895624
0.9994863272
0.9995797873
0.9995555878
0.9995836020
0.9996021986
0.9995394945
0.9996902943
0.9995599389
0.9997121096
0.9996757507
0.9995169640
0.9995183349
0.9997000694
0.9996385574
0.9997742176
0.9996075630
0.9996521473
0.9995386600
0.9995749593
0.9997624159
0.9995441437
0.9995310307
0.9994051456
0.9997015595
0.9995849133
0.9996849298
0.9995348454
0.9994304776
0.9996391535
0.9996750355
0.9996315241
0.9997063875
0.9995582104
0.9998011589
0.9997053146
0.9996117949
0.9994457960
0.9995663166
0.9994589090
0.9996752739
0.9996626973
0.9994698167
0.9996412396
0.9996014833
0.9995783567
0.9995278120
0.9995226860
0.9995708466
0.9997540712
0.9996992350
0.9997384548
0.9997007847
0.9997218847
0.9996345639
0.9994404912
0.9996002913
0.9996550083
0.9997466803
0.9996922016
0.9996176958
0.9995949268
0.9995427132
0.9995629787
0.9995433092
0.9996395111
0.9996441603
0.9996318221
0.9994652867
0.9993876219
0.9995701909
0.9996308088
0.9997568130
0.9996504784
0.9995425940
0.9993976355
0.9996328354
0.9994794130
0.9996725917
0.9995651245
0.9997430444
0.9996245503
0.9996457100
0.9996681213
0.9995869398
0.9995959997
0.9995964766
0.9995951653
0.9994634390
0.9996720552
0.9996073842
0.9995409250
0.9995415211
0.9996174574
0.9996741414
0.9996907115
0.9996655583
0.9995081425
0.9993367195
0.9995864630
0.9996784329
0.9995166063
0.9996141791
0.9996858835
0.9996006489
0.9995380640
0.9996249080
0.9995460510
0.9994490147
0.9995790720
0.9995127916
0.9994146824
0.9996814132
0.9995192289
0.9995582700
0.9996733069
0.9996432066
0.9995639324
0.9995099306
0.9995715618
0.9994310141
0.9996007681
0.9995816946
0.9996680021
0.9997086525
0.9996541739
0.9996879101
0.9997724891
0.9994637966
0.9994823933
0.9996308088
0.9996141791
0.9995518923
0.9994313121
0.9996410608
0.9996688962
0.9996155500
0.9994372725
0.9997192621
0.9995508194
0.9997110963
0.9996925592
0.9994577169
0.9996234179
0.9995607138
0.9996720552
0.9997371435
0.9996144772
0.9993898273
0.9994913340
0.9996677637
0.9995940924
0.9994841218
0.9995203018
0.9997525811
0.9995186329
0.9994522333
0.9993644953
0.9996539354
0.9995807409
0.9994555116
0.9995362759
0.9997620583
0.9994744062
0.9997670054
0.9997116923
0.9993863702
0.9995769262
0.9995000362
0.9997034073
0.9996923208
0.9995253086
0.9994925261
0.9997847676
0.9995269775
0.9996108413
0.9996699095
0.9996104240
0.9994938374
0.9995472431
0.9996776581
0.9995933771
0.9994367361
0.9995027184
0.9995605946
0.9994052649
0.9994666576
0.9995262623
0.9996931553
0.9996406436
0.9994064569
0.9997245073
0.9994155169
0.9996851087
0.9997208714
0.9995878339
0.9994556904
0.9993729591
0.9994096756
0.9994649291
0.9996412396
0.9995756149
0.9995117188
0.9996825457
0.9996275902
0.9995008707
0.9993221760
0.9995249510
0.9996208549
0.9994633198
0.9995534420
0.9996616840
0.9994978905
0.9995763898
0.9997808337
0.9996883273
0.9993342757
0.9995876551
0.9994226694
0.9995361567
0.9996744394
0.9997392893
0.9996411800
0.9995048046
0.9995852709
0.9995959997
0.9997119904
0.9997527599
0.9994165897
0.9996925592
0.9997661114
0.9994363785
0.9996846318
0.9996844530
0.9996600151
0.9997166395
0.9995276928
0.9995216131
0.9997372627
0.9995501637
0.9995683432
0.9996983409
0.9992657304
0.9995505810
0.9997274876
0.9997279644
0.9993995428
0.9995421767
0.9996305704
0.9994688630
0.9996762872
0.9996387362
0.9995255470
0.9997045994
0.9995796680
0.9997353554
0.9996328354
0.9996836185
0.9997351766
0.9996458888
0.9995020628
0.9995316267
0.9996519089
0.9996085167
0.9997324347
0.9996455908
0.9996585250
0.9995557070
0.9995585680
0.9995416403
0.9996795654
0.9995516539
0.9994029999
0.9995510578
0.9997349977
0.9995393753
0.9995954037
0.9995548725
0.9996640086
0.9996353388
0.9995448589
0.9994893670
0.9997559786
0.9996908903
0.9992436171
0.9995380640
0.9995327592
0.9992778301
0.9997196198
0.9997171164
0.9996621609
0.9995750785
0.9996891618
0.9996765852
0.9997564554
0.9993472099
0.9996105433
0.9996567965
0.9997416139
0.9997375011
0.9996215105
0.9996258616
0.9996569157
0.9996652603
0.9995154142
0.9997272491
0.9996741414
0.9995510578
0.9995707273
0.9996573925
0.9996532202
0.9997229576
0.9996861815
0.9996532202
0.9996304512
0.9997005463
0.9996987581
0.9996588230
0.9995177984
0.9997053742
0.9996172786
0.9996081591
0.9995874166
0.9997274876
0.9995994568
0.9997515082
0.9994798899
0.9997283816
0.9996619225
0.9995198250
0.9996552467
0.9997119904
0.9997313023
0.9996776581
0.9996713400
0.9997141957
0.9995672703
0.9997000694
0.9996061325
0.9996839762
0.9996752739
0.9996638298
0.9996917844
0.9997789264
0.9996938705
0.9996562600
0.9997117519
0.9996198416
0.9997357130
0.9996759295
0.9995645285
0.9996443987
0.9996263981
0.9996166229
0.9996033907
0.9995672703
0.9995747805
0.9996297956
0.9994753599
0.9997431636
0.9995298386
0.9997607470
0.9995657802
0.9997448921
0.9997291565
0.9997048378
0.9995232821
0.9995362759
0.9995937943
0.9995775223
0.9997428656
0.9996345043
0.9996984005
0.9996273518
0.9997727275
0.9994760752
0.9995722771
0.9997007847
0.9995972514
0.9996191263
0.9996353388
0.9996243715
0.9996659756
0.9997274280
0.9996694922
0.9997233748
0.9995441437
0.9996646643
0.9998149872
0.9997454882
0.9996423721
0.9995870590
0.9995391369
0.9996229410
0.9995491505
0.9997414351
0.9998110533
0.9996311665
0.9996771812
0.9996292591
0.9998294711
0.9996529222
0.9995641708
0.9997369051
0.9996997714
0.9997549057
0.9995290041
0.9994459152
0.9995949268
0.9996287823
0.9995642900
0.9995391965
0.9995929599
0.9997057915
0.9996587634
0.9995989799
0.9996324778
0.9997966290
0.9996688366
0.9995042086
0.9997075796
0.9995081425
0.9994506836
0.9996372461
0.9994565248
0.9997069836
0.9995931983
0.9995683432
0.9995789528
0.9997236729
0.9997484684
0.9996645451
0.9996685982
0.9995721579
0.9996775985
0.9995511770
0.9994552135
0.9997256994
0.9996550083
0.9996694326
0.9997490048
0.9994167089
0.9996855259
0.9994637966
0.9995378256
0.9995831251
0.9997006059
0.9994857907
0.9994790554
0.9996818304
0.9995144606
0.9994788170
0.9995490313
0.9996314645
0.9996437430
0.9995384812
0.9997397661
0.9993925095
0.9995751381
0.9993205070
0.9995018244
0.9993891716
0.9997163415
0.9994654059
0.9996397495
0.9995777607
0.9993589520
0.9994405508
0.9995646477
0.9996627569
0.9997453690
0.9996593595
0.9996466041
0.9995720983
0.9995079041
0.9995281100
0.9996548891
0.9996329546
0.9997867346
0.9994267225
0.9995856881
0.9995695949
0.9996283054
0.9995939732
0.9996170998
0.9995504618
0.9997407198
0.9997057915
0.9995927811
0.9997614622
0.9996296167
0.9995384216
0.9996728897
0.9996140003
0.9997208714
0.9995500445
0.9996346235
0.9996058941
0.9995963573
0.9996429682
0.9995746613
0.9996106625
0.9995425940
0.9996782541
0.9997510910
0.9995334148
0.9996687174
0.9996536970
0.9994941950
0.9995362759
0.9995968342
0.9996722341
0.9996821880
0.9996209145
0.9995098114
0.9997309446
0.9997133017
0.9995867014
0.9993499517
0.9995576739
0.9995856285
0.9994899035
0.9996232986
0.9997407198
0.9994792938
0.9995691776
0.9996719360
0.9997695684
0.9996492267
0.9997081757
0.9996730089
0.9995163679
0.9995668530
0.9994429946
0.9994831085
0.9993914962
0.9995432496
0.9994717836
0.9995677471
0.9997042418
0.9995574951
0.9996911287
0.9996798635
0.9995596409
0.9996320605
0.9996240139
0.9997510910
0.9997183681
0.9995518923
0.9996966124
0.9996756315
0.9995689392
0.9994359612
0.9995743036
0.9997507334
0.9995231032
0.9997845888
0.9996696115
0.9996061325
0.9996734262
0.9996141195
0.9995907545
0.9996691942
0.9995940328
0.9996131659
0.9994404316
0.9996533394
0.9998117685
0.9996088743
0.9996963739
0.9997583032
0.9996266365
0.9995410442
0.9998432994
0.9992890954
0.9995085001
0.9995217323
0.9996663332
0.9995231628
0.9997380376
0.9994260073
0.9995263815
0.9995369911
0.9993540645
0.9996526837
0.9994546175
0.9992418289
0.9995297194
0.9994252920
0.9994806647
0.9995700121
0.9995149374
0.9994071722
0.9996153116
0.9997677207
0.9994783401
0.9995175600
0.9994820356
0.9994320869
0.9995687008
0.9994221926
0.9993232489
0.9998042583
0.9995541573
0.9997205138
0.9996147752
0.9995208383
0.9997209311
0.9995838404
0.9996664524
0.9996021986
0.9996731281
0.9994643331
0.9995997548
0.9995871782
0.9995415211
0.9993715882
0.9996773005
0.9996125698
0.9996721745
0.9996458888
0.9996610880
0.9994298220
0.9997423887
0.9993820190
0.9992944598
0.9995509386
0.9992594719
0.9995654821
0.9995874166
0.9993683100
0.9995111227
0.9996384978
0.9997626543
0.9997047782
0.9995583296
0.9995520115
0.9996356368
0.9996674657
0.9996911287
0.9996555448
0.9996695518
0.9996076822
0.9995691776
0.9994750023
0.9995243549
0.9995570183
0.9996730089
0.9996186495
0.9995143414
0.9996538162
0.9995374084
0.9996801615
0.9995361567
0.9996486902
0.9995164871
0.9993938208
0.9994426370
0.9994535446
0.9996694326
0.9997134209
0.9997479916
0.9995231628
0.9993367195
0.9993847609
0.9994257689
0.9995349050
0.9994945526
0.9995868206
0.9996150732
0.9995565414
0.9992418289
0.9994888306
0.9992357492
0.9995145798
0.9994652271
0.9996319413
0.9996044636
0.9995841980
0.9996157289
0.9996747971
0.9997569323
0.9995210767
0.9995231628
0.9995547533
0.9996311069
0.9996101856
0.9995502234
0.9994937181
0.9997254610
0.9995132685
0.9997106791
0.9996812344
0.9995948672
0.9996114969
0.9995218515
0.9997043610
0.9994130135
0.9995840192
0.9996744394
0.9996536374
0.9995703101
0.9996285439
0.9996687174
0.9995006323
0.9994167089
0.9995321631
0.9997522831
0.9995867014
0.9994118214
0.9996545315
0.9996577501
0.9995889068
0.9995938540
0.9996219873
0.9996100664
0.9995883703
0.9994719028
0.9995499849
0.9996793270
0.9994939566
0.9995003939
0.9994201660
0.9994110465
0.9997702837
0.9995338321
0.9995459318
0.9994741678
0.9996277094
0.9996117353
0.9993934035
0.9995735884
0.9996767640
0.9996606112
0.9996388555
0.9997366667
0.9994198680
0.9996615648
0.9996165037
0.9995397329
0.9997164607
0.9993517399
0.9995594025
0.9995328784
0.9996527433
0.9997124672
0.9994120002
0.9994270205
0.9993501902
0.9994573593
0.9995282888
0.9995558858
0.9995065928
0.9997277260
0.9995411634
0.9995719194
0.9996147156
0.9995794296
0.9994245768
0.9994740486
0.9994894266
0.9996496439
0.9996100664
0.9995260239
0.9997167587
0.9994516373
0.9994980097
0.9995178580
0.9995740652
0.9996228218
0.9995436072
0.9993825555
0.9994789362
0.9994508624
0.9992411733
0.9995161295
0.9995839596
0.9994969368
0.9994592667
0.9994544387
0.9995988607
0.9993414879
0.9995616674
0.9994089603
0.9992849827
0.9995662570
0.9995439053
0.9996528625
0.9996420741
0.9996925592
0.9994869828
0.9994070530
0.9994494915
0.9995589852
0.9995105267
0.9995341301
0.9994316101
0.9996613860
0.9994647503
0.9994852543
0.9991949797
0.9995557070
0.9996414185
0.9992698431
0.9996187687
0.9995921850
0.9993534088
0.9995730519
0.9994438887
0.9995893240
0.9995203018
0.9991548061
0.9994272590
0.9993656278
0.9996447563
0.9994093180
0.9994154572
0.9995610714
0.9993615150
0.9997375607
0.9994517565
0.9995212555
0.9991000891
0.9992389679
0.9995461702
0.9996127486
0.9994735122
0.9994971752
0.9992995262
0.9994012117
0.9994750023
0.9995713234
0.9995864034
0.9992104769
0.9995901585
0.9995076656
0.9994525909
0.9993818998
0.9993693829
0.9992678165
0.9996466637
0.9995291233
0.9993242621
0.9994915724
0.9995921850
0.9993664026
0.9992072582
0.9994463921
0.9990608096
0.9996398687
0.9996051192
0.9997025728
0.9995104074
0.9994644523
0.9995329380
0.9993000031
0.9994256496
0.9994797707
0.9996374846
0.9993137121
0.9995383024
0.9995374084
0.9994511604
0.9994630814
0.9991537333
0.9994630814
0.9994642138
0.9995192885
0.9991815090
0.9992263317
0.9990966320
0.9994291067
0.9994735122
0.9996114969
0.9996305108
0.9993441105
0.9992802143
0.9993326068
0.9995205998
0.9994660020
0.9994787574
0.9993706942
0.9996140599
0.9996080995
0.9994292259
0.9993703365
0.9996217489
0.9992134571
0.9991636276
0.9995483160
0.9995797276
0.9994410276
0.9996269941
0.9994792938
0.9995418191
0.9995971322
0.9994795322
0.9993213415
0.9992338419
0.9994133711
0.9993869066
0.9994066954
0.9994440079
0.9995499849
0.9994144440
0.9994385839
0.9995188713
0.9996306896
0.9994232655
0.9994721413
0.9995576143
0.9993923903
0.9995571375
0.9993906021
0.9992910624
0.9995781183
0.9995521307
0.9992823601
0.9995872974
0.9996031523
0.9995646477
0.9994971752
0.9996898174
0.9994379878
0.9994940162
0.9995373487
0.9994558096
0.9995734096
0.9994275570
0.9994459152
0.9993551970
0.9994754791
0.9992568493
0.9993289709
0.9997224212
0.9996361732
0.9995440245
0.9994635582
0.9995827079
0.9995288253
0.9996358156
0.9997482896
0.9994660616
0.9997155666
0.9993331432
0.9995384812
0.9995762110
0.9994326830
0.9995310307
0.9993792176
0.9996747971
0.9994438887
0.9994238019
0.9994832277
0.9994634390
0.9993729591
0.9995970726
0.9993323088
0.9994195700
0.9993842840
0.9994063377
0.9993537068
0.9996911883
0.9994471669
0.9995918870
0.9995889664
0.9992944002
0.9993640780
0.9995348454
0.9995806217
0.9996430278
0.9995967150
0.9996339679
0.9996174574
0.9995279312
0.9995661974
0.9996045232
0.9995417595
0.9994300604
0.9995487928
0.9996124506
0.9995363951
0.9995520711
0.9995263815
0.9995949268
0.9995499849
0.9995156527
0.9995245337
0.9995526075
0.9995625019
0.9993424416
0.9996249676
0.9993801117
0.9993168712
0.9997529984
0.9996072650
0.9993694425
0.9995069504
0.9993854761
0.9994815588
0.9993718863
0.9995554686
0.9993605614
0.9994807839
0.9995911121
0.9996047020
0.9994555712
0.9995520115
0.9995225668
0.9994688630
0.9994170666
0.9996209145
0.9995125532
0.9995205402
0.9996721745
0.9994524717
0.9996119738
0.9997280240
0.9992268085
0.9995380640
0.9994676113
0.9996710420
0.9997054338
0.9995845556
0.9994901419
0.9995440245
0.9996330738
0.9996575117
0.9995589852
0.9994529486
0.9997479916
0.9994947314
0.9994454980
0.9996218681
0.9995980263
0.9996653795
0.9995087385
0.9995120168
0.9997336864
0.9994695783
0.9996069074
0.9995924234
0.9995807409
0.9997041225
0.9995009899
0.9996916056
0.9994806051
0.9992976189
0.9994904399
0.9994466305
0.9995896816
0.9996517897
0.9995531440
0.9996649027
0.9995908737
0.9994685650
0.9996732473
0.9995944500
0.9997318983
0.9995517731
0.9996377230
0.9995546341
0.9995878935
0.9996039867
0.9994983077
0.9996038079
0.9995936751
0.9995038509
0.9995104671
0.9994498491
0.9996425509
0.9994227290
0.9992270470
0.9994808435
0.9996608496
0.9992592335
0.9995830655
0.9994443655
0.9996772408
0.9996647239
0.9994992018
0.9993517399
0.9995161295
0.9995887280
0.9994322062
0.9994628429
0.9993186593
0.9994640350
0.9995169640
0.9996548891
0.9995291829
0.9996109009
0.9996236563
0.9996578693
0.9994591475
0.9994517565
0.9995909333
0.9996163249
0.9995714426
0.9996804595
0.9995388985
0.9996071458
0.9996578693
0.9996396303
0.9995154142
0.9994983673
0.9995210171
0.9995411038
0.9995076656
0.9996136427
0.9994454980
0.9996616244
0.9994764328
0.9996996522
0.9995756149
0.9996460676
0.9996758699
0.9996281862
0.9993561506
0.9995939136
0.9994925261
0.9993549585
0.9995795488
0.9994175434
0.9994896650
0.9995447397
0.9995831251
0.9996871948
0.9995827675
0.9995051622
0.9994241595
0.9995520711
0.9994781017
0.9994564056
0.9995055795
0.9994788170
0.9995309711
0.9995465279
0.9991515279
0.9995108843
0.9996867180
0.9996779561
0.9994138479
0.9997651577
0.9995455742
0.9995069504
0.9996409416
0.9996019602
0.9996218681
0.9995325804
0.9992536306
0.9995441437
0.9996329546
0.9994572997
0.9995841384
0.9994812012
0.9995994568
0.9996162653
0.9994014502
0.9994100332
0.9993602037
0.9995894432
0.9995163083
0.9996170402
0.9995711446
0.9995847940
0.9993514419
0.9994478226
0.9992859960
0.9993079901
0.9995641708
0.9994164109
0.9994530082
0.9994596243
0.9995995760
0.9993458986
0.9996218681
0.9996157289
0.9997009039
0.9994530678
0.9992798567
0.9995005131
0.9994133711
0.9996656179
0.9995558262
0.9995054603
0.9994244576
0.9995977283
0.9997228384
0.9995788336
0.9993326664
0.9993687272
0.9994067550
0.9995424747
0.9993402362
0.9996803999
0.9995895624
0.9993445277
0.9995397329
0.9994581342
0.9996049404
0.9996436238
0.9990152717
0.9995958209
0.9991748333
0.9994238615
0.9993484020
0.9994149804
0.9993215799
0.9995663762
0.9993662834
0.9995462894
0.9994598627
0.9995133877
0.9994548559
0.9993372560
0.9995712042
0.9995852709
0.9995141029
0.9992983341
0.9996681213
0.9995393157
0.9992883205
0.9996684790
0.9992587566
0.9996641874
0.9993441105
0.9996358156
0.9994629025
0.9995509386
0.9996602535
0.9994080067
0.9993768930
0.9995337129
0.9993827343
0.9993722439
0.9993600249
0.9993601441
0.9996746778
0.9996181726
0.9995966554
0.9994997978
0.9994636774
0.9994421601
0.9996014833
0.9995540380
0.9992081523
0.9994980097
0.9993873835
0.9993873835
0.9994592071
0.9992547631
0.9993314743
0.9994907379
0.9994810224
0.9996544719
0.9996464252
0.9989262223
0.9994837046
0.9992820621
0.9994668365
0.9993267059
0.9996181726
0.9993017316
0.9994422197
0.9992640018
0.9992858171
0.9994726181
0.9995792508
0.9996165037
0.9996594191
0.9996880293
0.9994679689
0.9991413355
0.9993412495
0.9995990992
0.9995472431
0.9994293451
0.9995554090
0.9994785190
0.9995654821
0.9996019602
0.9993867874
0.9994934797
0.9994176030
0.9995773435
0.9995759726
0.9995139241
0.9994889498
0.9995985031
0.9995517731
0.9993900061
0.9994173646
0.9993302822
0.9997505546
0.9994306564
0.9992603064
0.9995157719
0.9995867014
0.9995867014
0.9996637702
0.9994283319
0.9993427992
0.9995843768
0.9993404746
0.9996336699
0.9994532466
0.9995958805
0.9995364547
0.9995486736
0.9994612932
0.9993585348
0.9995044470
0.9995546937
0.9995199442
0.9995839596
0.9996216297
0.9996689558
0.9994164109
0.9993480444
0.9995535612
0.9994475842
0.9997365475
0.9995935559
0.9995090365
0.9994674921
0.9996093512
0.9996786118
0.9993956089
0.9996420145
0.9995478392
0.9993705750
0.9995675683
0.9994965792
0.9995486736
0.9995015264
0.9994180202
0.9994194508
0.9995489717
0.9996738434
0.9994674325
0.9994943738
0.9996311665
0.9995886087
0.9995015860
0.9994134903
0.9997264147
0.9996438622
0.9996540546
0.9996696711
0.9996235967
0.9994702935
0.9994385242
0.9994757175
0.9996295571
0.9994562268
0.9996552467
0.9996500015
0.9994854927
0.9996210337
0.9995533228
0.9996289611
0.9996174574
0.9995885491
0.9997413158
0.9995329380
0.9995698929
0.9997791052
0.9994418025
0.9995586872
0.9996304512
0.9995083809
0.9995647669
0.9998193383
0.9994471073
0.9996634126
0.9995778799
0.9997126460
0.9996389151
0.9996562004
0.9994568229
0.9994863272
0.9993835688
0.9993897676
0.9995829463
0.9995052814
0.9994266033
0.9994717836
0.9996161461
0.9994943738
0.9995501041
0.9994537830
0.9997033477
0.9995473623
0.9993830919
0.9993089437
0.9995201826
0.9993969202
0.9994406104
0.9995693564
0.9996750355
0.9994860888
0.9996563792
0.9996685982
0.9995509386
0.9994977713
0.9995025396
0.9995080829
0.9994566441
0.9996225834
0.9995394945
0.9996029139
0.9995340109
0.9994296432
0.9994410276
0.9995188713
0.9994595647
0.9992353320
0.9994927645
0.9994455576
0.9993373752
0.9996394515
0.9993144274
0.9996908903
0.9994276762
0.9994627237
0.9994755983
0.9992196560
0.9996007681
0.9993101954
0.9993113279
0.9993312359
0.9995272160
0.9996442795
0.9995614290
0.9994177818
0.9995985031
0.9995991588
0.9996110201
0.9996285439
0.9993951321
0.9995576739
0.9996643066
0.9996716380
0.9993045926
0.9995962381
0.9995604753
0.9994040728
0.9992164969
0.9994830489
0.9993890524
0.9993675947
0.9995647669
0.9992017746
0.9996303320
0.9991633296
0.9991219044
0.9995387793
0.9993038774
0.9994413853
0.9995675087
0.9995796084
0.9992548227
0.9992612600
0.9991044998
0.9994126558
0.9992966652
0.9992498159
0.9994266033
0.9995900989
0.9995388985
0.9992371798
0.9993271828
0.9994122982
0.9993554950
0.9993749261
0.9995569587
0.9994117022
0.9994028807
0.9993683100
0.9993671179
0.9995056391
0.9995826483
0.9995075464
0.9992561936
0.9995418787
0.9994937181
0.9995012879
0.9995311499
0.9995014668
0.9994038343
0.9993758202
0.9994715452
0.9994055629
0.9991968870
0.9991530180
0.9995725155
0.9993665218
0.9995064735
0.9995748997
0.9995385408
0.9996143579
0.9993519783
0.9996777773
0.9993642569
0.9994072914
0.9994012117
0.9995950460
0.9997063279
0.9993764162
0.9993001223
0.9996471405
0.9994391203
0.9993852377
0.9996721745
0.9995675087
0.9996517897
0.9994605780
0.9995580316
0.9993420839
0.9992619753
0.9991934299
0.9992982745
0.9996733069
0.9997532368
0.9993588924
0.9993914366
0.9992272854
0.9995372295
0.9993936419
0.9995801449
0.9994794726
0.9993973970
0.9997184873
0.9996054769
0.9994734526
0.9992735386
0.9993832111
0.9995146990
0.9995470643
0.9995826483
0.9995647669
0.9993016720
0.9993191957
0.9995316267
0.9994653463
0.9994028807
0.9994888902
0.9993779063
0.9993239045
0.9994947910
0.9995371103
0.9996489286
0.9996112585
0.9994925857
0.9995093346
0.9993820190
0.9996584654
0.9995540380
0.9995486736
0.9995384216
0.9996483326
0.9993663430
0.9994076490
0.9996410608
0.9992689490
0.9992622137
0.9995517135
0.9993548393
0.9993091226
0.9994728565
0.9994155169
0.9993720651
0.9995898008
0.9994071722
0.9995970726
0.9994992018
0.9995151162
0.9995756149
0.9994586110
0.9994635582
0.9994188547
0.9994370937
0.9995478392
0.9993442297
0.9995681643
0.9995715618
0.9996900558
0.9997022748
0.9995375872
0.9993768334
0.9994798303
0.9995040298
0.9993920326
0.9994912148
0.9995861053
0.9994820356
0.9996083975
0.9995682836
0.9995041490
0.9994333982
0.9994286299
0.9995388985
0.9995165467
0.9993311167
0.9993619323
0.9994612932
0.9994328022
0.9993818402
0.9995887876
0.9995154142
0.9995688796
0.9994673729
0.9995122552
0.9995229244
0.9996204376
0.9996328354
0.9993959069
0.9993219376
0.9995864034
0.9995871186
0.9994390011
0.9992729425
0.9993358850
0.9996199608
0.9994835854
0.9994390011
0.9995112419
0.9993480444
0.9992992878
0.9996411800
0.9993703961
0.9995601177
0.9993991852
0.9996741414
0.9996013641
0.9995495081
0.9994329810
0.9992681742
0.9993574619
0.9995712042
0.9995816946
0.9992290139
0.9994734526
0.9995872974
0.9995470047
0.9995522499
0.9996150136
0.9994097948
0.9997347593
0.9995234013
0.9996157289
0.9995457530
0.9996986985
0.9994885921
0.9992524385
0.9993146658
0.9995149970
0.9995645285
0.9996000528
0.9995075464
0.9995577931
0.9994956851
0.9993730783
0.9994768500
0.9995262623
0.9996016026
0.9995930791
0.9995011687
0.9993941188
0.9994407892
0.9996037483
0.9996632338
0.9995259047
0.9996035695
0.9995932579
0.9994828701
0.9993749857
0.9994568825
0.9995706081
0.9997184873
0.9996641278
0.9995386600
0.9996018410
0.9995837808
0.9994229078
0.9994560480
0.9996489286
0.9994714260
0.9995391369
0.9995245934
0.9994540215
0.9995980859
0.9994789362
0.9994925261
0.9994292855
0.9996070862
0.9993848801
0.9994615316
0.9994351864
0.9995270967
0.9994148016
0.9993804693
0.9994955063
0.9996118546
0.9994775653
0.9993883371
0.9994510412
0.9994326830
0.9994978905
0.9993599653
0.9993395209
0.9996972680
0.9993323088
0.9993959069
0.9996234775
0.9996256828
0.9995270967
0.9995906949
0.9995402694
0.9994540215
0.9995173812
0.9994906187
0.9995340109
0.9994243383
0.9994823933
0.9995917082
0.9996534586
0.9994627833
0.9994512796
0.9994146824
0.9996342659
0.9995770454
0.9993946552
0.9994345903
0.9995596409
0.9996732473
0.9994205236
0.9996972084
0.9994452596
0.9996329546
0.9996609688
0.9993222356
0.9995246530
0.9994561672
0.9994241595
0.9996330738
0.9995752573
0.9993923903
0.9995576143
0.9995406866
0.9994957447
0.9994176626
0.9993743896
0.9994528294
0.9993510246
0.9995159507
0.9994009137
0.9994717240
0.9995164871
0.9994143844
0.9994692802
0.9997131824
0.9991487265
0.9996041059
0.9995718002
0.9991855025
0.9992593527
0.9992013574
0.9995810986
0.9995348454
0.9995520115
0.9993507862
0.9996340275
0.9995747805
0.9996241331
0.9995766878
0.9992892742
0.9993765354
0.9995593429
0.9994529486
0.9995750189
0.9992992878
0.9995599389
0.9996170998
0.9993683100
0.9993877411
0.9994606972
0.9995392561
0.9994583726
0.9993087649
0.9996079206
0.9992505312
0.9995718002
0.9996039271
0.9996001720
0.9994260073
0.9993401766
0.9992272258
0.9994276166
0.9995335340
0.9993131161
0.9993761778
0.9993590117
0.9993972778
0.9990053177
0.9992711544
0.9995384812
0.9994819164
0.9993736744
0.9992579818
0.9994041920
0.9992839098
0.9993064404
0.9996585846
0.9996065497
0.9994152188
0.9995471835
0.9993582964
0.9992002249
0.9994782805
0.9995985031
0.9994769096
0.9994186163
0.9990174770
0.9995601773
0.9995483160
0.9995937347
0.9994645715
0.9994811416
0.9995418787
0.9993032217
0.9996525645
0.9995787740
0.9995114803
0.9995329976
0.9992166758
0.9994298220
0.9995900393
0.9994318485
0.9995163083
0.9994798303
0.9992194772
0.9995009303
0.9995163679
0.9996222258
0.9988301992
0.9993056059
0.9994915724
0.9992884398
0.9995641708
0.9993076921
0.9992464781
0.9995098114
0.9994511008
0.9995589256
0.9994665384
0.9994398952
0.9995727539
0.9993282557
0.9992902875
0.9993473291
0.9993803501
0.9995346665
0.9995403290
0.9995356798
0.9995319843
0.9994307756
0.9993594885
0.9993677139
0.9993266463
0.9994689226
0.9991955757
0.9993500710
0.9996045828
0.9993238449
0.9992476106
0.9992853403
0.9996256828
0.9995964170
0.9991474748
0.9992838502
0.9995772243
0.9996574521
0.9990822077
0.9993412495
0.9993054867
0.9991420507
0.9995907545
0.9995304346
0.9995949268
0.9994690418
0.9994903803
0.9996718168
0.9995949864
0.9993056059
0.9995192289
0.9994382262
0.9996461868
0.9996510148
0.9993480444
0.9994888306
0.9995033741
0.9993761778
0.9989147186
0.9995601177
0.9994597435
0.9992591143
0.9993922710
0.9994273186
0.9995470047
0.9996479750
0.9994751215
0.9994380474
0.9995913506
0.9996407032
0.9996085763
0.9995981455
0.9993316531
0.9996577501
0.9995396137
0.9993369579
0.9994456768
0.9994874597
0.9995172024
0.9996505976
0.9990497828
0.9996746778
0.9995058775
0.9992634654
0.9995505810
0.9993206263
0.9995799065
0.9995760322
0.9994799495
0.9995461702
0.9994336963
0.9995080233
0.9993322492
0.9995210171
0.9994547367
0.9995031357
0.9994142056
0.9996984005
0.9996744394
0.9996373653
0.9995150566
0.9993494749
0.9995006323
0.9995852709
0.9993412495
0.9995852709
0.9994654655
0.9993462563
0.9994260669
0.9994425774
0.9994143844
0.9995549917
0.9992532134
0.9995002151
0.9994207621
0.9995759726
0.9994223118
0.9996192455
0.9996003509
0.9996991158
0.9993410707
0.9995760918
0.9993852377
0.9993491173
0.9996361732
0.9995998144
0.9995957613
0.9996015429
0.9996616244
0.9995875955
0.9993901253
0.9996868372
0.9994758368
0.9995177388
0.9995355606
0.9995279312
0.9994205236
0.9996319413
0.9995806217
0.9994733334
0.9994862080
0.9993540049
0.9997704029
0.9996921420
0.9995206594
0.9992706180
0.9994242191
0.9994567633
0.9993160963
0.9996033311
0.9997056723
0.9994034767
0.9995477200
0.9994254112
0.9996391535
0.9994984865
0.9994306564
0.9996283054
0.9996000528
0.9996818900
0.9995177984
0.9992606640
0.9995040894
0.9996087551
0.9994678497
0.9994977713
0.9994147420
0.9995511174
0.9996376634
0.9993745089
0.9993848801
0.9997395277
0.9996443987
0.9993207455
0.9995626211
0.9994938374
0.9995032549
0.9993299842
0.9995939732
0.9995949268
0.9995132685
0.9993947744
0.9996197224
0.9995085001
0.9996899366
0.9995369911
0.9994901419
0.9994775057
0.9995911121
0.9993196726
0.9994528294
0.9995750189
0.9995527267
0.9996309280
0.9996153712
0.9993948936
0.9995726347
0.9993039370
0.9993955493
0.9993746281
0.9995912313
0.9992961884
0.9995417595
0.9996627569
0.9994702339
0.9993310571
0.9995360970
0.9996192455
0.9995442629
0.9995031357
0.9995804429
0.9994776249
0.9993774295
0.9994884729
0.9995468855
0.9994232059
0.9996340275
0.9995693564
0.9994183779
0.9995632172
0.9994046688
0.9993451834
0.9994380474
0.9996371269
0.9996483326
0.9996684790
0.9996520877
0.9994857311
0.9994340539
0.9994171858
0.9994012117
0.9995091558
0.9995934367
0.9994591475
0.9995588064
0.9996147156
0.9995189309
0.9995535612
0.9995461702
0.9994238615
0.9996541739
0.9997406006
0.9995573759
0.9996277690
0.9995774031
0.9994085431
0.9995378256
0.9996375442
0.9995765686
0.9994657040
0.9995168447
0.9995520711
0.9995495677
0.9993964434
0.9995120764
0.9995889664
0.9993659258
0.9995486736
0.9996758103
0.9994415641
0.9995161295
0.9996545315
0.9995555878
0.9993668199
0.9995245337
0.9995521903
0.9996213913
0.9995518327
0.9995342493
0.9996176362
0.9995019436
0.9994480610
0.9994724989
0.9994231462
0.9994679689
0.9995676875
0.9996355772
0.9996473789
0.9994932413
0.9994306564
0.9994729757
0.9996674061
0.9994480610
0.9996578693
0.9995148182
0.9995068312
0.9995398521
0.9995706677
0.9992671609
0.9994896054
0.9995334744
0.9995362759
0.9996430874
0.9993936419
0.9996421337
0.9996087551
0.9994334579
0.9994969368
0.9995775223
0.9993759394
0.9996033907
0.9995708466
0.9994149804
0.9996780753
0.9996035099
0.9994441867
0.9992638230
0.9995803833
0.9996882677
0.9994619489
0.9997333884
0.9996361732
0.9995033741
0.9995090961
0.9994796515
0.9994361401
0.9996435642
0.9993849993
0.9995456934
0.9994159937
0.9995089769
0.9996918440
0.9994651079
0.9995012283
0.9996235967
0.9995049238
0.9993101358
0.9997716546
0.9991238117
0.9993624687
0.9993654490
0.9995329976
0.9993684292
0.9994925261
0.9994075298
0.9993480444
