0.9998741150
0.9998505116
0.9998030066
0.9998472929
0.9999727011
0.9999217391
0.9998466969
0.9999690056
0.9998928308
0.9999071956
0.9999089241
0.9999691248
0.9998884201
0.9997267127
0.9999436736
0.9999428391
0.9999793768
0.9999258518
0.9999265671
0.9999392033
0.9998651743
0.9999130964
0.9998958111
0.9999281764
0.9999128580
0.9998909831
0.9998911619
0.9998744726
0.9999432564
0.9999018908
0.9999591112
0.9998086095
0.9998056889
0.9999146461
0.9999082088
0.9999328852
0.9998221397
0.9998918176
0.9997344017
0.9997307658
0.9998381138
0.9998745918
0.9997969866
0.9999210835
0.9999004006
0.9996432066
0.9998521805
0.9999231100
0.9998494387
0.9998158216
0.9999074936
0.9998279810
0.9999405742
0.9998628497
0.9998883009
0.9998544455
0.9998605251
0.9999541640
0.9995539188
0.9999119043
0.9998424053
0.9998754859
0.9999299049
0.9998317957
0.9999096990
0.9999094605
0.9999347329
0.9996519089
0.9998731613
0.9999144077
0.9998861551
0.9997614622
0.9999154806
0.9999498129
0.9998406172
0.9999123812
0.9999029636
0.9999426603
0.9999504685
0.9998114109
0.9998722672
0.9999495745
0.9999126196
0.9998734593
0.9999390841
0.9999456406
0.9999344349
0.9999489188
0.9999480247
0.9998829365
0.9999341369
0.9998525381
0.9998162389
0.9999189973
0.9998853207
0.9999071360
0.9999214411
0.9999159575
0.9997198582
0.9999111295
0.9998822212
0.9999650121
0.9998701215
0.9998382330
0.9998657703
0.9998592734
0.9998445511
0.9999655485
0.9999207258
0.9998342395
0.9999033213
0.9998345971
0.9998493195
0.9999121428
0.9999446869
0.9997755289
0.9998491406
0.9998592138
0.9998612404
0.9998149276
0.9995862246
0.9997950792
0.9997581244
0.9998128414
0.9998828173
0.9998242259
0.9998531342
0.9998720884
0.9998303652
0.9999003410
0.9998242259
0.9999426603
0.9998757839
0.9998734593
0.9998965859
0.9999022484
0.9997795820
0.9999258518
0.9998488426
0.9998217821
0.9998447299
0.9998136759
0.9999547005
0.9999061823
0.9999366999
0.9998258352
0.9998648167
0.9998685122
0.9999083877
0.9998317361
0.9996731877
0.9997310638
0.9998159409
0.9999281168
0.9998505116
0.9997917414
0.9998943806
0.9998704195
0.9998651743
0.9998120070
0.9999329448
0.9998922348
0.9999169111
0.9999047518
0.9998357296
0.9998520017
0.9998874664
0.9998572469
0.9999526739
0.9998553991
0.9999310970
0.9998246431
0.9998676181
0.9999452829
0.9996840954
0.9998347759
0.9997975826
0.9998505116
0.9999439716
0.9997527599
0.9999095201
0.9998995066
0.9997929931
0.9998980761
0.9998693466
0.9997943044
0.9997987747
0.9998280406
0.9999459982
0.9999123812
0.9999332428
0.9999332428
0.9998975396
0.9998998642
0.9998002052
0.9999035001
0.9998016357
0.9998605251
0.9999155998
0.9999046326
0.9999260902
0.9998890758
0.9998497367
0.9999186993
0.9999054074
0.9998656511
0.9999387264
0.9998251200
0.9996700287
0.9999299049
0.9998701215
0.9999132156
0.9999360442
0.9999036789
0.9998502731
0.9999132752
0.9999490976
0.9997696877
0.9998749495
0.9998461008
0.9998877048
0.9999309778
0.9999286532
0.9999326468
0.9999166727
0.9999307394
0.9999549389
0.9999275208
0.9999369383
0.9998246431
0.9997980595
0.9999185205
0.9999144077
0.9998661280
0.9998896122
0.9999459386
0.9999124408
0.9999676943
0.9999147654
0.9998537898
0.9998506308
0.9999580383
0.9999373555
0.9999195337
0.9999517202
0.9999586940
0.9999606609
0.9998995066
0.9998651743
0.9998878241
0.9998546839
0.9998341799
0.9999480247
0.9999236465
0.9999254942
0.9998617768
0.9998617172
0.9998165369
0.9999182224
0.9998521805
0.9997981191
0.9999282360
0.9998823404
0.9999120235
0.9999657869
0.9998518229
0.9999358654
0.9999141693
0.9998789430
0.9999629855
0.9998826981
0.9999559522
0.9998947382
0.9998598695
0.9999673963
0.9998602867
0.9998559952
0.9999389648
0.9998884201
0.9999622107
0.9999474287
0.9999089241
0.9998025894
0.9999173880
0.9998503327
0.9998072386
0.9999339581
0.9999134541
0.9998636246
0.9998992682
0.9997544289
0.9998989105
0.9999089241
0.9998992682
0.9999209046
0.9998524785
0.9999517202
0.9999771118
0.9999541044
0.9999315739
0.9999535084
0.9999556541
0.9999148846
0.9999154806
0.9999228120
0.9999084473
0.9999359846
0.9999407530
0.9999405146
0.9998869896
0.9999523163
0.9999153018
0.9998680353
0.9999086857
0.9999151826
0.9998696446
0.9999593496
0.9998648763
0.9999458790
0.9999083281
0.9998750687
0.9998742342
0.9999021292
0.9999698997
0.9999608994
0.9999428391
0.9999605417
0.9998951554
0.9999095201
0.9999257326
0.9997601509
0.9999033213
0.9999543428
0.9999040365
0.9999533892
0.9999114275
0.9998933077
0.9999653101
0.9999047518
0.9999498129
0.9998481274
0.9999257326
0.9999710321
0.9999719262
0.9999616742
0.9999582767
0.9998717904
0.9998205304
0.9999217987
0.9999594688
0.9998808503
0.9998671412
0.9999291301
0.9998947382
0.9999104142
0.9999395609
0.9999698400
0.9999504089
0.9999593496
0.9999141693
0.9998862743
0.9999068379
0.9999401569
0.9998999834
0.9999497533
0.9998781085
0.9999492764
0.9999547005
0.9999219775
0.9999399185
0.9998984337
0.9999470711
0.9998760223
0.9999587536
0.9999618530
0.9999719262
0.9999661446
0.9999518394
0.9999057055
0.9999326468
0.9999258518
0.9999552965
0.9999241829
0.9999465942
0.9999705553
0.9998373985
0.9999315739
0.9999574423
0.9999009371
0.9999611378
0.9998719096
0.9999545813
0.9999337792
0.9999276400
0.9999263287
0.9999247789
0.9997864366
0.9999263287
0.9999603033
0.9999564290
0.9999473095
0.9999123812
0.9999412298
0.9999333620
0.9999583364
0.9999289513
0.9998661280
0.9999383688
0.9999605417
0.9999542236
0.9999323487
0.9999011755
0.9999362230
0.9999178648
0.9998414516
0.9999479651
0.9998684525
0.9999084473
0.9998925328
0.9998849630
0.9999428391
0.9998724461
0.9999347925
0.9999172688
0.9999356866
0.9999516606
0.9998835921
0.9999269247
0.9999824762
0.9999583960
0.9999764562
0.9999130964
0.9999132156
0.9999392033
0.9998589754
0.9998579025
0.9999574423
0.9998782873
0.9999397993
0.9999544024
0.9999450445
0.9999421239
0.9999289513
0.9998790026
0.9999310970
0.9999479651
0.9999634027
0.9999352098
0.9999235868
0.9999384880
0.9999004602
0.9999430180
0.9999085665
0.9999641776
0.9999516010
0.9999572039
0.9999010563
0.9999369383
0.9999327064
0.9999443293
0.9998487234
0.9999703169
0.9999706745
0.9999220967
0.9998015165
0.9998434782
0.9999011159
0.9999097586
0.9999666214
0.9999390841
0.9999336004
0.9999132752
0.9999329448
0.9999378920
0.9999505281
0.9999502897
0.9999468327
0.9998958111
0.9999276400
0.9998836517
0.9998745322
0.9998690486
0.9999612570
0.9998368025
0.9999607801
0.9999300838
0.9999427795
0.9998781085
0.9999607801
0.9999772310
0.9998093247
0.9998716116
0.9999328852
0.9999747276
0.9999409914
0.9999538660
0.9999043941
0.9999550581
0.9999429584
0.9999426007
0.9999376535
0.9998457432
0.9999402761
0.9999224544
0.9999521971
0.9999207258
0.9997916818
0.9997422099
0.9998946190
0.9998244047
0.9999165535
0.9999662638
0.9997103214
0.9996094704
0.9997534752
0.9996945858
0.9997021556
0.9997543693
0.9996502399
0.9997350574
0.9996815324
0.9996053576
0.9996812344
0.9997881651
0.9995968342
0.9996483326
0.9994257689
0.9995383024
0.9997972250
0.9996677637
0.9997601509
0.9995127916
0.9995722175
0.9994120002
0.9997973442
0.9997074604
0.9998471141
0.9997240901
0.9996876717
0.9996396899
0.9998432398
0.9997673631
0.9997929931
0.9996088743
0.9995446205
0.9996361732
0.9996364117
0.9998456836
0.9996451139
0.9997897744
0.9997067451
0.9997031689
0.9997799397
0.9997118711
0.9997062683
0.9997711182
0.9996641874
0.9994750023
0.9997653365
0.9998098612
0.9995007515
0.9994692802
0.9996222854
0.9992325306
0.9993015528
0.9991537333
0.9996579885
0.9994393587
0.9993382692
0.9997338057
0.9995679259
0.9993191957
0.9993428588
0.9994698167
0.9995993972
0.9992547035
0.9994701743
0.9994107485
0.9995028973
0.9996811152
0.9993644953
0.9994693398
0.9997047186
0.9994247556
0.9994513988
0.9992855191
0.9994469881
0.9992930889
0.9993827343
0.9993864894
0.9994001985
0.9995241165
0.9990693331
0.9995435476
0.9996184111
0.9993109107
0.9995442629
0.9992810488
0.9996359348
0.9995756149
0.9995781183
0.9994668365
0.9996026158
0.9992254972
0.9989352822
0.9993643761
0.9993272424
0.9992538691
0.9995346069
0.9993542433
0.9994866848
0.9991796017
0.9995759726
0.9995214343
0.9994806647
0.9994938374
0.9993199110
0.9989256263
0.9989011288
0.9997067451
0.9997856021
0.9995896816
0.9991033077
0.9994863272
0.9988285303
0.9995245934
0.9993376136
0.9993934035
0.9996818900
0.9995205402
0.9995031357
0.9994801283
0.9990954995
0.9989218712
0.9989494681
0.9996463060
0.9992040992
0.9991436601
0.9995400906
0.9991914630
0.9995022416
0.9989531636
0.9992864728
0.9996161461
0.9994821548
0.9993941188
0.9994715452
0.9994634390
0.9987887144
0.9993367195
0.9994217753
0.9993432164
0.9993871450
0.9996829033
0.9991772175
0.9994227886
0.9990783930
0.9989647865
0.9989573956
0.9996396303
0.9996386170
0.9991683960
0.9996362329
0.9990161657
0.9986324310
0.9994667172
0.9989874959
0.9993736744
0.9990220070
0.9992372990
0.9997643232
0.9994956851
0.9992154837
0.9997763634
0.9991018772
0.9993046522
0.9994924068
0.9989911318
0.9993672371
0.9991965294
0.9995164871
0.9989562035
0.9992823005
0.9992122650
0.9990577698
0.9990255237
0.9995583892
0.9993730783
0.9992575645
0.9996459484
0.9992593527
0.9995163083
0.9991782904
0.9994385839
0.9989987612
0.9988249540
0.9986613989
0.9994219542
0.9992306232
0.9993134737
0.9993415475
0.9992609024
0.9993607998
0.9997326136
0.9991695881
0.9990967512
0.9994798303
0.9996457100
0.9995638132
0.9994199276
0.9996249080
0.9993107319
0.9992650747
0.9993839264
0.9991470575
0.9995834827
0.9994205236
0.9994130135
0.9996726513
0.9993617535
0.9994485378
0.9994363785
0.9989461899
0.9996671081
0.9996314645
0.9993293285
0.9996147752
0.9990849495
0.9991282225
0.9995645881
0.9997192621
0.9989936352
0.9993113279
0.9993312359
0.9991608262
0.9993100166
0.9989628792
0.9993164539
0.9985964298
0.9991225004
0.9989219308
0.9990165830
0.9992774725
0.9992239475
0.9989877939
0.9992325306
0.9990190268
0.9991875887
0.9995876551
0.9990494847
0.9991657734
0.9995213151
0.9993383288
0.9995237589
0.9996021986
0.9992921948
0.9995596409
0.9995073080
0.9992872477
0.9990924001
0.9988944530
0.9994373918
0.9986374378
0.9997805357
0.9992012978
0.9995545745
0.9995428920
0.9992942214
0.9992697835
0.9994237423
0.9993450642
0.9992929697
0.9992574453
0.9994358420
0.9991828203
0.9996226430
0.9996061325
0.9990698099
0.9995087385
0.9995142221
0.9992383718
0.9993236661
0.9991058707
0.9996293783
0.9991573095
0.9994032383
0.9991891980
0.9996705055
0.9994354248
0.9992704391
0.9993666410
0.9994419813
0.9995678663
0.9993790388
0.9991382360
0.9994226694
0.9996080399
0.9993243217
0.9994939566
0.9994695187
0.9993227124
0.9990578890
0.9991441369
0.9992669821
0.9992121458
0.9993010163
0.9995620847
0.9998197556
0.9994143844
0.9994627237
0.9996322393
0.9994043112
0.9995715022
0.9996587634
0.9993041754
0.9994411469
0.9995755553
0.9998096824
0.9996569157
0.9997637272
0.9996832609
0.9995920062
0.9997757673
0.9997548461
0.9996139407
0.9995167255
0.9996094704
0.9996173978
0.9995937347
0.9996920824
0.9995052218
0.9997500181
0.9997141361
0.9995030165
0.9996594191
0.9998334646
0.9996553659
0.9994518757
0.9995081425
0.9996030927
0.9997614622
0.9996415973
0.9995079041
0.9996021986
0.9995627403
0.9995557666
0.9996461868
0.9997915030
0.9995408058
0.9995878935
0.9996855259
0.9995782971
0.9996534586
0.9993742704
0.9996965528
0.9998048544
0.9997395873
0.9996905923
0.9996209741
0.9995667934
0.9996842146
0.9996966720
0.9996689558
0.9996556044
0.9996953607
0.9996511340
0.9996190071
0.9997597933
0.9997540116
0.9997300506
0.9998013973
0.9997243285
0.9996924400
0.9997848272
0.9997210503
0.9996303320
0.9997395873
0.9996991158
0.9997043014
0.9996650815
0.9997900724
0.9997017384
0.9995820522
0.9998908043
0.9997462034
0.9997761250
0.9997378588
0.9996602535
0.9997965693
0.9997248650
0.9998391271
0.9998619556
0.9998512268
0.9998033047
0.9996240139
0.9996702671
0.9998028278
0.9996081591
0.9997078180
0.9998476505
0.9996783733
0.9998141527
0.9997748733
0.9997948408
0.9998316765
0.9996591806
0.9997350574
0.9996235371
0.9996261001
0.9996748567
0.9998050928
0.9997951388
0.9997072220
0.9996221662
0.9998149276
0.9997779131
0.9996982813
0.9997797012
0.9995640516
0.9997082949
0.9997701645
0.9998184443
0.9997447729
0.9995359182
0.9998154640
0.9996712804
0.9997556806
0.9996975660
0.9995310307
0.9997800589
0.9997540116
0.9996770024
0.9996711612
0.9998071194
0.9997974634
0.9996175170
0.9997515678
0.9997158051
0.9997812510
0.9997048378
0.9998365641
0.9997817278
0.9999483824
0.9996300936
0.9998136759
0.9996701479
0.9995604753
0.9997909665
0.9998421669
0.9997276068
0.9998165369
0.9997397065
0.9997317195
0.9998397827
0.9998080134
0.9997773767
0.9997912645
0.9997900128
0.9998593330
0.9997786283
0.9997565746
0.9997475147
0.9998021126
0.9997265339
0.9998397231
0.9997780323
0.9997081757
0.9996149540
0.9997748733
0.9998357296
0.9997593760
0.9998986721
0.9997258186
0.9998425245
0.9996662140
0.9997307062
0.9997957945
0.9997055531
0.9996485710
0.9997044802
0.9994539022
0.9997646809
0.9996893406
0.9998342991
0.9997263551
0.9998297095
0.9998087883
0.9998008013
0.9997659326
0.9997423887
0.9998744726
0.9997399449
0.9997953176
0.9998057485
0.9999134541
0.9996697307
0.9998230934
0.9997587204
0.9997588396
0.9997079372
0.9995738268
0.9998372793
0.9994872808
0.9997522831
0.9996973276
0.9997719526
0.9998296499
0.9997507930
0.9998729229
0.9998096824
0.9998647571
0.9998764992
0.9997898936
0.9996994734
0.9996832609
0.9997935295
0.9997228980
0.9998368025
0.9997202158
0.9998122454
0.9997209311
0.9998280406
0.9998354912
0.9998186827
0.9998687506
0.9998365045
0.9997352362
0.9997563362
0.9999657869
0.9998686314
0.9998171926
0.9999390841
0.9999120831
0.9998396635
0.9998878837
0.9999599457
0.9997992516
0.9996874332
0.9999016523
0.9999039173
0.9999728203
0.9999262094
0.9999009371
0.9999254942
0.9998256564
0.9998804927
0.9997634888
0.9999059439
0.9998636246
0.9997744560
0.9998276234
0.9998226166
0.9998866320
0.9998786449
0.9999436140
0.9997649193
0.9997309446
0.9998716712
0.9998733997
0.9998944998
0.9997227192
0.9998486042
0.9996844530
0.9995924234
0.9998426437
0.9998035431
0.9996948838
0.9998975396
0.9999020100
0.9996153712
0.9997834563
0.9998841286
0.9997804165
0.9998077750
0.9998736978
0.9997676611
0.9998984337
0.9998269677
0.9998782873
0.9998089075
0.9997930527
0.9999334812
0.9995759726
0.9998745918
0.9997740984
0.9998625517
0.9999124408
0.9997996092
0.9998783469
0.9998698831
0.9998613000
0.9995718002
0.9998576641
0.9998701811
0.9998382330
0.9997385144
0.9998993278
0.9999369383
0.9997928143
0.9998866916
0.9998663068
0.9999049306
0.9999392033
0.9998332262
0.9998186827
0.9999265671
0.9998849630
0.9998532534
0.9999120235
0.9998952150
0.9998854995
0.9999289513
0.9999243021
0.9998769164
0.9998876452
0.9997680783
0.9997692704
0.9998502731
0.9998627305
0.9998744726
0.9998877645
0.9998829365
0.9997231960
0.9998860359
0.9998130202
0.9999333024
0.9998556376
0.9997626543
0.9998422861
0.9997800589
0.9997668266
0.9999598861
0.9998682141
0.9998208880
0.9998631477
0.9997559786
0.9997912645
0.9998651743
0.9999177456
0.9996737242
0.9997754097
0.9997731447
0.9997934103
0.9997494221
0.9995452166
0.9996947050
0.9996281862
0.9997478724
0.9997981787
0.9997154474
0.9997638464
0.9998081326
0.9998120070
0.9998424649
0.9997817278
0.9999089241
0.9997930527
0.9998160601
0.9998815656
0.9998244047
0.9996743202
0.9998732805
0.9997946620
0.9997777343
0.9997733235
0.9997782707
0.9999368191
0.9998506308
0.9999058247
0.9997881651
0.9998425245
0.9998905659
0.9998966455
0.9997552633
0.9996378422
0.9996429682
0.9997849464
0.9998983741
0.9998019934
0.9997380376
0.9998592734
0.9997890592
0.9997854233
0.9997799397
0.9999037981
0.9998410940
0.9998643398
0.9998586774
0.9998177886
0.9997959137
0.9998553395
0.9998098016
0.9999260902
0.9998331070
0.9998733997
0.9997002482
0.9998165369
0.9999243021
0.9996874928
0.9998041391
0.9997885823
0.9997532368
0.9999235868
0.9997438192
0.9998861551
0.9998743534
0.9997630715
0.9998198748
0.9998357296
0.9997028112
0.9997746944
0.9998085499
0.9999145269
0.9999097586
0.9999145269
0.9998662472
0.9998437166
0.9998766184
0.9997379780
0.9998977184
0.9998083115
0.9998288751
0.9998833537
0.9998731613
0.9998812675
0.9998403788
0.9998388290
0.9998813868
0.9998686314
0.9998353720
0.9999094009
0.9997752905
0.9996267557
0.9999032021
0.9998437166
0.9998682141
0.9998819828
0.9998559952
0.9998178482
0.9998799562
0.9999094605
0.9997594357
0.9998003244
0.9998151660
0.9998661280
0.9999163151
0.9998812079
0.9998894930
0.9998819828
0.9998927712
0.9999178648
0.9998712540
0.9999034405
0.9997988343
0.9997289181
0.9998623729
0.9998663664
0.9998130798
0.9998515248
0.9999114871
0.9998828173
0.9999496937
0.9998839498
0.9998169541
0.9998399615
0.9999341369
0.9998815060
0.9998700619
0.9999454618
0.9999155998
0.9999259710
0.9998118877
0.9998371005
0.9998331070
0.9998242855
0.9997872114
0.9999169707
0.9998779893
0.9998558760
0.9998351336
0.9998075962
0.9997087717
0.9998949766
0.9997594953
0.9996918440
0.9999257922
0.9998048544
0.9998803139
0.9999524951
0.9998217821
0.9999160767
0.9998824596
0.9998140931
0.9999244213
0.9998426437
0.9999356866
0.9998704791
0.9998201132
0.9999359846
0.9998813868
0.9997550249
0.9999079704
0.9998652935
0.9999308586
0.9999231100
0.9998607635
0.9997491837
0.9998753071
0.9998317957
0.9998172522
0.9998999238
0.9998489022
0.9998321533
0.9998388290
0.9997153282
0.9998260140
0.9998784065
0.9998776317
0.9998728037
0.9998096228
0.9999386072
0.9999576211
0.9999109507
0.9999179244
0.9999278784
0.9999345541
0.9998980165
0.9998987913
0.9998877048
0.9998818636
0.9998930693
0.9999194145
0.9999157190
0.9998803139
0.9999328256
0.9998916388
0.9998230934
0.9998824596
0.9998680353
0.9998130798
0.9999513626
0.9998420477
0.9999177456
0.9999045134
0.9998276830
0.9998574853
0.9998685122
0.9999525547
0.9999232292
0.9999353886
0.9999451637
0.9998406172
0.9998949170
0.9999032021
0.9997397661
0.9998508096
0.9999430180
0.9998453856
0.9999373555
0.9998697042
0.9998888969
0.9999396801
0.9998885393
0.9999305010
0.9998200536
0.9998996258
0.9999489784
0.9999569058
0.9999480844
0.9999346733
0.9998354912
0.9998035431
0.9998903871
0.9999359846
0.9998543859
0.9998098612
0.9998915792
0.9998630285
0.9998932481
0.9999220371
0.9999547005
0.9999142885
0.9999274015
0.9998878837
0.9998568296
0.9998994470
0.9999094009
0.9998663068
0.9999500513
0.9998248816
0.9999306798
0.9999380708
0.9998743534
0.9999197721
0.9998762608
0.9999226928
0.9998714328
0.9999410510
0.9999359250
0.9999438524
0.9999518394
0.9999293089
0.9999162555
0.9999338984
0.9999082088
0.9999306202
0.9999144673
0.9999181032
0.9999536276
0.9998228550
0.9999054670
0.9999328852
0.9998303652
0.9999288321
0.9997860789
0.9999332428
0.9998717308
0.9999036789
0.9999083281
0.9998822212
0.9995833039
0.9999009371
0.9999248981
0.9999204874
0.9999282360
0.9998635650
0.9998831749
0.9998885393
0.9999297857
0.9999048710
0.9998249412
0.9999184608
0.9999375343
0.9999176264
0.9999228716
0.9998399019
0.9999281168
0.9998472929
0.9997752309
0.9999196529
0.9998018742
0.9998407960
0.9998456836
0.9998392463
0.9998739958
0.9998714924
0.9999095201
0.9998474121
0.9998975992
0.9999010563
0.9998037815
0.9999096394
0.9999597073
0.9999380708
0.9999600649
0.9998803735
0.9999008179
0.9999188185
0.9997846484
0.9997823238
0.9999445677
0.9998061657
0.9999096394
0.9999172688
0.9999060631
0.9999134541
0.9999276400
0.9998451471
0.9998815060
0.9999119043
0.9999220371
0.9999259710
0.9999006391
0.9999130964
0.9998897314
0.9998944998
0.9998377562
0.9999372363
0.9999119639
0.9999485016
0.9998563528
0.9998832941
0.9998752475
0.9998647571
0.9997930527
0.9999307394
0.9999493361
0.9999048710
0.9997868538
0.9998309612
0.9998717308
0.9998484850
0.9999296069
0.9999151230
0.9999316931
0.9998882413
0.9998870492
0.9999226332
0.9999026060
0.9999288321
0.9999157190
0.9998728037
0.9998869896
0.9998335242
0.9998085499
0.9998328090
0.9999499917
0.9997982979
0.9999454618
0.9998678565
0.9999036789
0.9997974634
0.9999470711
0.9999683499
0.9997452497
0.9998646975
0.9999147654
0.9999518394
0.9998940229
0.9999319911
0.9998581409
0.9999082088
0.9999222755
0.9999034405
0.9998912811
0.9997537136
0.9999037981
0.9998861551
0.9999163151
0.9998967648
0.9998050928
0.9996450543
0.9998927116
0.9997796416
0.9999061823
0.9999442101
0.9999457002
0.9999303222
0.9998899698
0.9999096394
0.9999889135
0.9999300241
0.9999179840
0.9999791980
0.9999717474
0.9999278188
0.9999566078
0.9999883175
0.9998725653
0.9998335838
0.9999605417
0.9999612570
0.9999926090
0.9999804497
0.9999656081
0.9999777079
0.9999376535
0.9999622703
0.9998779893
0.9999670982
0.9999426603
0.9998939037
0.9999351501
0.9999326468
0.9999544024
0.9999620914
0.9999830723
0.9999022484
0.9998787642
0.9999647737
0.9999542236
0.9999647737
0.9998500347
0.9999394417
0.9998543262
0.9997015595
0.9999492168
0.9999068379
0.9998177290
0.9999636412
0.9999680519
0.9998205900
0.9999160171
0.9999440312
0.9999335408
0.9999270439
0.9999490976
0.9999133348
0.9999607205
0.9999378920
0.9999494553
0.9999167323
0.9999194145
0.9999763370
0.9998059273
0.9999483824
0.9998684525
0.9999473095
0.9999680519
0.9999099970
0.9999637008
0.9999521375
0.9999425411
0.9997051954
0.9999541044
0.9999559522
0.9999270439
0.9998788834
0.9999660254
0.9999759197
0.9999100566
0.9999606609
0.9999492168
0.9999559522
0.9999829531
0.9999507070
0.9999229908
0.9999735355
0.9999482036
0.9999298453
0.9999713898
0.9999680519
0.9999530315
0.9999778867
0.9999796152
0.9999535084
0.9999622107
0.9998892546
0.9999104738
0.9999289513
0.9999363422
0.9999380112
0.9999496341
0.9999445677
0.9998773336
0.9999523759
0.9999096394
0.9999756813
0.9999549389
0.9998917580
0.9999484420
0.9998780489
0.9998813868
0.9999898672
0.9999463558
0.9999255538
0.9999448657
0.9998916388
0.9999070168
0.9999415874
0.9999800920
0.9998313189
0.9998723269
0.9998868704
0.9999263287
0.9998732805
0.9997737408
0.9998743534
0.9997824430
0.9998940229
0.9999265671
0.9998884797
0.9999001622
0.9999268055
0.9999429584
0.9999354482
0.9999067187
0.9999719262
0.9998951554
0.9999244213
0.9999384880
0.9999335408
0.9998552203
0.9999506474
0.9999107122
0.9999014139
0.9998985529
0.9999150038
0.9999796152
0.9999233484
0.9999693632
0.9999337196
0.9999403954
0.9999605417
0.9999670982
0.9998844862
0.9997777939
0.9998313189
0.9999213219
0.9999545813
0.9999248981
0.9998650551
0.9999500513
0.9999076128
0.9998985529
0.9999026060
0.9999653697
0.9999376535
0.9999554157
0.9999547005
0.9999406338
0.9999190569
0.9999373555
0.9999236465
0.9999756217
0.9999195933
0.9999486208
0.9998892546
0.9999222755
0.9999802113
0.9998432398
0.9999197721
0.9999058843
0.9998719692
0.9999763966
0.9998710155
0.9999661446
0.9999541044
0.9999020100
0.9999356866
0.9999128580
0.9998551011
0.9999114275
0.9999337196
0.9999728799
0.9999705553
0.9999715090
0.9999410510
0.9999418259
0.9999584556
0.9998748302
0.9999641180
0.9999285340
0.9999349117
0.9999688268
0.9999480247
0.9999606609
0.9999476671
0.9999203682
0.9999643564
0.9999554753
0.9999358654
0.9999659061
0.9999012947
0.9998389482
0.9999679923
0.9999512434
0.9999548197
0.9999389648
0.9999395609
0.9999132156
0.9999583960
0.9999752045
0.9999195933
0.9998996258
0.9999100566
0.9999630451
0.9999753237
0.9999586344
0.9999699593
0.9999679327
0.9999572039
0.9999705553
0.9999561310
0.9999724627
0.9999311566
0.9998893738
0.9999473691
0.9999541640
0.9999308586
0.9999467134
0.9999704361
0.9999508858
0.9999880791
0.9999634027
0.9999477863
0.9999384880
0.9999847412
0.9999586344
0.9999558926
0.9999856353
0.9999730587
0.9999771118
0.9999344349
0.9999477863
0.9999158382
0.9999490976
0.9998972416
0.9999750853
0.9999521971
0.9999532700
0.9999362230
0.9999053478
0.9998638630
0.9999760389
0.9998821616
0.9998478889
0.9999784231
0.9999222159
0.9999459982
0.9999879003
0.9999328852
0.9999781251
0.9999566078
0.9999281168
0.9999806881
0.9999380112
0.9999790192
0.9999502897
0.9999412894
0.9999742508
0.9999576807
0.9998822212
0.9999704361
0.9999489188
0.9999791980
0.9999736547
0.9999600649
0.9998682737
0.9999620914
0.9999362230
0.9999397397
0.9999710917
0.9999331832
0.9999306798
0.9999452829
0.9998884797
0.9999362230
0.9999598265
0.9999517202
0.9999506474
0.9999207258
0.9999796152
0.9999904633
0.9999725819
0.9999805689
0.9999787211
0.9999796748
0.9999700785
0.9999663830
0.9999561310
0.9999538660
0.9999612570
0.9999798536
0.9999781251
0.9999653697
0.9999839067
0.9999549389
0.9999263287
0.9999634027
0.9999431968
0.9999239445
0.9999866486
0.9999521375
0.9999744892
0.9999712706
0.9999527931
0.9999587536
0.9999643564
0.9999887943
0.9999739528
0.9999846220
0.9999848604
0.9999437332
0.9999678135
0.9999649525
0.9998286963
0.9999561310
0.9999840260
0.9999535084
0.9999786615
0.9999510050
0.9999681711
0.9999767542
0.9999657869
0.9999697804
0.9999337196
0.9999767542
0.9999815226
0.9999892712
0.9999883771
0.9999848604
0.9999413490
0.9999176264
0.9999661446
0.9999834895
0.9999541044
0.9999024272
0.9999655485
0.9999548197
0.9999650717
0.9999729395
0.9999892712
0.9999746084
0.9999805689
0.9999617934
0.9999527335
0.9999735355
0.9999799132
0.9999467134
0.9999889135
0.9999427795
0.9999771118
0.9999858141
0.9999542832
0.9999784827
0.9999538064
0.9999750257
0.9999527931
0.9999844432
0.9999759793
0.9999874234
0.9999880791
0.9999839067
0.9999796152
0.9999822974
0.9999690652
0.9999852180
0.9999777675
0.9999763966
0.9999877214
0.9999474883
0.9999735355
0.9999790192
0.9999169111
0.9999775290
0.9999082088
0.9999817610
0.9999564290
0.9999712706
0.9999740720
0.9999551177
0.9998097420
0.9999774694
0.9999794960
0.9999678135
0.9999836087
0.9999513626
0.9999531507
0.9999579191
0.9999787807
0.9999703169
0.9999361038
0.9999819398
0.9999829531
0.9999735355
0.9999803901
0.9999347925
0.9999778271
0.9999585152
0.9999138117
0.9999741316
0.9998788238
0.9999457002
0.9999483228
0.9999363422
0.9999510050
0.9999558926
0.9999727011
0.9999458790
0.9999589920
0.9999678135
0.9999309778
0.9999707937
0.9999897480
0.9999812841
0.9999893904
0.9999617338
0.9999636412
0.9999670386
0.9999006987
0.9999109507
0.9999862909
0.9999328852
0.9999716282
0.9999780655
0.9999713302
0.9999719858
0.9999797344
0.9999455810
0.9999453425
0.9999737144
0.9999781847
0.9999743104
0.9999593496
0.9999600649
0.9999680519
0.9999620914
0.9999301434
0.9999823570
0.9999687672
0.9999864101
0.9999390244
0.9999487996
0.9999470115
0.9999517202
0.9999034405
0.9999808669
0.9999870658
0.9999651909
0.9999186993
0.9999444485
0.9999494553
0.9999536276
0.9999773502
0.9999723434
0.9999862909
0.9999637008
0.9999635220
0.9999755621
0.9999530911
0.9999781847
0.9999753237
0.9999538660
0.9999679327
0.9999408722
0.9998986721
0.9999372959
0.9999829531
0.9999088049
0.9999901056
0.9999387264
0.9999676347
0.9999023676
0.9999858141
0.9999924898
0.9999067187
0.9999601245
0.9999780655
0.9999853373
0.9999569058
0.9999749064
0.9999508262
0.9999698400
0.9999755025
0.9999725819
0.9999626279
0.9998989105
0.9999716282
0.9999389052
0.9999684095
0.9999696016
0.9999243021
0.9998162389
0.9999598265
0.9999169111
0.9999703169
0.9999827743
0.9999028444
0.9998787642
0.9998492002
0.9998581409
0.9999766350
0.9999299645
0.9998774529
0.9999686480
0.9999258518
0.9999136925
0.9999250174
0.9999779463
0.9998918772
0.9997671843
0.9999513626
0.9999483228
0.9999833107
0.9999461174
0.9999476671
0.9999553561
0.9998958111
0.9999330044
0.9999039173
0.9999458790
0.9999260306
0.9998724461
0.9999102354
0.9998961091
0.9999493361
0.9999281168
0.9999656677
0.9998589754
0.9998329878
0.9999263287
0.9999313951
0.9999479055
0.9998267889
0.9999059439
0.9997910261
0.9997829199
0.9998711348
0.9998885393
0.9998216629
0.9999426007
0.9999213815
0.9997481108
0.9998892546
0.9999345541
0.9998922348
0.9998646975
0.9999293089
0.9998722672
0.9999406934
0.9998828173
0.9999146461
0.9998821020
0.9998781681
0.9999635220
0.9997094870
0.9999229908
0.9998590946
0.9999029636
0.9999443889
0.9998526573
0.9999291897
0.9999289513
0.9999357462
0.9997161627
0.9999017715
0.9999195933
0.9999068379
0.9998061061
0.9999376535
0.9999549389
0.9998719096
0.9999264479
0.9999163151
0.9999397993
0.9999614954
0.9998662472
0.9998800755
0.9999544621
0.9999243021
0.9998952150
0.9999459386
0.9999425411
0.9999431372
0.9999541044
0.9999589324
0.9999092817
0.9999394417
0.9998481870
0.9998493791
0.9999319315
0.9999097586
0.9999159575
0.9999324083
0.9999274015
0.9997717738
0.9999262094
0.9998966455
0.9999697804
0.9999041557
0.9998531938
0.9998970032
0.9998637438
0.9998548031
0.9999738932
0.9999372959
0.9998621941
0.9999300241
0.9998402596
0.9998629093
0.9999172091
0.9999558926
0.9998139143
0.9998589158
0.9998732805
0.9998862743
0.9998606443
0.9996774197
0.9998416901
0.9997754097
0.9998333454
0.9998970628
0.9998524189
0.9998772144
0.9998841286
0.9998759031
0.9999049902
0.9998617172
0.9999532700
0.9998810291
0.9998856783
0.9999209642
0.9999076724
0.9998055696
0.9999328852
0.9998784661
0.9998603463
0.9998756647
0.9998539686
0.9999620318
0.9999145269
0.9999498129
0.9998407364
0.9998880625
0.9999022484
0.9999385476
0.9998592138
0.9997652769
0.9997769594
0.9998409748
0.9999330044
0.9998799562
0.9998159409
0.9999225140
0.9998704195
0.9998846054
0.9998541474
0.9999445677
0.9999110699
0.9999297261
0.9999152422
0.9998669624
0.9998757839
0.9999036789
0.9998737574
0.9999582767
0.9998694658
0.9999432564
0.9998476505
0.9998895526
0.9999566674
0.9997807145
0.9998736382
0.9998292923
0.9998620152
0.9999535084
0.9997986555
0.9999256730
0.9999164343
0.9998366833
0.9999113083
0.9998892546
0.9998316765
0.9998495579
0.9998639822
0.9999513626
0.9999285936
0.9999495149
0.9999409914
0.9999072552
0.9999085665
0.9998231530
0.9999246597
0.9998610020
0.9998927116
0.9999328852
0.9999150038
0.9999297857
0.9999176264
0.9998678565
0.9999396801
0.9999262094
0.9998893738
0.9999446273
0.9998643994
0.9997479916
0.9999473095
0.9998986721
0.9999336004
0.9999408722
0.9999142885
0.9998781681
0.9999338388
0.9999510050
0.9998203516
0.9998857975
0.9998874068
0.9999194145
0.9999413490
0.9999315739
0.9999333024
0.9999246597
0.9999353886
0.9999607801
0.9999320507
0.9999420047
0.9998701811
0.9998192787
0.9999225140
0.9999251962
0.9998791218
0.9999004602
0.9999395609
0.9999322295
0.9999700785
0.9999274611
0.9998860955
0.9998922348
0.9999627471
0.9999439716
0.9999282956
0.9999601841
0.9999591112
0.9999676943
0.9999102950
0.9998888969
0.9999047518
0.9998806715
0.9998751283
0.9999525547
0.9999327064
0.9999285340
0.9998954535
0.9998642206
0.9998369217
0.9999322891
0.9998594522
0.9998105168
0.9999467134
0.9998807311
0.9999166131
0.9999713898
0.9998824000
0.9999459982
0.9999300241
0.9998903275
0.9999653101
0.9999042749
0.9999657869
0.9999139905
0.9998901486
0.9999675751
0.9998993874
0.9998667240
0.9999544024
0.9999108315
0.9999643564
0.9999564886
0.9999240637
0.9998166561
0.9999371767
0.9998883009
0.9998611808
0.9999457598
0.9999129772
0.9999002218
0.9999169111
0.9998036027
0.9999004602
0.9999200106
0.9999151230
0.9999402761
0.9998816252
0.9999574423
0.9999798536
0.9999586344
0.9999428988
0.9999616146
0.9999600649
0.9999287128
0.9999252558
0.9999240041
0.9999213219
0.9999397993
0.9999495149
0.9999494553
0.9999159575
0.9999576807
0.9999319911
0.9998946190
0.9999322891
0.9999190569
0.9998781681
0.9999669790
0.9998941422
0.9999535084
0.9999231696
0.9999048710
0.9999101162
0.9999122620
0.9999765158
0.9999628067
0.9999563098
0.9999669790
0.9999123216
0.9999283552
0.9999448061
0.9997866154
0.9999189973
0.9999645948
0.9999248981
0.9999619722
0.9999312162
0.9999289513
0.9999716282
0.9999288321
0.9999572635
0.9998610020
0.9999371767
0.9999743700
0.9999762774
0.9999731779
0.9999628067
0.9999006391
0.9998498559
0.9999366999
0.9999715090
0.9999135137
0.9998854399
0.9999400973
0.9999172688
0.9999407530
0.9999504089
0.9999738932
0.9999591112
0.9999669194
0.9999327660
0.9999037385
0.9999442697
0.9999534488
0.9999195337
0.9999604225
0.9999027252
0.9999573231
0.9999612570
0.9999395609
0.9999501705
0.9999103546
0.9999591112
0.9999122620
0.9999655485
0.9999662638
0.9999712110
0.9999715686
0.9999562502
0.9999390841
0.9999560118
0.9999469519
0.9999679327
0.9999396801
0.9999511838
0.9999723434
0.9998824596
0.9999514818
0.9999656081
0.9999111891
0.9999647141
0.9998931885
0.9999603033
0.9999349117
0.9999343157
0.9999428391
0.9999338388
0.9998235703
0.9999480247
0.9999694228
0.9999560118
0.9999576807
0.9999328852
0.9999418259
0.9999433756
0.9999641180
0.9999485016
0.9998829961
0.9999555945
0.9999673963
0.9999573231
0.9999469519
0.9999110699
0.9999526739
0.9999347329
0.9998700619
0.9999552965
0.9998841286
0.9999150038
0.9999139309
0.9999070168
0.9999439120
0.9999080896
0.9999523163
0.9999204278
0.9999472499
0.9999539256
0.9999039173
0.9999418259
0.9999835491
0.9999650717
0.9999819994
0.9999232292
0.9999269247
0.9999482632
0.9998884797
0.9998843670
0.9999660254
0.9999164343
0.9999450445
0.9999593496
0.9999517202
0.9999544621
0.9999474287
0.9999033213
0.9999405146
0.9999572635
0.9999656081
0.9999513626
0.9999415874
0.9999489188
0.9999219179
0.9999473095
0.9999154806
0.9999707937
0.9999498129
0.9999688864
0.9999114275
0.9999414682
0.9999393821
0.9999428391
0.9998705983
0.9999721646
0.9999753237
0.9999330044
0.9998472929
0.9998895526
0.9999206066
0.9999265671
0.9999666810
0.9999437332
0.9999495149
0.9999343753
0.9999456406
0.9999533892
0.9999473095
0.9999616146
0.9999526739
0.9999219179
0.9999381900
0.9998987913
0.9998801351
0.9999048710
0.9999706745
0.9998750091
0.9999724627
0.9999324083
0.9999489188
0.9998923540
0.9999647737
0.9999806881
0.9998372793
0.9998996854
0.9999501109
0.9999766350
0.9999465942
0.9999569654
0.9999213219
0.9999550581
0.9999569654
0.9999494553
0.9999390841
0.9998579025
0.9999421239
0.9999385476
0.9999534488
0.9999452829
0.9998565912
0.9997966290
0.9999290705
0.9998546839
0.9999359846
0.9999682903
0.9996705651
0.9995628595
0.9997621179
0.9996737242
0.9996829033
0.9997547269
0.9995785356
0.9997450113
0.9997041225
0.9995231628
0.9996134043
0.9998011589
0.9994887114
0.9995441437
0.9993246198
0.9994252920
0.9997753501
0.9996869564
0.9997625947
0.9994304776
0.9995778799
0.9992644191
0.9997968674
0.9996665716
0.9998649359
0.9996978045
0.9996469021
0.9996070862
0.9998511076
0.9997546673
0.9998104572
0.9995684028
0.9995266199
0.9995738268
0.9995654821
0.9998617172
0.9996043444
0.9997960925
0.9997010231
0.9996085167
0.9997718930
0.9997217655
0.9996989965
0.9997515678
0.9996857643
0.9992833138
0.9997871518
0.9997934699
0.9993889332
0.9993954301
0.9995145798
0.9990816116
0.9991649985
0.9989290833
0.9996296167
0.9992222786
0.9990353584
0.9996830225
0.9994739294
0.9991104007
0.9990761280
0.9993966818
0.9995722771
0.9989989400
0.9994367957
0.9992978573
0.9993413091
0.9996572733
0.9992101192
0.9993535280
0.9996356964
0.9993000031
0.9992578030
0.9990593791
0.9991864562
0.9990706444
0.9993407726
0.9991673231
0.9992756844
0.9994536042
0.9985414743
0.9994593263
0.9996218085
0.9990848303
0.9994642735
0.9991906881
0.9995753765
0.9994987249
0.9995456934
0.9993294477
0.9995034933
0.9989950657
0.9982972741
0.9991345406
0.9989680648
0.9990203977
0.9994207621
0.9991507530
0.9993848801
0.9988362193
0.9995199442
0.9994095564
0.9994225502
0.9994656444
0.9990872145
0.9985100031
0.9984021783
0.9996811152
0.9997985363
0.9995311499
0.9987946749
0.9994362593
0.9983260036
0.9994690418
0.9993017912
0.9992238283
0.9996728897
0.9994704723
0.9993964434
0.9991847277
0.9988005161
0.9983769655
0.9986169338
0.9996492863
0.9989937544
0.9989935160
0.9994677305
0.9989894629
0.9994761944
0.9986245632
0.9989893436
0.9995759130
0.9993391037
0.9993047714
0.9991905689
0.9994117022
0.9979921579
0.9992018938
0.9993830323
0.9992394447
0.9993060827
0.9996685982
0.9987521768
0.9993652105
0.9987052083
0.9987623096
0.9986528158
0.9996290207
0.9995977879
0.9987599254
0.9995958805
0.9984954596
0.9981193542
0.9993845820
0.9985845685
0.9992140532
0.9986675978
0.9990936518
0.9998003244
0.9995012879
0.9990898371
0.9998090267
0.9988322258
0.9992787242
0.9994834661
0.9986898899
0.9992194176
0.9988700151
0.9994485378
0.9984066486
0.9989460111
0.9990569353
0.9985049367
0.9988532066
0.9995375872
0.9991886020
0.9991936088
0.9995700717
0.9989659190
0.9994859695
0.9990730882
0.9993503094
0.9986765385
0.9980821609
0.9980964661
0.9993543625
0.9989761114
0.9991066456
0.9991415739
0.9992315173
0.9991954565
0.9996954203
0.9989332557
0.9990388155
0.9993850589
0.9996727705
0.9995561242
0.9993897676
0.9996463060
0.9991935492
0.9991770983
0.9992246032
0.9990165234
0.9996019006
0.9992970228
0.9993522167
0.9996498823
0.9993191957
0.9994199276
0.9993872643
0.9988462925
0.9997171164
0.9996060729
0.9991618395
0.9995756149
0.9987951517
0.9989607334
0.9995876551
0.9997105598
0.9983161092
0.9991123080
0.9993481636
0.9990360141
0.9993931055
0.9987973571
0.9991292357
0.9981324077
0.9989372492
0.9986767173
0.9988659620
0.9991872311
0.9989706278
0.9987584352
0.9991816282
0.9987767935
0.9992209673
0.9995724559
0.9987809658
0.9988943338
0.9996003509
0.9992523193
0.9995645881
0.9995558262
0.9992568493
0.9995738268
0.9995224476
0.9991087317
0.9990081787
0.9987534285
0.9993889928
0.9983309507
0.9997923374
0.9992424846
0.9995634556
0.9995630980
0.9992606640
0.9992184639
0.9992740154
0.9994065166
0.9991465807
0.9989367723
0.9993768930
0.9990773201
0.9996739030
0.9996414185
0.9987540245
0.9994654655
0.9994558096
0.9991519451
0.9993252754
0.9990273714
0.9995704889
0.9991142750
0.9994574785
0.9990643263
0.9997136593
0.9993532896
0.9991190434
0.9993883967
0.9994763136
0.9995381832
0.9993441105
0.9988898039
0.9994360209
0.9996246099
0.9993061423
0.9995735884
0.9995338917
0.9993230104
0.9989476204
0.9989902973
0.9990713596
0.9992107153
0.9993064404
0.9995276928
0.9998577833
0.9994429350
0.9994891882
0.9996951818
0.9994511604
0.9995529056
0.9997204542
0.9993283749
0.9994463921
0.9995956421
0.9998339415
0.9996153116
0.9998294711
0.9997447729
0.9995917082
0.9998434186
0.9998019338
0.9996478558
0.9995144606
0.9995943308
0.9996308088
0.9996145964
0.9997001886
0.9995266199
0.9998139739
0.9997531176
0.9995275736
0.9997425079
0.9998760223
0.9997176528
0.9995598793
0.9995490313
0.9995586276
0.9998036027
0.9996657372
0.9994276166
0.9996401072
0.9996346831
0.9996049404
0.9996906519
0.9998178482
0.9996573925
0.9996068478
0.9997332096
0.9996719956
0.9997203350
0.9994954467
0.9997386932
0.9998511076
0.9997767210
0.9997845888
0.9996898174
0.9996033907
0.9997432232
0.9997299314
0.9996960163
0.9996515512
0.9997265935
0.9996705055
0.9996448755
0.9997755885
0.9998278618
0.9997904301
0.9998658299
0.9997776747
0.9997608662
0.9998358488
0.9997918010
0.9996748567
0.9998508692
0.9997772574
0.9997808933
0.9997158051
0.9998316765
0.9997770786
0.9996733665
0.9999333620
0.9997870922
0.9998376369
0.9997732639
0.9997186661
0.9998557568
0.9998140335
0.9999026060
0.9999112487
0.9998959303
0.9998738766
0.9997435212
0.9997503757
0.9998794198
0.9996790886
0.9997814894
0.9998896122
0.9997273684
0.9998795986
0.9998366833
0.9998606443
0.9998762608
0.9997618198
0.9998256564
0.9996888041
0.9996146560
0.9997842312
0.9998519421
0.9998658895
0.9997563958
0.9997004271
0.9998794794
0.9998086095
0.9997739792
0.9998336434
0.9996333718
0.9997931719
0.9998390675
0.9998790026
0.9998187423
0.9995634556
0.9998621345
0.9997234941
0.9998384714
0.9997866154
0.9994593859
0.9998379946
0.9998325109
0.9996820688
0.9997113943
0.9998493195
0.9998604059
0.9996858835
0.9998024702
0.9997825623
0.9998436570
0.9997414351
0.9998871684
0.9998271465
0.9999661446
0.9997108579
0.9998767376
0.9996864200
0.9995694757
0.9998342991
0.9998995066
0.9997595549
0.9998791218
0.9997646809
0.9997909069
0.9998602867
0.9998755455
0.9998281002
0.9998193383
0.9998415709
0.9999068379
0.9998497963
0.9997892380
0.9998313189
0.9998435974
0.9997469783
0.9998718500
0.9998202324
0.9997395873
0.9996808171
0.9997787476
0.9998599291
0.9997874498
0.9999423027
0.9997912645
0.9998867512
0.9997109175
0.9997804165
0.9998267889
0.9997855425
0.9995813966
0.9997082949
0.9994479418
0.9998247027
0.9997607470
0.9998863339
0.9997662306
0.9998583198
0.9998543262
0.9998505116
0.9997792244
0.9997849464
0.9999088049
0.9997358322
0.9998030663
0.9998396039
0.9999315143
0.9996821880
0.9998683929
0.9997977614
0.9997813702
0.9997444749
0.9996101856
0.9998714328
0.9994716048
0.9998061061
0.9997098446
0.9998100400
0.9998283386
0.9997994304
0.9998990297
0.9998384714
0.9998962879
0.9999076128
0.9998317957
0.9997103214
0.9997061491
0.9998006821
0.9997152090
0.9998514652
0.9997318387
0.9998098612
0.9997496605
0.9998490810
0.9998593330
0.9998678565
0.9998848438
0.9998557568
0.9998061061
0.9998229742
0.9999736547
0.9999117851
0.9998543262
0.9999607801
0.9999234676
0.9998870492
0.9999078512
0.9999752045
0.9998584390
0.9996967912
0.9999485016
0.9999408722
0.9999827147
0.9999473095
0.9999369383
0.9999561310
0.9998761415
0.9999275208
0.9998435378
0.9999381900
0.9998974800
0.9998447895
0.9998908639
0.9998704195
0.9999325275
0.9999063611
0.9999562502
0.9998413324
0.9998077154
0.9999213219
0.9999106526
0.9999281168
0.9997631311
0.9998714924
0.9997266531
0.9996697307
0.9998497963
0.9998582602
0.9997597337
0.9999315739
0.9999164343
0.9997045994
0.9998408556
0.9999205470
0.9998716116
0.9998488426
0.9999201894
0.9998446107
0.9999369383
0.9998897314
0.9999007583
0.9998631477
0.9998574257
0.9999589920
0.9996269345
0.9999165535
0.9998347163
0.9998956919
0.9999399781
0.9998399615
0.9999296069
0.9999180436
0.9999321699
0.9996100664
0.9998986721
0.9999063611
0.9998803139
0.9997875690
0.9999354482
0.9999526739
0.9998520017
0.9999206066
0.9999142885
0.9999334812
0.9999628067
0.9998607635
0.9998778701
0.9999531507
0.9999154210
0.9998929501
0.9999404550
0.9999467134
0.9999303818
0.9999494553
0.9999533296
0.9999071360
0.9999223351
0.9998165965
0.9998290539
0.9999138713
0.9998995066
0.9999197721
0.9999200106
0.9999193549
0.9997624755
0.9999179840
0.9998738766
0.9999626875
0.9998976588
0.9998328686
0.9998861551
0.9998437166
0.9998511672
0.9999742508
0.9999108315
0.9998595119
0.9999243021
0.9998134375
0.9998565912
0.9999043345
0.9999533892
0.9997720122
0.9998380542
0.9998427033
0.9998563528
0.9998255968
0.9996541142
0.9998244047
0.9997371435
0.9997920990
0.9998779893
0.9998236895
0.9998486042
0.9998722672
0.9998641014
0.9998915195
0.9998481274
0.9999446869
0.9998511076
0.9998679161
0.9999161959
0.9998952150
0.9997711182
0.9999295473
0.9998512268
0.9998453856
0.9998483658
0.9998198748
0.9999636412
0.9999074936
0.9999498129
0.9998487830
0.9998906255
0.9999055266
0.9999319911
0.9998406768
0.9996963739
0.9997354746
0.9998501539
0.9999244213
0.9998722672
0.9997798800
0.9999188185
0.9998627901
0.9998423457
0.9998286963
0.9999397993
0.9998898506
0.9999195337
0.9999099970
0.9998582602
0.9998524785
0.9999019504
0.9998694658
0.9999536276
0.9998604059
0.9999280572
0.9998251200
0.9998811483
0.9999597073
0.9997400045
0.9998525381
0.9998421669
0.9998019934
0.9999541044
0.9997592568
0.9999229312
0.9999142885
0.9998449087
0.9998983741
0.9998866320
0.9997987747
0.9998478293
0.9998587370
0.9999495149
0.9999341369
0.9999444485
0.9999236465
0.9998994470
0.9999178648
0.9998115301
0.9999192953
0.9998488426
0.9998828769
0.9999198914
0.9999172688
0.9999282360
0.9999117851
0.9998568296
0.9999271631
0.9999154806
0.9998798370
0.9999339581
0.9998477697
0.9997259378
0.9999412298
0.9998990297
0.9999223948
0.9999210835
0.9999080896
0.9998593330
0.9999257326
0.9999521375
0.9997854233
0.9998544455
0.9998944998
0.9999142885
0.9999428988
0.9999178648
0.9999278784
0.9999321699
0.9999334812
0.9999612570
0.9999351501
0.9999487400
0.9998646975
0.9998054504
0.9999120235
0.9999186993
0.9998646975
0.9998912811
0.9999406934
0.9999246597
0.9999721050
0.9999226332
0.9998851418
0.9998905659
0.9999588728
0.9999295473
0.9999287128
0.9999592304
0.9999561310
0.9999650121
0.9999032617
0.9998910427
0.9998912811
0.9998921752
0.9998300076
0.9999517202
0.9999235272
0.9999217391
0.9998848438
0.9998496771
0.9998015165
0.9999325275
0.9998246431
0.9997846484
0.9999499321
0.9998690486
0.9999126196
0.9999721646
0.9998717904
0.9999461174
0.9999187589
0.9998805523
0.9999636412
0.9998969436
0.9999620914
0.9999102354
0.9998747706
0.9999655485
0.9998785853
0.9998338819
0.9999514818
0.9999051094
0.9999603033
0.9999529719
0.9999154806
0.9998071194
0.9999248981
0.9998745322
0.9998626709
0.9999388456
0.9999037981
0.9998886585
0.9999068975
0.9997980595
0.9998911619
0.9999226332
0.9999078512
0.9999291897
0.9998418689
0.9999603033
0.9999769926
0.9999492168
0.9999415874
0.9999581575
0.9999598265
0.9999269247
0.9999258518
0.9999214411
0.9998955727
0.9999330044
0.9999390244
0.9999456406
0.9999144673
0.9999512434
0.9999159575
0.9998825788
0.9999288321
0.9999105334
0.9998466969
0.9999688864
0.9998720884
0.9999505281
0.9999207854
0.9998900294
0.9998957515
0.9999084473
0.9999716282
0.9999567866
0.9999557137
0.9999669194
0.9998961091
0.9999209642
0.9999359846
0.9997690916
0.9999040365
0.9999616146
0.9999135733
0.9999575615
0.9999073744
0.9999272823
0.9999662638
0.9999110699
0.9999554157
0.9998455644
0.9999381304
0.9999711514
0.9999729395
0.9999674559
0.9999569654
0.9998804927
0.9998411536
0.9999259710
0.9999676943
0.9998922348
0.9998588562
0.9999296665
0.9999122024
0.9999312758
0.9999433756
0.9999712110
0.9999517202
0.9999569654
0.9999247789
0.9998884797
0.9999309182
0.9999450445
0.9999009967
0.9999618530
0.9998803735
0.9999525547
0.9999568462
0.9999141693
0.9999446869
0.9998947382
0.9999439716
0.9998993874
0.9999637008
0.9999581575
0.9999688864
0.9999693632
0.9999507070
0.9999269247
0.9999435544
0.9999303818
0.9999605417
0.9999390841
0.9999496341
0.9999703765
0.9998686314
0.9999448657
0.9999554157
0.9998847246
0.9999550581
0.9998460412
0.9999537468
0.9999068975
0.9999312162
0.9999307394
0.9999209046
0.9997425079
0.9999389648
0.9999554157
0.9999423623
0.9999525547
0.9999154806
0.9999259114
0.9999238253
0.9999588728
0.9999331236
0.9998769760
0.9999471903
0.9999582767
0.9999408722
0.9999439716
0.9998943210
0.9999469519
0.9999092221
0.9998269081
0.9999499321
0.9998524785
0.9998925924
0.9998899698
0.9998787642
0.9999242425
0.9998879433
0.9999424815
0.9998949170
0.9999368787
0.9999406934
0.9998649359
0.9999357462
0.9999793768
0.9999547601
0.9999741316
0.9999132752
0.9999123812
0.9999426603
0.9998582006
0.9998246431
0.9999588728
0.9998893738
0.9999337792
0.9999488592
0.9999427795
0.9999409914
0.9999431968
0.9998789430
0.9999188185
0.9999426603
0.9999519587
0.9999433756
0.9999297261
0.9999392629
0.9999095201
0.9999316931
0.9998764992
0.9999617338
0.9999385476
0.9999651909
0.9998871684
0.9999234676
0.9999191761
0.9999092817
0.9998327494
0.9999600649
0.9999720454
0.9999150634
0.9997957945
0.9998742342
0.9999082088
0.9999052882
0.9999601841
0.9999279976
0.9999514818
0.9999138117
0.9999262094
0.9999427795
0.9999303222
0.9999530315
0.9999460578
0.9999083281
0.9999146461
0.9998712540
0.9998445511
0.9998650551
0.9999616146
0.9998316765
0.9999664426
0.9999069571
0.9999352694
0.9998635054
0.9999646544
0.9999784231
0.9998074770
0.9998910427
0.9999443293
0.9999728203
0.9999263287
0.9999495745
0.9998869896
0.9999417067
0.9999493361
0.9999339581
0.9999204874
0.9998120666
0.9999301434
0.9999184608
0.9999433756
0.9999234676
0.9998396039
0.9997155666
0.9999219179
0.9997956753
0.9999238849
0.9999622107
0.9999560714
0.9999376535
0.9999094009
0.9999182224
0.9999904633
0.9999380708
0.9999326468
0.9999811649
0.9999780059
0.9999365211
0.9999624491
0.9999901056
0.9998892546
0.9998521805
0.9999660850
0.9999650717
0.9999938011
0.9999830723
0.9999717474
0.9999808073
0.9999465942
0.9999684095
0.9998911023
0.9999724030
0.9999497533
0.9998987317
0.9999450445
0.9999423027
0.9999589920
0.9999673963
0.9999853373
0.9999191761
0.9998940229
0.9999684095
0.9999607801
0.9999692440
0.9998590946
0.9999457598
0.9998756647
0.9997418523
0.9999568462
0.9999185205
0.9998419285
0.9999706149
0.9999735355
0.9998514056
0.9999262691
0.9999514818
0.9999442101
0.9999376535
0.9999564290
0.9999241829
0.9999635220
0.9999464750
0.9999576807
0.9999322295
0.9999270439
0.9999803305
0.9998427629
0.9999554157
0.9998793006
0.9999555349
0.9999737740
0.9999201298
0.9999690056
0.9999580383
0.9999479651
0.9997423887
0.9999601841
0.9999610186
0.9999381304
0.9999009371
0.9999722242
0.9999786615
0.9999216199
0.9999668598
0.9999554753
0.9999607801
0.9999855757
0.9999600649
0.9999330044
0.9999765158
0.9999563694
0.9999394417
0.9999738932
0.9999699593
0.9999595881
0.9999802709
0.9999828339
0.9999603033
0.9999647737
0.9999005795
0.9999221563
0.9999380112
0.9999438524
0.9999459982
0.9999542236
0.9999518991
0.9999005198
0.9999591708
0.9999213815
0.9999792576
0.9999613762
0.9999031425
0.9999557137
0.9998843670
0.9998934269
0.9999915957
0.9999556541
0.9999394417
0.9999500513
0.9999054074
0.9999157190
0.9999467134
0.9999825954
0.9998588562
0.9998835325
0.9999035597
0.9999355078
0.9998914599
0.9998056889
0.9998906851
0.9998046756
0.9999028444
0.9999349713
0.9999003410
0.9999101162
0.9999357462
0.9999504089
0.9999392033
0.9999207258
0.9999756813
0.9999090433
0.9999327660
0.9999511242
0.9999386668
0.9998744726
0.9999541640
0.9999199510
0.9999127984
0.9999107122
0.9999297261
0.9999824762
0.9999305010
0.9999729395
0.9999428988
0.9999477863
0.9999679327
0.9999734163
0.9998984933
0.9998182058
0.9998527765
0.9999347925
0.9999580383
0.9999374151
0.9998813868
0.9999583960
0.9999154210
0.9999129772
0.9999160171
0.9999699593
0.9999455214
0.9999613762
0.9999617338
0.9999461174
0.9999300241
0.9999465942
0.9999362230
0.9999787807
0.9999300838
0.9999557734
0.9999015331
0.9999331236
0.9999822378
0.9998692870
0.9999324679
0.9999173880
0.9998859167
0.9999796152
0.9998898506
0.9999709129
0.9999607205
0.9999154806
0.9999431968
0.9999260902
0.9998729229
0.9999280572
0.9999446869
0.9999756813
0.9999750853
0.9999747276
0.9999496937
0.9999489188
0.9999624491
0.9998857379
0.9999712706
0.9999421835
0.9999456406
0.9999741912
0.9999532700
0.9999636412
0.9999557734
0.9999285936
0.9999690652
0.9999624491
0.9999448061
0.9999692440
0.9999189377
0.9998683333
0.9999725819
0.9999591112
0.9999595284
0.9999449849
0.9999464154
0.9999268055
0.9999637604
0.9999772310
0.9999318719
0.9999120235
0.9999234676
0.9999687076
0.9999784231
0.9999637604
0.9999722242
0.9999716282
0.9999627471
0.9999737144
0.9999620318
0.9999754429
0.9999421239
0.9999020100
0.9999525547
0.9999579191
0.9999365807
0.9999539852
0.9999725819
0.9999576807
0.9999893904
0.9999681711
0.9999539852
0.9999492168
0.9999862313
0.9999625087
0.9999608994
0.9999883175
0.9999758601
0.9999791384
0.9999414682
0.9999547601
0.9999268055
0.9999555349
0.9999128580
0.9999774694
0.9999597073
0.9999602437
0.9999457598
0.9999172688
0.9998755455
0.9999779463
0.9998925924
0.9998658895
0.9999827147
0.9999296665
0.9999537468
0.9999893904
0.9999413490
0.9999810457
0.9999634027
0.9999388456
0.9999830723
0.9999452829
0.9999824166
0.9999551773
0.9999492168
0.9999777079
0.9999643564
0.9998931289
0.9999742508
0.9999581575
0.9999812841
0.9999779463
0.9999645948
0.9998809695
0.9999694824
0.9999475479
0.9999496937
0.9999743104
0.9999403358
0.9999408722
0.9999502897
0.9999014139
0.9999401569
0.9999661446
0.9999575019
0.9999585748
0.9999301434
0.9999819994
0.9999914169
0.9999749064
0.9999840856
0.9999824166
0.9999827147
0.9999734759
0.9999700189
0.9999612570
0.9999591112
0.9999663830
0.9999834299
0.9999808073
0.9999715686
0.9999864101
0.9999620914
0.9999359846
0.9999703169
0.9999499321
0.9999334812
0.9999889135
0.9999588728
0.9999769926
0.9999752045
0.9999599457
0.9999657869
0.9999698400
0.9999904037
0.9999769330
0.9999866486
0.9999868870
0.9999501705
0.9999740720
0.9999713898
0.9998476505
0.9999617934
0.9999862909
0.9999592304
0.9999820590
0.9999583960
0.9999740720
0.9999800920
0.9999730587
0.9999737740
0.9999452829
0.9999802113
0.9999835491
0.9999904633
0.9999899864
0.9999868870
0.9999523163
0.9999330640
0.9999712706
0.9999870062
0.9999622107
0.9999157190
0.9999694824
0.9999605417
0.9999711514
0.9999771118
0.9999911785
0.9999783635
0.9999825954
0.9999676347
0.9999592900
0.9999789596
0.9999823570
0.9999547005
0.9999907017
0.9999501109
0.9999805689
0.9999875426
0.9999620914
0.9999818802
0.9999605417
0.9999791980
0.9999607801
0.9999870062
0.9999787807
0.9999883771
0.9999897480
0.9999859333
0.9999834299
0.9999855757
0.9999753237
0.9999875426
0.9999808073
0.9999791980
0.9999889135
0.9999544621
0.9999771118
0.9999822378
0.9999246597
0.9999798536
0.9999195337
0.9999843240
0.9999598861
0.9999741316
0.9999773502
0.9999607205
0.9998291731
0.9999803305
0.9999827147
0.9999721050
0.9999856353
0.9999602437
0.9999595881
0.9999630451
0.9999815822
0.9999755621
0.9999443889
0.9999846220
0.9999855757
0.9999759793
0.9999838471
0.9999421835
0.9999808073
0.9999637604
0.9999228120
0.9999778271
0.9998917580
0.9999517202
0.9999562502
0.9999448061
0.9999533892
0.9999628663
0.9999767542
0.9999495149
0.9999653697
0.9999709725
0.9999372959
0.9999752045
0.9999906421
0.9999846220
0.9999906421
0.9999679327
0.9999697804
0.9999709129
0.9999120831
0.9999210835
0.9999887943
0.9999444485
0.9999758005
0.9999803305
0.9999743700
0.9999761581
0.9999836683
0.9999530315
0.9999504089
0.9999779463
0.9999798536
0.9999790192
0.9999663234
0.9999653697
0.9999738336
0.9999687672
0.9999339581
0.9999847412
0.9999710321
0.9999884367
0.9999455214
0.9999564886
0.9999530315
0.9999551773
0.9999186993
0.9999827147
0.9999890327
0.9999690652
0.9999331832
0.9999523759
0.9999566078
0.9999597073
0.9999793768
0.9999760389
0.9999885559
0.9999687672
0.9999676943
0.9999802113
0.9999573231
0.9999810457
0.9999791980
0.9999612570
0.9999734163
0.9999479055
0.9999095201
0.9999488592
0.9999858141
0.9999220967
0.9999918938
0.9999450445
0.9999715090
0.9999145865
0.9999876022
0.9999938011
0.9999190569
0.9999668598
0.9999808669
0.9999871254
0.9999618530
0.9999762774
0.9999582767
0.9999727011
0.9999799728
0.9999762774
0.9999659657
0.9999094009
0.9999754429
0.9999449849
0.9999710321
0.9999754429
0.9999384880
0.9998350143
0.9999684095
0.9999297261
0.9999760985
0.9999846220
0.9998946190
0.9998698831
0.9998246431
0.9998378754
0.9999760389
0.9999182820
0.9998677969
0.9999642968
0.9999315739
0.9998971224
0.9999193549
0.9999781847
0.9998679161
0.9997230768
0.9999527931
0.9999457002
0.9999848604
0.9999527335
0.9999435544
0.9999611378
0.9998917580
0.9999341965
0.9998520613
0.9999453425
0.9999083281
0.9998557568
0.9999018908
0.9998816252
0.9999397993
0.9999179244
0.9999622107
0.9998582602
0.9998267293
0.9999330044
0.9999200702
0.9999376535
0.9997851849
0.9998827577
0.9997520447
0.9996910095
0.9998727441
0.9998707771
0.9997800589
0.9999398589
0.9999277592
0.9997292757
0.9998617172
0.9999268055
0.9998839498
0.9998636246
0.9999274611
0.9998612404
0.9999418259
0.9998979568
0.9999113083
0.9998749495
0.9998708963
0.9999643564
0.9996515512
0.9999232292
0.9998461008
0.9999034405
0.9999465942
0.9998524189
0.9999366999
0.9999263883
0.9999375939
0.9996374846
0.9999092817
0.9999146461
0.9998906851
0.9998054504
0.9999427795
0.9999577403
0.9998618364
0.9999289513
0.9999201298
0.9999393225
0.9999669790
0.9998735189
0.9998851418
0.9999570847
0.9999220371
0.9999009967
0.9999477863
0.9999524355
0.9999372959
0.9999550581
0.9999588728
0.9999175072
0.9999310970
0.9998337030
0.9998396039
0.9999197721
0.9999060035
0.9999247789
0.9999264479
0.9999239445
0.9997781515
0.9999265075
0.9998839498
0.9999661446
0.9999071360
0.9998487234
0.9998954535
0.9998512268
0.9998623133
0.9999770522
0.9999200702
0.9998713732
0.9999308586
0.9998329878
0.9998670220
0.9999135733
0.9999591112
0.9997872114
0.9998471737
0.9998559952
0.9998713732
0.9998342991
0.9996793270
0.9998358488
0.9997528195
0.9998054504
0.9998909235
0.9998416305
0.9998618364
0.9998843670
0.9998813272
0.9999020100
0.9998618364
0.9999493361
0.9998626709
0.9998773336
0.9999214411
0.9999055266
0.9997907877
0.9999372363
0.9998661876
0.9998611212
0.9998637438
0.9998410940
0.9999657869
0.9999132156
0.9999544621
0.9998619556
0.9999022484
0.9999151230
0.9999406338
0.9998540878
0.9997235537
0.9997568727
0.9998626709
0.9999302626
0.9998857379
0.9997962713
0.9999258518
0.9998772144
0.9998559952
0.9998478293
0.9999436736
0.9999049902
0.9999285936
0.9999177456
0.9998756051
0.9998674393
0.9999101758
0.9998820424
0.9999579191
0.9998708963
0.9999318123
0.9998403788
0.9998914003
0.9999632239
0.9997627735
0.9998629093
0.9998508096
0.9998217821
0.9999586940
0.9997789860
0.9999319911
0.9999248981
0.9998596907
0.9999091625
0.9998919368
0.9998112917
0.9998645782
0.9998707771
0.9999550581
0.9999406338
0.9999498725
0.9999290705
0.9999086857
0.9999274015
0.9998232126
0.9999285340
0.9998660088
0.9998924732
0.9999307990
0.9999244213
0.9999358654
0.9999207258
0.9998657703
0.9999345541
0.9999229908
0.9998907447
0.9999400377
0.9998596311
0.9997525811
0.9999476671
0.9999097586
0.9999335408
0.9999265671
0.9999145865
0.9998728037
0.9999326468
0.9999567270
0.9998111725
0.9998683929
0.9999017715
0.9999232888
0.9999490976
0.9999240637
0.9999352694
0.9999411106
0.9999395013
0.9999649525
0.9999408722
0.9999530315
0.9998798966
0.9998199344
0.9999200106
0.9999257326
0.9998787642
0.9999017715
0.9999478459
0.9999310970
0.9999756813
0.9999308586
0.9999003410
0.9999016523
0.9999641180
0.9999350905
0.9999355674
0.9999642372
0.9999610186
0.9999688864
0.9999096990
0.9999012947
0.9998989701
0.9999037385
0.9998441935
0.9999568462
0.9999289513
0.9999281168
0.9998965263
0.9998599291
0.9998186827
0.9999397993
0.9998369217
0.9998022318
0.9999560118
0.9998793602
0.9999204278
0.9999756813
0.9998854399
0.9999529123
0.9999288321
0.9998925924
0.9999684691
0.9999104738
0.9999660254
0.9999207258
0.9998900890
0.9999686480
0.9998943210
0.9998483658
0.9999561906
0.9999149442
0.9999648929
0.9999570251
0.9999253154
0.9998185635
0.9999338388
0.9998907447
0.9998740554
0.9999455214
0.9999098778
0.9998967052
0.9999161959
0.9998128414
0.9999006987
0.9999303818
0.9999156594
0.9999351501
0.9998579025
0.9999653697
0.9999794960
0.9999548793
0.9999507666
0.9999629259
0.9999644756
0.9999364018
0.9999325275
0.9999278188
0.9999101758
0.9999375343
0.9999480247
0.9999532104
0.9999246001
0.9999589920
0.9999232292
0.9998934865
0.9999350905
0.9999182820
0.9998579025
0.9999728799
0.9998903275
0.9999566078
0.9999301434
0.9999040365
0.9999074936
0.9999191761
0.9999756813
0.9999614954
0.9999608397
0.9999705553
0.9999040961
0.9999298453
0.9999442697
0.9997770786
0.9999156594
0.9999668598
0.9999220371
0.9999614358
0.9999189377
0.9999369383
0.9999695420
0.9999223948
0.9999597669
0.9998620749
0.9999439120
0.9999737740
0.9999766350
0.9999719262
0.9999635220
0.9998938441
0.9998524189
0.9999353886
0.9999721050
0.9999020100
0.9998695850
0.9999386072
0.9999225736
0.9999384880
0.9999495745
0.9999759197
0.9999573231
0.9999630451
0.9999300241
0.9998998642
0.9999401569
0.9999530911
0.9999117255
0.9999674559
0.9998950958
0.9999580383
0.9999634027
0.9999238253
0.9999505281
0.9999055266
0.9999508858
0.9999091029
0.9999669790
0.9999628067
0.9999732971
0.9999738336
0.9999575615
0.9999392033
0.9999507666
0.9999394417
0.9999666810
0.9999471903
0.9999548793
0.9999738932
0.9998852015
0.9999512434
0.9999613762
0.9998967648
0.9999603033
0.9998602867
0.9999586940
0.9999171495
0.9999396801
0.9999386072
0.9999288917
0.9997617006
0.9999465942
0.9999607801
0.9999479651
0.9999595284
0.9999247789
0.9999332428
0.9999326468
0.9999630451
0.9999411106
0.9998890758
0.9999549389
0.9999637008
0.9999487400
0.9999510050
0.9999040961
0.9999541640
0.9999192953
0.9998430014
0.9999545217
0.9998620749
0.9999066591
0.9999021292
0.9998944998
0.9999307394
0.9999030232
0.9999494553
0.9999047518
0.9999433756
0.9999466538
0.9998790622
0.9999433756
0.9999819994
0.9999606609
0.9999777675
0.9999240637
0.9999232292
0.9999485016
0.9998735189
0.9998399019
0.9999634027
0.9999014139
0.9999409914
0.9999552965
0.9999493361
0.9999497533
0.9999485016
0.9998928308
0.9999260902
0.9999499321
0.9999586344
0.9999501705
0.9999386072
0.9999447465
0.9999217987
0.9999393821
0.9998878837
0.9999672174
0.9999437332
0.9999688268
0.9998962879
0.9999293089
0.9999273419
0.9999186993
0.9998505116
0.9999643564
0.9999756813
0.9999257326
0.9998226166
0.9998902082
0.9999177456
0.9999173880
0.9999635220
0.9999364614
0.9999585748
0.9999262094
0.9999364614
0.9999487400
0.9999378920
0.9999597669
0.9999530911
0.9999170303
0.9999269247
0.9998854399
0.9998586178
0.9998834729
0.9999663830
0.9998521805
0.9999714494
0.9999161363
0.9999424219
0.9998744726
0.9999684095
0.9999812841
0.9998233318
0.9999026060
0.9999510050
0.9999760389
0.9999331236
0.9999544621
0.9999001026
0.9999479651
0.9999552965
0.9999425411
0.9999289513
0.9998265505
0.9999397993
0.9999251366
0.9999482632
0.9999337196
0.9998534918
0.9997475147
0.9999307394
0.9998172522
0.9999339581
0.9999672174
