0.9999668598
0.9999731779
0.9999765158
0.9999752045
0.9999799728
0.9999742508
0.9999781251
0.9999737740
0.9999789000
0.9999754429
0.9999802113
0.9999725819
0.9999741316
0.9999852180
0.9999644756
0.9999856949
0.9999850988
0.9999667406
0.9999804497
0.9999792576
0.9999737144
0.9999839067
0.9999539852
0.9999748468
0.9999850392
0.9999716282
0.9999761581
0.9999744296
0.9999814034
0.9999722242
0.9999705553
0.9999584556
0.9999687672
0.9999725819
0.9999828339
0.9999821782
0.9999630451
0.9999682903
0.9999773502
0.9999815226
0.9999762774
0.9999694824
0.9999738932
0.9999752641
0.9999928474
0.9999780655
0.9999798536
0.9999760389
0.9999691248
0.9999713898
0.9999772310
0.9999700785
0.9999680519
0.9999737740
0.9999756813
0.9999780655
0.9999727011
0.9999831915
0.9999826550
0.9999748468
0.9999809265
0.9999736547
0.9999729991
0.9999781847
0.9999712706
0.9999673367
0.9999719262
0.9999741912
0.9999817610
0.9999768734
0.9999742508
0.9999728203
0.9999688864
0.9999796152
0.9999707937
0.9999673367
0.9999678135
0.9999637604
0.9999772310
0.9999711514
0.9999713898
0.9999747276
0.9999665022
0.9999691844
0.9999773502
0.9999663234
0.9999840856
0.9999791384
0.9999766350
0.9999843240
0.9999716878
0.9999801517
0.9999684095
0.9999674559
0.9999795556
0.9999647737
0.9999772310
0.9999818802
0.9999768138
0.9999760389
0.9999815226
0.9999811649
0.9999771714
0.9999678135
0.9999664426
0.9999730587
0.9999686480
0.9999767542
0.9999722242
0.9999662042
0.9999787807
0.9999805689
0.9999779463
0.9999784231
0.9999796748
0.9999732971
0.9999836683
0.9999699593
0.9999783039
0.9999818802
0.9999690056
0.9999747276
0.9999729395
0.9999752045
0.9999786615
0.9999789000
0.9999785423
0.9999707937
0.9999858141
0.9999780655
0.9999693632
0.9999764562
0.9999789000
0.9999808073
0.9999763370
0.9999848604
0.9999700785
0.9999744892
0.9999830723
0.9999786019
0.9999727011
0.9999651909
0.9999812841
0.9999784827
0.9999821186
0.9999756813
0.9999727011
0.9999795556
0.9999806881
0.9999728799
0.9999704957
0.9999777079
0.9999746680
0.9999702573
0.9999653697
0.9999674559
0.9999840260
0.9999806881
0.9999694228
0.9999647141
0.9999673367
0.9999714494
0.9999623895
0.9999669194
0.9999843240
0.9999796152
0.9999663830
0.9999611378
0.9999821782
0.9999840260
0.9999791384
0.9999805689
0.9999727011
0.9999754429
0.9999779463
0.9999785423
0.9999716282
0.9999812841
0.9999777079
0.9999690652
0.9999836087
0.9999758601
0.9999711514
0.9999728799
0.9999738932
0.9999685287
0.9999819994
0.9999786615
0.9999739528
0.9999813437
0.9999816418
0.9999758005
0.9999762774
0.9999699593
0.9999873638
0.9999670386
0.9999796748
0.9999725819
0.9999825954
0.9999758005
0.9999828339
0.9999817014
0.9999804497
0.9999741316
0.9999809265
0.9999827147
0.9999822378
0.9999669790
0.9999638796
0.9999824166
0.9999713302
0.9999779463
0.9999792576
0.9999718666
0.9999766350
0.9999812841
0.9999666810
0.9999789596
0.9999828339
0.9999731183
0.9999793768
0.9999762774
0.9999714494
0.9999754429
0.9999815226
0.9999763966
0.9999748468
0.9999753237
0.9999741316
0.9999768734
0.9999679327
0.9999738336
0.9999839067
0.9999789596
0.9999732971
0.9999725819
0.9999772310
0.9999850988
0.9999762774
0.9999675155
0.9999734163
0.9999824762
0.9999821782
0.9999865890
0.9999735355
0.9999769926
0.9999694824
0.9999758005
0.9999809265
0.9999710321
0.9999612570
0.9999850988
0.9999712706
0.9999723434
0.9999735355
0.9999790192
0.9999743700
0.9999811649
0.9999791384
0.9999828339
0.9999780059
0.9999836087
0.9999820590
0.9999752641
0.9999725819
0.9999690652
0.9999750853
0.9999837875
0.9999698400
0.9999747872
0.9999796152
0.9999755621
0.9999855757
0.9999603629
0.9999743104
0.9999797344
0.9999766350
0.9999786615
0.9999752641
0.9999748468
0.9999760389
0.9999869466
0.9999833107
0.9999697208
0.9999697208
0.9999791384
0.9999730587
0.9999748468
0.9999722242
0.9999794364
0.9999645948
0.9999725819
0.9999740124
0.9999654889
0.9999791384
0.9999778271
0.9999822378
0.9999797344
0.9999672174
0.9999740124
0.9999753833
0.9999771118
0.9999849796
0.9999769926
0.9999735355
0.9999726415
0.9999731779
0.9999719262
0.9999698400
0.9999724627
0.9999736547
0.9999771118
0.9999706149
0.9999759197
0.9999610186
0.9999699593
0.9999830127
0.9999729395
0.9999869466
0.9999757409
0.9999796748
0.9999692440
0.9999804497
0.9999858141
0.9999756813
0.9999700785
0.9999755621
0.9999651909
0.9999774694
0.9999642372
0.9999728203
0.9999703169
0.9999614358
0.9999828935
0.9999784231
0.9999774694
0.9999629259
0.9999582171
0.9999772310
0.9999657273
0.9999638200
0.9999659657
0.9999805689
0.9999840260
0.9999856949
0.9999760985
0.9999812841
0.9999678135
0.9999803305
0.9999784231
0.9999738932
0.9999737740
0.9999756217
0.9999773502
0.9999822974
0.9999779463
0.9999789596
0.9999669194
0.9999777675
0.9999822378
0.9999781847
0.9999692440
0.9999727607
0.9999758601
0.9999712706
0.9999763966
0.9999750853
0.9999743700
0.9999772310
0.9999713898
0.9999737144
0.9999738932
0.9999721050
0.9999760389
0.9999753237
0.9999787211
0.9999716282
0.9999684691
0.9999725819
0.9999831915
0.9999719262
0.9999771118
0.9999724627
0.9999690056
0.9999663830
0.9999721050
0.9999747276
0.9999749660
0.9999768734
0.9999715090
0.9999748468
0.9999721646
0.9999772310
0.9999730587
0.9999792576
0.9999711514
0.9999723434
0.9999825954
0.9999617338
0.9999831915
0.9999836683
0.9999621511
0.9999788404
0.9999775887
0.9999717474
0.9999825954
0.9999501705
0.9999730587
0.9999828339
0.9999696612
0.9999750257
0.9999742508
0.9999794960
0.9999717474
0.9999703169
0.9999571443
0.9999680519
0.9999719858
0.9999804497
0.9999815226
0.9999622703
0.9999672174
0.9999743700
0.9999815226
0.9999740720
0.9999685287
0.9999731779
0.9999736547
0.9999920130
0.9999766350
0.9999781847
0.9999751449
0.9999657869
0.9999706745
0.9999750257
0.9999699593
0.9999645352
0.9999675751
0.9999754429
0.9999787807
0.9999700785
0.9999819398
0.9999807477
0.9999729395
0.9999799728
0.9999701381
0.9999698400
0.9999778271
0.9999701977
0.9999638796
0.9999700785
0.9999735951
0.9999794960
0.9999741316
0.9999709129
0.9999703169
0.9999679327
0.9999768734
0.9999690056
0.9999627471
0.9999630451
0.9999660254
0.9999730587
0.9999677539
0.9999684691
0.9999715090
0.9999642372
0.9999655485
0.9999758601
0.9999650717
0.9999823570
0.9999780655
0.9999741316
0.9999834299
0.9999685884
0.9999790192
0.9999625683
0.9999653101
0.9999797940
0.9999587536
0.9999763966
0.9999793768
0.9999768138
0.9999743700
0.9999791384
0.9999797344
0.9999760389
0.9999628067
0.9999641180
0.9999700785
0.9999650717
0.9999747276
0.9999727011
0.9999647737
0.9999789000
0.9999796152
0.9999756813
0.9999780655
0.9999789596
0.9999722242
0.9999822378
0.9999657869
0.9999731779
0.9999777675
0.9999699593
0.9999729991
0.9999738932
0.9999752045
0.9999754429
0.9999760389
0.9999781847
0.9999661446
0.9999837875
0.9999746680
0.9999653101
0.9999731779
0.9999753237
0.9999801517
0.9999736547
0.9999827147
0.9999669790
0.9999728203
0.9999818206
0.9999769330
0.9999713898
0.9999641180
0.9999802113
0.9999768734
0.9999806881
0.9999743700
0.9999714494
0.9999783039
0.9999787807
0.9999698997
0.9999679327
0.9999756813
0.9999736547
0.9999697804
0.9999645948
0.9999629855
0.9999833107
0.9999767542
0.9999699593
0.9999620914
0.9999623895
0.9999705553
0.9999576807
0.9999659061
0.9999830723
0.9999734163
0.9999637604
0.9999605417
0.9999814034
0.9999808073
0.9999743700
0.9999771118
0.9999681711
0.9999733567
0.9999759793
0.9999779463
0.9999671578
0.9999781847
0.9999754429
0.9999691248
0.9999835491
0.9999760389
0.9999684691
0.9999698400
0.9999727011
0.9999658465
0.9999804497
0.9999765158
0.9999696016
0.9999808073
0.9999781847
0.9999741316
0.9999747276
0.9999696612
0.9999870062
0.9999670982
0.9999791384
0.9999681711
0.9999803305
0.9999731779
0.9999815226
0.9999784827
0.9999789000
0.9999733567
0.9999796152
0.9999815226
0.9999803901
0.9999619126
0.9999614358
0.9999815226
0.9999676943
0.9999750257
0.9999783635
0.9999722242
0.9999735355
0.9999786615
0.9999639392
0.9999776483
0.9999821782
0.9999702573
0.9999774694
0.9999746084
0.9999674559
0.9999736547
0.9999780655
0.9999746084
0.9999740124
0.9999728203
0.9999737740
0.9999718666
0.9999637604
0.9999705553
0.9999814034
0.9999783039
0.9999692440
0.9999746084
0.9999759197
0.9999814630
0.9999735355
0.9999676943
0.9999734759
0.9999815822
0.9999816418
0.9999856353
0.9999722838
0.9999747276
0.9999655485
0.9999727607
0.9999801517
0.9999721050
0.9999607801
0.9999859333
0.9999710917
0.9999696016
0.9999713898
0.9999789596
0.9999740124
0.9999794364
0.9999773502
0.9999809265
0.9999767542
0.9999830723
0.9999830127
0.9999706745
0.9999697208
0.9999630451
0.9999729395
0.9999815226
0.9999701381
0.9999718666
0.9999786019
0.9999742508
0.9999849200
0.9999581575
0.9999728799
0.9999794364
0.9999741316
0.9999767542
0.9999732971
0.9999712110
0.9999751449
0.9999861717
0.9999805689
0.9999672174
0.9999643564
0.9999782443
0.9999721050
0.9999727011
0.9999669790
0.9999783039
0.9999631643
0.9999735951
0.9999740720
0.9999635220
0.9999779463
0.9999774694
0.9999796748
0.9999786615
0.9999655485
0.9999727011
0.9999721050
0.9999747276
0.9999837875
0.9999749660
0.9999708533
0.9999691248
0.9999737144
0.9999699593
0.9999654293
0.9999691248
0.9999700785
0.9999759197
0.9999709129
0.9999744296
0.9999589920
0.9999679327
0.9999819994
0.9999699593
0.9999872446
0.9999742508
0.9999776483
0.9999666214
0.9999800324
0.9999843240
0.9999729395
0.9999703765
0.9999721050
0.9999603033
0.9999737740
0.9999583960
0.9999729395
0.9999690056
0.9999585152
0.9999816418
0.9999781847
0.9999748468
0.9999598265
0.9999577999
0.9999723434
0.9999629259
0.9999657869
0.9999668598
0.9999777079
0.9999828935
0.9999843836
0.9999734163
0.9999792576
0.9999678135
0.9999815226
0.9999766350
0.9999715090
0.9999709129
0.9999765158
0.9999786019
0.9999816418
0.9999758005
0.9999780655
0.9999639988
0.9999767542
0.9999811053
0.9999762774
0.9999650717
0.9999709129
0.9999721050
0.9999665022
0.9999774694
0.9999708533
0.9999715686
0.9999736547
0.9999711514
0.9999712706
0.9999710321
0.9999699593
0.9999737740
0.9999740124
0.9999748468
0.9999698400
0.9999657869
0.9999694824
0.9999818802
0.9999697208
0.9999755621
0.9999695420
0.9999644160
0.9999759197
0.9999797344
0.9999806881
0.9999804497
0.9999839067
0.9999800920
0.9999815226
0.9999790192
0.9999831915
0.9999819994
0.9999846220
0.9999769926
0.9999796152
0.9999873638
0.9999720454
0.9999878407
0.9999877214
0.9999706745
0.9999833703
0.9999834299
0.9999795556
0.9999872446
0.9999667406
0.9999803305
0.9999873638
0.9999779463
0.9999814630
0.9999804497
0.9999852180
0.9999810457
0.9999791384
0.9999665022
0.9999761581
0.9999799132
0.9999862313
0.9999862909
0.9999738932
0.9999754429
0.9999814034
0.9999872446
0.9999813437
0.9999779463
0.9999817610
0.9999803305
0.9999946952
0.9999826550
0.9999849796
0.9999833107
0.9999738932
0.9999782443
0.9999819994
0.9999789596
0.9999745488
0.9999744296
0.9999815822
0.9999855161
0.9999778271
0.9999873638
0.9999850392
0.9999803305
0.9999867678
0.9999758005
0.9999749064
0.9999844432
0.9999786615
0.9999732971
0.9999786615
0.9999802709
0.9999854565
0.9999822378
0.9999787807
0.9999777079
0.9999768734
0.9999830723
0.9999760985
0.9999718666
0.9999737740
0.9999778867
0.9999818206
0.9999766946
0.9999780655
0.9999811649
0.9999741912
0.9999744892
0.9999814034
0.9999758005
0.9999874830
0.9999835491
0.9999812245
0.9999872446
0.9999766946
0.9999862313
0.9999686480
0.9999744892
0.9999866486
0.9999685287
0.9999834299
0.9999844432
0.9999831319
0.9999799728
0.9999846220
0.9999851584
0.9999819994
0.9999717474
0.9999738932
0.9999789000
0.9999727011
0.9999818802
0.9999812841
0.9999735355
0.9999852180
0.9999865294
0.9999812841
0.9999825954
0.9999844432
0.9999786615
0.9999865294
0.9999732971
0.9999793768
0.9999845624
0.9999794960
0.9999803305
0.9999812841
0.9999825954
0.9999819994
0.9999817014
0.9999840260
0.9999753237
0.9999886751
0.9999804497
0.9999757409
0.9999801517
0.9999816418
0.9999861717
0.9999818206
0.9999874830
0.9999739528
0.9999803305
0.9999878407
0.9999842644
0.9999787807
0.9999762774
0.9999852180
0.9999845028
0.9999860525
0.9999828339
0.9999806881
0.9999848008
0.9999856949
0.9999798536
0.9999769926
0.9999829531
0.9999819398
0.9999805689
0.9999766946
0.9999710917
0.9999883175
0.9999811649
0.9999790192
0.9999730587
0.9999714494
0.9999760389
0.9999725223
0.9999780655
0.9999872446
0.9999812841
0.9999741316
0.9999729395
0.9999868870
0.9999854565
0.9999809265
0.9999822378
0.9999768734
0.9999814034
0.9999809265
0.9999856949
0.9999755025
0.9999839067
0.9999817610
0.9999792576
0.9999884367
0.9999819994
0.9999780655
0.9999770522
0.9999799728
0.9999759197
0.9999862909
0.9999825954
0.9999774694
0.9999868274
0.9999836683
0.9999806881
0.9999812841
0.9999790192
0.9999905229
0.9999758005
0.9999846220
0.9999768138
0.9999840260
0.9999811649
0.9999861121
0.9999861717
0.9999839664
0.9999800920
0.9999846220
0.9999868870
0.9999852180
0.9999747276
0.9999710917
0.9999877810
0.9999762177
0.9999830127
0.9999839067
0.9999784231
0.9999800920
0.9999844432
0.9999747276
0.9999815226
0.9999867678
0.9999779463
0.9999835491
0.9999821186
0.9999762774
0.9999822378
0.9999845028
0.9999821782
0.9999805093
0.9999815226
0.9999796748
0.9999787807
0.9999748468
0.9999771118
0.9999864101
0.9999827147
0.9999747276
0.9999833107
0.9999807477
0.9999846220
0.9999798536
0.9999771714
0.9999792576
0.9999873638
0.9999859333
0.9999892712
0.9999783039
0.9999799728
0.9999735355
0.9999793768
0.9999839067
0.9999805093
0.9999696016
0.9999905825
0.9999783039
0.9999771118
0.9999789000
0.9999855757
0.9999785423
0.9999856353
0.9999834895
0.9999859929
0.9999814630
0.9999881983
0.9999888539
0.9999762774
0.9999769926
0.9999723434
0.9999796152
0.9999868870
0.9999787807
0.9999774694
0.9999846816
0.9999818802
0.9999889135
0.9999675751
0.9999806881
0.9999844432
0.9999803305
0.9999835491
0.9999810457
0.9999813437
0.9999803901
0.9999899864
0.9999858737
0.9999775887
0.9999738932
0.9999841452
0.9999783039
0.9999775290
0.9999758005
0.9999827147
0.9999725819
0.9999822378
0.9999818206
0.9999727607
0.9999839067
0.9999833703
0.9999850988
0.9999833703
0.9999735355
0.9999808073
0.9999787807
0.9999807477
0.9999883175
0.9999809265
0.9999778271
0.9999794960
0.9999827147
0.9999758601
0.9999744296
0.9999765158
0.9999791384
0.9999811649
0.9999789000
0.9999819994
0.9999696016
0.9999765158
0.9999881983
0.9999772310
0.9999915957
0.9999799728
0.9999815226
0.9999758601
0.9999850988
0.9999883771
0.9999773502
0.9999790192
0.9999784231
0.9999701977
0.9999821782
0.9999681711
0.9999799728
0.9999753237
0.9999676347
0.9999877214
0.9999839067
0.9999789000
0.9999717474
0.9999692440
0.9999799728
0.9999707937
0.9999766350
0.9999768734
0.9999839664
0.9999871254
0.9999889135
0.9999802709
0.9999852180
0.9999790192
0.9999873042
0.9999833703
0.9999791980
0.9999779463
0.9999840260
0.9999849796
0.9999874234
0.9999811649
0.9999837279
0.9999722242
0.9999833703
0.9999852180
0.9999809265
0.9999726415
0.9999774694
0.9999809265
0.9999741912
0.9999844432
0.9999797344
0.9999792576
0.9999798536
0.9999781847
0.9999805093
0.9999789000
0.9999796152
0.9999824762
0.9999815226
0.9999814034
0.9999772906
0.9999768734
0.9999780655
0.9999866486
0.9999786615
0.9999825954
0.9999781251
0.9999724627
0.9999679327
0.9999729395
0.9999734163
0.9999731779
0.9999792576
0.9999742508
0.9999780655
0.9999729991
0.9999782443
0.9999777079
0.9999780655
0.9999722242
0.9999723434
0.9999825954
0.9999624491
0.9999828339
0.9999841452
0.9999619126
0.9999768734
0.9999773502
0.9999744892
0.9999826550
0.9999561906
0.9999753237
0.9999834895
0.9999689460
0.9999736547
0.9999728203
0.9999765754
0.9999746084
0.9999725819
0.9999576807
0.9999700785
0.9999710917
0.9999821782
0.9999806881
0.9999674559
0.9999676943
0.9999760389
0.9999835491
0.9999749660
0.9999722838
0.9999765158
0.9999734163
0.9999929667
0.9999755621
0.9999805689
0.9999784231
0.9999619126
0.9999688864
0.9999771118
0.9999749660
0.9999645352
0.9999659061
0.9999759197
0.9999809265
0.9999657869
0.9999835491
0.9999801517
0.9999736547
0.9999811649
0.9999687076
0.9999655485
0.9999796152
0.9999753237
0.9999644756
0.9999715686
0.9999748468
0.9999799728
0.9999757409
0.9999704361
0.9999678135
0.9999699593
0.9999771118
0.9999679327
0.9999651909
0.9999657273
0.9999690056
0.9999764562
0.9999654889
0.9999729395
0.9999781847
0.9999642372
0.9999694824
0.9999753237
0.9999653101
0.9999822974
0.9999778867
0.9999750257
0.9999831915
0.9999678135
0.9999799132
0.9999612570
0.9999678135
0.9999802113
0.9999583960
0.9999771118
0.9999790192
0.9999789000
0.9999716282
0.9999798536
0.9999796152
0.9999772310
0.9999638796
0.9999675751
0.9999724627
0.9999644756
0.9999743104
0.9999738932
0.9999646544
0.9999808073
0.9999823570
0.9999762774
0.9999754429
0.9999797344
0.9999719858
0.9999812841
0.9999676347
0.9999732375
0.9999798536
0.9999728203
0.9999754429
0.9999759197
0.9999784231
0.9999778271
0.9999729395
0.9999783039
0.9999674559
0.9999845028
0.9999715090
0.9999678135
0.9999713302
0.9999760389
0.9999830723
0.9999761581
0.9999816418
0.9999655485
0.9999749660
0.9999821186
0.9999783039
0.9999698400
0.9999682903
0.9999800920
0.9999815226
0.9999821186
0.9999760389
0.9999740124
0.9999793768
0.9999811053
0.9999715090
0.9999728799
0.9999753237
0.9999758601
0.9999737740
0.9999685884
0.9999630451
0.9999856949
0.9999729395
0.9999736547
0.9999654293
0.9999599457
0.9999679327
0.9999645352
0.9999725223
0.9999831915
0.9999756813
0.9999647141
0.9999628663
0.9999823570
0.9999795556
0.9999741316
0.9999774098
0.9999711514
0.9999752045
0.9999718666
0.9999802113
0.9999687672
0.9999777675
0.9999751449
0.9999738932
0.9999846816
0.9999781847
0.9999699593
0.9999667406
0.9999705553
0.9999685287
0.9999808073
0.9999791384
0.9999698400
0.9999827147
0.9999791384
0.9999713898
0.9999756813
0.9999715090
0.9999876618
0.9999666214
0.9999785423
0.9999690056
0.9999779463
0.9999763370
0.9999811649
0.9999818802
0.9999784231
0.9999731779
0.9999780655
0.9999827147
0.9999804497
0.9999666810
0.9999628067
0.9999839067
0.9999642372
0.9999778271
0.9999789000
0.9999704361
0.9999762774
0.9999783635
0.9999686480
0.9999747276
0.9999814034
0.9999691248
0.9999772310
0.9999742508
0.9999684095
0.9999784231
0.9999787807
0.9999760389
0.9999759197
0.9999743104
0.9999732971
0.9999722838
0.9999662638
0.9999698400
0.9999796152
0.9999761581
0.9999638796
0.9999793172
0.9999784231
0.9999783039
0.9999725819
0.9999713898
0.9999715686
0.9999841452
0.9999784231
0.9999860525
0.9999724627
0.9999719262
0.9999626875
0.9999692440
0.9999787807
0.9999704361
0.9999570847
0.9999880791
0.9999713898
0.9999704361
0.9999722242
0.9999792576
0.9999698997
0.9999785423
0.9999773502
0.9999786615
0.9999749660
0.9999841452
0.9999847412
0.9999681115
0.9999690056
0.9999601841
0.9999710917
0.9999813437
0.9999734759
0.9999694824
0.9999785423
0.9999765754
0.9999850988
0.9999599457
0.9999758601
0.9999799132
0.9999724627
0.9999780655
0.9999758005
0.9999769330
0.9999731779
0.9999864697
0.9999803305
0.9999702573
0.9999656677
0.9999779463
0.9999719858
0.9999667406
0.9999675155
0.9999779463
0.9999653101
0.9999740124
0.9999736547
0.9999634027
0.9999792576
0.9999790192
0.9999771714
0.9999765158
0.9999616146
0.9999739528
0.9999721050
0.9999765158
0.9999836683
0.9999747276
0.9999725819
0.9999744296
0.9999785423
0.9999680519
0.9999657869
0.9999680519
0.9999752045
0.9999719858
0.9999710321
0.9999741316
0.9999572039
0.9999697208
0.9999827147
0.9999711514
0.9999873042
0.9999724030
0.9999742508
0.9999717474
0.9999803305
0.9999859333
0.9999706745
0.9999727011
0.9999700189
0.9999591112
0.9999772310
0.9999591112
0.9999740720
0.9999624491
0.9999573827
0.9999837875
0.9999781847
0.9999736547
0.9999663234
0.9999591112
0.9999706745
0.9999601841
0.9999693632
0.9999694228
0.9999772310
0.9999840856
0.9999847412
0.9999740124
0.9999804497
0.9999721646
0.9999828339
0.9999802113
0.9999676347
0.9999717474
0.9999796748
0.9999815822
0.9999824166
0.9999753237
0.9999778271
0.9999617338
0.9999789000
0.9999802113
0.9999748468
0.9999608994
0.9999715090
0.9999733567
0.9999657273
0.9999803305
0.9999739528
0.9999735355
0.9999741316
0.9999737740
0.9999730587
0.9999721050
0.9999729395
0.9999758005
0.9999721050
0.9999737740
0.9999703169
0.9999715686
0.9999730587
0.9999808669
0.9999727011
0.9999768734
0.9999716282
0.9999668598
0.9999628067
0.9999683499
0.9999694824
0.9999697208
0.9999758005
0.9999708533
0.9999740124
0.9999696016
0.9999745488
0.9999735355
0.9999747276
0.9999677539
0.9999681711
0.9999796152
0.9999570251
0.9999802113
0.9999818802
0.9999562502
0.9999736547
0.9999734163
0.9999703169
0.9999800920
0.9999486208
0.9999710321
0.9999810457
0.9999643564
0.9999694228
0.9999691248
0.9999731779
0.9999706745
0.9999677539
0.9999513626
0.9999654293
0.9999664426
0.9999793172
0.9999773502
0.9999622107
0.9999625683
0.9999718666
0.9999807477
0.9999709725
0.9999679327
0.9999725819
0.9999690056
0.9999916553
0.9999721050
0.9999772310
0.9999745488
0.9999555349
0.9999641776
0.9999731779
0.9999706745
0.9999594688
0.9999601841
0.9999722242
0.9999775290
0.9999609590
0.9999809265
0.9999773502
0.9999691844
0.9999780655
0.9999636412
0.9999607205
0.9999763370
0.9999706149
0.9999585152
0.9999671578
0.9999704957
0.9999772310
0.9999718666
0.9999656677
0.9999639392
0.9999644756
0.9999731779
0.9999631643
0.9999603033
0.9999605417
0.9999644756
0.9999726415
0.9999601841
0.9999682903
0.9999742508
0.9999585748
0.9999638796
0.9999718666
0.9999603033
0.9999793768
0.9999744892
0.9999712110
0.9999803901
0.9999619722
0.9999769926
0.9999558926
0.9999628067
0.9999771118
0.9999527931
0.9999734163
0.9999749660
0.9999753237
0.9999679327
0.9999763966
0.9999760389
0.9999737740
0.9999587536
0.9999625087
0.9999684691
0.9999600649
0.9999703169
0.9999697208
0.9999587536
0.9999774098
0.9999792576
0.9999728203
0.9999718666
0.9999765158
0.9999672174
0.9999785423
0.9999624491
0.9999691248
0.9999763966
0.9999686480
0.9999714494
0.9999719262
0.9999746680
0.9999738932
0.9999690056
0.9999744892
0.9999622703
0.9999818206
0.9999670982
0.9999619126
0.9999676943
0.9999729395
0.9999800920
0.9999725819
0.9999791384
0.9999611378
0.9999712706
0.9999793768
0.9999749660
0.9999647737
0.9999629259
0.9999769926
0.9999777675
0.9999791384
0.9999722838
0.9999688864
0.9999766350
0.9999776483
0.9999669790
0.9999687672
0.9999711514
0.9999722242
0.9999696016
0.9999631643
0.9999574423
0.9999830723
0.9999692440
0.9999693632
0.9999599457
0.9999550581
0.9999635220
0.9999588728
0.9999679923
0.9999805093
0.9999713898
0.9999591708
0.9999566078
0.9999791384
0.9999767542
0.9999704361
0.9999739528
0.9999665022
0.9999704957
0.9999681711
0.9999765754
0.9999644756
0.9999741912
0.9999711514
0.9999700189
0.9999824762
0.9999746084
0.9999649525
0.9999616146
0.9999664426
0.9999638796
0.9999775887
0.9999759793
0.9999643564
0.9999802709
0.9999760389
0.9999676943
0.9999720454
0.9999666214
0.9999854565
0.9999610186
0.9999750853
0.9999639392
0.9999743700
0.9999724627
0.9999788404
0.9999790192
0.9999753237
0.9999691844
0.9999747276
0.9999799132
0.9999771714
0.9999612570
0.9999574423
0.9999812841
0.9999593496
0.9999740124
0.9999749660
0.9999654293
0.9999722242
0.9999748468
0.9999639988
0.9999708533
0.9999787807
0.9999643564
0.9999741316
0.9999709129
0.9999642372
0.9999751449
0.9999752045
0.9999719858
0.9999722242
0.9999698400
0.9999694228
0.9999681711
0.9999617934
0.9999649525
0.9999762774
0.9999724627
0.9999593496
0.9999762774
0.9999750853
0.9999753237
0.9999675155
0.9999676943
0.9999667406
0.9999811649
0.9999756813
0.9999835491
0.9999682903
0.9999676347
0.9999580383
0.9999641180
0.9999756813
0.9999663830
0.9999504089
0.9999863505
0.9999661446
0.9999658465
0.9999680519
0.9999756217
0.9999651909
0.9999750853
0.9999736547
0.9999752045
0.9999716282
0.9999815226
0.9999820590
0.9999633431
0.9999643564
0.9999550581
0.9999670982
0.9999781847
0.9999691248
0.9999648333
0.9999753237
0.9999732971
0.9999826550
0.9999541044
0.9999714494
0.9999765158
0.9999680519
0.9999746084
0.9999718070
0.9999732971
0.9999688268
0.9999844432
0.9999769926
0.9999657869
0.9999604821
0.9999742508
0.9999674559
0.9999623895
0.9999633431
0.9999746084
0.9999598265
0.9999697804
0.9999695420
0.9999576211
0.9999759793
0.9999758601
0.9999737144
0.9999730587
0.9999558330
0.9999706745
0.9999674559
0.9999731779
0.9999809265
0.9999711514
0.9999684095
0.9999696016
0.9999752045
0.9999633431
0.9999603033
0.9999643564
0.9999709129
0.9999686480
0.9999668002
0.9999704361
0.9999513626
0.9999654293
0.9999796152
0.9999669194
0.9999850988
0.9999684095
0.9999706745
0.9999681115
0.9999772310
0.9999835491
0.9999667406
0.9999688268
0.9999653697
0.9999532700
0.9999734759
0.9999538660
0.9999700785
0.9999572039
0.9999507666
0.9999814034
0.9999749660
0.9999701381
0.9999609590
0.9999521971
0.9999663234
0.9999535680
0.9999650121
0.9999648929
0.9999738932
0.9999811649
0.9999821186
0.9999694824
0.9999775887
0.9999679923
0.9999799728
0.9999769926
0.9999632835
0.9999674559
0.9999758005
0.9999786615
0.9999794364
0.9999713898
0.9999746084
0.9999564290
0.9999762774
0.9999767542
0.9999712110
0.9999551773
0.9999678135
0.9999698400
0.9999605417
0.9999767542
0.9999696016
0.9999697208
0.9999699593
0.9999695420
0.9999685287
0.9999684691
0.9999685287
0.9999723434
0.9999684095
0.9999699593
0.9999651313
0.9999661446
0.9999692440
0.9999778271
0.9999678135
0.9999735355
0.9999679923
0.9999626279
0.9999507070
0.9999552965
0.9999638200
0.9999576211
0.9999688268
0.9999487400
0.9999577403
0.9999424219
0.9999622703
0.9999618530
0.9999727011
0.9999257326
0.9999513626
0.9999777079
0.9999346733
0.9999748468
0.9999654293
0.9999489784
0.9999638796
0.9999696612
0.9999437928
0.9999690056
0.9999301434
0.9999560118
0.9999704361
0.9999488592
0.9999706745
0.9999595284
0.9999799132
0.9999641180
0.9999518394
0.9999180436
0.9999407530
0.9999635220
0.9999690056
0.9999650717
0.9999392033
0.9999473095
0.9999618530
0.9999666810
0.9999566674
0.9999365807
0.9999581575
0.9999579787
0.9999899864
0.9999684691
0.9999624491
0.9999586344
0.9999500513
0.9999414086
0.9999674559
0.9999516010
0.9999495745
0.9999707937
0.9999569654
0.9999645948
0.9999692440
0.9999752045
0.9999736547
0.9999589920
0.9999755621
0.9999535084
0.9999527335
0.9999588728
0.9999415874
0.9999564886
0.9999436736
0.9999431372
0.9999686480
0.9999598265
0.9999619722
0.9999620914
0.9999378324
0.9999789000
0.9999577999
0.9999518991
0.9999591112
0.9999355078
0.9999604225
0.9999604225
0.9999476075
0.9999513030
0.9999611974
0.9999344349
0.9999542236
0.9999601841
0.9999794960
0.9999667406
0.9999653101
0.9999696016
0.9999564886
0.9999709129
0.9999213219
0.9999523759
0.9999691248
0.9999408722
0.9999595881
0.9999730587
0.9999564290
0.9999521971
0.9999605417
0.9999778271
0.9999538064
0.9999421835
0.9999413490
0.9999574423
0.9999300838
0.9999696612
0.9999510050
0.9999340773
0.9999685287
0.9999683499
0.9999544621
0.9999581575
0.9999643564
0.9999579191
0.9999753833
0.9999424815
0.9999675155
0.9999752641
0.9999459386
0.9999567866
0.9999521971
0.9999573231
0.9999533892
0.9999662638
0.9999548197
0.9999555945
0.9999823570
0.9999642372
0.9999622107
0.9999641180
0.9999488592
0.9999506474
0.9999659061
0.9999715090
0.9999442101
0.9999536276
0.9999816418
0.9999668598
0.9999511242
0.9999390244
0.9999710321
0.9999756813
0.9999718666
0.9999679327
0.9999697208
0.9999723434
0.9999765158
0.9999592304
0.9999524355
0.9999674559
0.9999318123
0.9999539852
0.9999479055
0.9999496937
0.9999743700
0.9999588728
0.9999469519
0.9999446869
0.9999601841
0.9999320507
0.9999593496
0.9999609590
0.9999738336
0.9999721050
0.9999622107
0.9999466538
0.9999723434
0.9999672771
0.9999659657
0.9999673367
0.9999547005
0.9999717474
0.9999632835
0.9999754429
0.9999390841
0.9999700785
0.9999618530
0.9999461174
0.9999711514
0.9999581575
0.9999552965
0.9999597073
0.9999549389
0.9999470711
0.9999768734
0.9999622107
0.9999564290
0.9999725819
0.9999716282
0.9999585748
0.9999576211
0.9999664426
0.9999696016
0.9999490380
0.9999608994
0.9999576211
0.9999607801
0.9999594688
0.9999537468
0.9999781847
0.9999582767
0.9999437332
0.9999644756
0.9999690056
0.9999656677
0.9999471307
0.9999341965
0.9999756217
0.9999603033
0.9999651909
0.9999533892
0.9999527335
0.9999615550
0.9999676347
0.9999485016
0.9999635220
0.9999747276
0.9999450445
0.9999746680
0.9999678135
0.9999544024
0.9999635220
0.9999742508
0.9999628067
0.9999423027
0.9999728203
0.9999518394
0.9999595881
0.9999585152
0.9999538660
0.9999806881
0.9999632835
0.9999620914
0.9999558926
0.9999405146
0.9999747276
0.9999634027
0.9999341369
0.9999582767
0.9999667406
0.9999645948
0.9999760389
0.9999501109
0.9999465942
0.9999431372
0.9999685287
0.9999402761
0.9999524951
0.9999455214
0.9999647141
0.9999415874
0.9999459982
0.9999533892
0.9999693632
0.9999505281
0.9999680519
0.9999700785
0.9999780059
0.9999580383
0.9999752045
0.9999672771
0.9999393225
0.9999540448
0.9999553561
0.9999585152
0.9999800324
0.9999388456
0.9999486208
0.9999674559
0.9999513626
0.9999719858
0.9999276996
0.9999504089
0.9999642372
0.9999651313
0.9999583364
0.9999577999
0.9999600649
0.9999555945
0.9999724627
0.9999769926
0.9999532104
0.9999542236
0.9999660254
0.9999257326
0.9999616146
0.9999708533
0.9999518394
0.9999561310
0.9999646544
0.9999651909
0.9999533892
0.9999609590
0.9999412894
0.9999742508
0.9999621511
0.9999518991
0.9999517202
0.9999678135
0.9999569058
0.9999783635
0.9999541640
0.9999457598
0.9999676943
0.9999423623
0.9999364614
0.9999629259
0.9999489188
0.9999511242
0.9999603629
0.9999500513
0.9999624491
0.9999273419
0.9999595881
0.9999802113
0.9999414682
0.9999814034
0.9999521971
0.9999673367
0.9999346733
0.9999607801
0.9999766946
0.9999292493
0.9999481440
0.9999623895
0.9999566078
0.9999665022
0.9999295473
0.9999535084
0.9999607205
0.9999282360
0.9999701381
0.9999597073
0.9999366999
0.9999363422
0.9999083281
0.9999747276
0.9999500513
0.9999259114
0.9999480247
0.9999698400
0.9999627471
0.9999815226
0.9999669790
0.9999619722
0.9999491572
0.9999581575
0.9999610186
0.9999593496
0.9999526739
0.9999575615
0.9999532700
0.9999792576
0.9999593496
0.9999521375
0.9999490976
0.9999606609
0.9999662638
0.9999364614
0.9999557137
0.9999421835
0.9999638796
0.9999551177
0.9999524355
0.9999605417
0.9999564886
0.9999606013
0.9999302626
0.9999618530
0.9999588728
0.9999557734
0.9999688864
0.9999589920
0.9999649525
0.9999523163
0.9999489784
0.9999530315
0.9999699593
0.9999583960
0.9999697208
0.9999470115
0.9999160767
0.9999742508
0.9999802113
0.9999821186
0.9999800920
0.9999839664
0.9999793768
0.9999822974
0.9999774694
0.9999825954
0.9999810457
0.9999858141
0.9999759197
0.9999785423
0.9999893904
0.9999701977
0.9999887943
0.9999874234
0.9999758005
0.9999854565
0.9999849796
0.9999786615
0.9999866486
0.9999599457
0.9999808669
0.9999887943
0.9999774694
0.9999830723
0.9999822378
0.9999868870
0.9999794960
0.9999784827
0.9999655485
0.9999735355
0.9999792576
0.9999864101
0.9999860525
0.9999705553
0.9999750853
0.9999826550
0.9999853969
0.9999814630
0.9999746084
0.9999814034
0.9999818802
0.9999951124
0.9999843836
0.9999833107
0.9999821186
0.9999763966
0.9999769926
0.9999824166
0.9999775887
0.9999755621
0.9999823570
0.9999815226
0.9999846220
0.9999818802
0.9999876022
0.9999874830
0.9999822378
0.9999861717
0.9999785423
0.9999783635
0.9999817610
0.9999765158
0.9999768734
0.9999776483
0.9999778271
0.9999858141
0.9999817610
0.9999811053
0.9999800920
0.9999739528
0.9999859333
0.9999785423
0.9999749660
0.9999766946
0.9999711514
0.9999817610
0.9999796152
0.9999758601
0.9999777675
0.9999777675
0.9999738932
0.9999825954
0.9999759197
0.9999880791
0.9999854565
0.9999816418
0.9999878407
0.9999791980
0.9999852777
0.9999715090
0.9999752045
0.9999848604
0.9999706149
0.9999822378
0.9999857545
0.9999819994
0.9999800920
0.9999846220
0.9999870658
0.9999818802
0.9999734163
0.9999738336
0.9999792576
0.9999737144
0.9999821782
0.9999771118
0.9999742508
0.9999834299
0.9999852180
0.9999818206
0.9999842048
0.9999843240
0.9999799728
0.9999885559
0.9999747276
0.9999823570
0.9999853969
0.9999764562
0.9999809265
0.9999794960
0.9999794960
0.9999828339
0.9999829531
0.9999829531
0.9999776483
0.9999901652
0.9999843836
0.9999775290
0.9999827147
0.9999811053
0.9999835491
0.9999833107
0.9999877214
0.9999761581
0.9999794960
0.9999885559
0.9999839664
0.9999790788
0.9999722242
0.9999852180
0.9999841452
0.9999868870
0.9999828339
0.9999812841
0.9999853373
0.9999867678
0.9999806881
0.9999761581
0.9999845028
0.9999782443
0.9999774694
0.9999741912
0.9999743700
0.9999871254
0.9999839664
0.9999752045
0.9999729991
0.9999769926
0.9999762774
0.9999737144
0.9999765158
0.9999877214
0.9999845624
0.9999786615
0.9999716282
0.9999874234
0.9999862909
0.9999833703
0.9999846220
0.9999774694
0.9999839067
0.9999839664
0.9999853373
0.9999760389
0.9999843836
0.9999829531
0.9999762774
0.9999876022
0.9999811649
0.9999783635
0.9999793768
0.9999792576
0.9999755621
0.9999873042
0.9999831915
0.9999774694
0.9999868870
0.9999858737
0.9999819398
0.9999819994
0.9999800324
0.9999898076
0.9999762177
0.9999845028
0.9999786019
0.9999856949
0.9999805689
0.9999855757
0.9999868870
0.9999841452
0.9999784231
0.9999856949
0.9999868870
0.9999850988
0.9999735355
0.9999718666
0.9999874830
0.9999778271
0.9999806881
0.9999827147
0.9999796152
0.9999823570
0.9999861717
0.9999734163
0.9999835491
0.9999870658
0.9999791384
0.9999866486
0.9999840260
0.9999773502
0.9999810457
0.9999866486
0.9999812841
0.9999791384
0.9999819994
0.9999791384
0.9999815226
0.9999752045
0.9999787807
0.9999890327
0.9999837875
0.9999808073
0.9999802113
0.9999802113
0.9999887943
0.9999834895
0.9999725819
0.9999808073
0.9999858141
0.9999871254
0.9999899864
0.9999781847
0.9999802113
0.9999760389
0.9999831915
0.9999828339
0.9999790192
0.9999737740
0.9999874234
0.9999761581
0.9999771714
0.9999786019
0.9999858737
0.9999795556
0.9999848604
0.9999859929
0.9999883175
0.9999824762
0.9999884367
0.9999861717
0.9999783039
0.9999784231
0.9999773502
0.9999819398
0.9999889731
0.9999765754
0.9999802113
0.9999847412
0.9999809265
0.9999886155
0.9999678135
0.9999791384
0.9999846220
0.9999817014
0.9999827147
0.9999803305
0.9999797344
0.9999816418
0.9999900460
0.9999874234
0.9999768734
0.9999742508
0.9999850988
0.9999778271
0.9999797344
0.9999798536
0.9999819994
0.9999733567
0.9999810457
0.9999817610
0.9999749660
0.9999841452
0.9999809861
0.9999866486
0.9999847412
0.9999753237
0.9999799132
0.9999828339
0.9999808073
0.9999895096
0.9999811649
0.9999778867
0.9999810457
0.9999778271
0.9999748468
0.9999776483
0.9999798536
0.9999770522
0.9999817610
0.9999772310
0.9999820590
0.9999693632
0.9999786019
0.9999881983
0.9999774098
0.9999910593
0.9999810457
0.9999847412
0.9999741912
0.9999837875
0.9999887943
0.9999781847
0.9999775887
0.9999823570
0.9999755621
0.9999824762
0.9999704361
0.9999791384
0.9999806881
0.9999718666
0.9999867678
0.9999827147
0.9999803901
0.9999719262
0.9999634027
0.9999848604
0.9999744892
0.9999712706
0.9999748468
0.9999860525
0.9999868870
0.9999894500
0.9999823570
0.9999850988
0.9999744892
0.9999836683
0.9999825358
0.9999811649
0.9999800920
0.9999821186
0.9999819994
0.9999876022
0.9999824762
0.9999814034
0.9999728203
0.9999817610
0.9999853373
0.9999810457
0.9999785423
0.9999768734
0.9999821782
0.9999790788
0.9999814034
0.9999791384
0.9999794960
0.9999822378
0.9999775887
0.9999802113
0.9999791384
0.9999787807
0.9999831319
0.9999811649
0.9999838471
0.9999790192
0.9999761581
0.9999785423
0.9999880195
0.9999796152
0.9999836683
0.9999773502
0.9999732971
0.9999718666
0.9999777079
0.9999785423
0.9999779463
0.9999799728
0.9999758005
0.9999829531
0.9999737740
0.9999787211
0.9999783039
0.9999843240
0.9999723434
0.9999750853
0.9999882579
0.9999629259
0.9999866486
0.9999850988
0.9999750853
0.9999845028
0.9999824166
0.9999772310
0.9999859929
0.9999581575
0.9999797940
0.9999876022
0.9999724627
0.9999831915
0.9999798536
0.9999856949
0.9999774694
0.9999725819
0.9999589920
0.9999665022
0.9999767542
0.9999853373
0.9999833107
0.9999639988
0.9999736547
0.9999800920
0.9999827147
0.9999766946
0.9999696016
0.9999772310
0.9999762774
0.9999947548
0.9999815822
0.9999794364
0.9999786019
0.9999706745
0.9999711514
0.9999792576
0.9999759197
0.9999700785
0.9999842644
0.9999799728
0.9999792576
0.9999789000
0.9999874830
0.9999856949
0.9999776483
0.9999837875
0.9999784231
0.9999748468
0.9999770522
0.9999725223
0.9999743700
0.9999727011
0.9999715090
0.9999837279
0.9999776483
0.9999789000
0.9999780655
0.9999685287
0.9999853373
0.9999772906
0.9999744892
0.9999769926
0.9999614954
0.9999799132
0.9999760389
0.9999724627
0.9999742508
0.9999755621
0.9999717474
0.9999799728
0.9999722242
0.9999874234
0.9999831319
0.9999827147
0.9999853373
0.9999769926
0.9999811649
0.9999650717
0.9999765158
0.9999803305
0.9999696016
0.9999763966
0.9999846816
0.9999762774
0.9999764562
0.9999809265
0.9999883175
0.9999781847
0.9999684095
0.9999699593
0.9999792576
0.9999717474
0.9999821186
0.9999690056
0.9999676943
0.9999804497
0.9999798536
0.9999779463
0.9999813437
0.9999819398
0.9999779463
0.9999876022
0.9999715090
0.9999836683
0.9999846816
0.9999678135
0.9999779463
0.9999750257
0.9999762774
0.9999796748
0.9999805689
0.9999771118
0.9999748468
0.9999901056
0.9999834895
0.9999758005
0.9999827147
0.9999750853
0.9999783039
0.9999775887
0.9999856949
0.9999768734
0.9999752641
0.9999876618
0.9999834895
0.9999727607
0.9999641776
0.9999859333
0.9999858141
0.9999859333
0.9999807477
0.9999803901
0.9999841452
0.9999840260
0.9999780655
0.9999749660
0.9999825954
0.9999719858
0.9999724627
0.9999690056
0.9999736547
0.9999853969
0.9999792576
0.9999727011
0.9999696016
0.9999773502
0.9999732971
0.9999738336
0.9999729395
0.9999867678
0.9999850988
0.9999780059
0.9999639988
0.9999868870
0.9999858141
0.9999811649
0.9999837279
0.9999776483
0.9999839067
0.9999812841
0.9999831915
0.9999731779
0.9999843836
0.9999812245
0.9999727607
0.9999844432
0.9999802113
0.9999774694
0.9999766350
0.9999767542
0.9999709129
0.9999858141
0.9999819994
0.9999761581
0.9999836683
0.9999858141
0.9999800920
0.9999796748
0.9999781847
0.9999879003
0.9999682903
0.9999810457
0.9999751449
0.9999817610
0.9999774694
0.9999815226
0.9999877214
0.9999802709
0.9999718666
0.9999822378
0.9999846220
0.9999830127
0.9999722242
0.9999703169
0.9999865890
0.9999743104
0.9999784231
0.9999791980
0.9999762774
0.9999817014
0.9999842644
0.9999740124
0.9999836683
0.9999854565
0.9999732971
0.9999864101
0.9999825954
0.9999763966
0.9999785423
0.9999881387
0.9999790788
0.9999763966
0.9999811053
0.9999771714
0.9999796152
0.9999732375
0.9999775290
0.9999895096
0.9999829531
0.9999824762
0.9999794960
0.9999791384
0.9999889135
0.9999824762
0.9999656677
0.9999790192
0.9999848604
0.9999831915
0.9999887943
0.9999784231
0.9999747276
0.9999727011
0.9999827147
0.9999783039
0.9999747872
0.9999723434
0.9999828339
0.9999731779
0.9999731779
0.9999773502
0.9999833107
0.9999772310
0.9999822974
0.9999834895
0.9999890327
0.9999812245
0.9999877214
0.9999808073
0.9999727011
0.9999754429
0.9999742508
0.9999773502
0.9999890924
0.9999685287
0.9999775887
0.9999813437
0.9999771118
0.9999863505
0.9999636412
0.9999761581
0.9999827147
0.9999799132
0.9999795556
0.9999785423
0.9999798536
0.9999787211
0.9999880791
0.9999853373
0.9999743700
0.9999732971
0.9999831915
0.9999700785
0.9999793768
0.9999793768
0.9999802113
0.9999756217
0.9999756813
0.9999781251
0.9999753237
0.9999808669
0.9999771118
0.9999842048
0.9999809265
0.9999722242
0.9999763966
0.9999833703
0.9999800920
0.9999882579
0.9999800920
0.9999718070
0.9999799728
0.9999712706
0.9999694824
0.9999799728
0.9999749660
0.9999738932
0.9999789000
0.9999732971
0.9999792576
0.9999619722
0.9999794364
0.9999877214
0.9999726415
0.9999887943
0.9999792576
0.9999843836
0.9999714494
0.9999825954
0.9999883175
0.9999744892
0.9999704361
0.9999808669
0.9999749660
0.9999797344
0.9999667406
0.9999761581
0.9999821782
0.9999675751
0.9999838471
0.9999784827
0.9999762774
0.9999659061
0.9999482632
0.9999834299
0.9999685884
0.9999573231
0.9999700189
0.9999836683
0.9999853373
0.9999898672
0.9999811053
0.9999810457
0.9999661446
0.9999792576
0.9999778271
0.9999792576
0.9999778867
0.9999794960
0.9999775887
0.9999872446
0.9999802709
0.9999759197
0.9999734163
0.9999791980
0.9999836683
0.9999756217
0.9999748468
0.9999739528
0.9999789000
0.9999794960
0.9999800324
0.9999774694
0.9999768138
0.9999804497
0.9999680519
0.9999729395
0.9999777675
0.9999760985
0.9999825954
0.9999775887
0.9999816418
0.9999755621
0.9999712706
0.9999752045
0.9999868870
0.9999768734
0.9999848604
0.9999716282
0.9999685884
0.9999626875
0.9999704957
0.9999761581
0.9999737740
0.9999794364
0.9999669790
0.9999783039
0.9999612570
0.9999734759
0.9999705553
0.9999799132
0.9999619722
0.9999701977
0.9999861717
0.9999551773
0.9999829531
0.9999818206
0.9999679923
0.9999788404
0.9999771118
0.9999677539
0.9999818802
0.9999486208
0.9999740124
0.9999841452
0.9999662638
0.9999780655
0.9999744892
0.9999835491
0.9999721050
0.9999660254
0.9999431372
0.9999575615
0.9999700785
0.9999812841
0.9999789596
0.9999519587
0.9999669790
0.9999749660
0.9999760389
0.9999690056
0.9999589920
0.9999711514
0.9999712110
0.9999930859
0.9999781847
0.9999753833
0.9999697804
0.9999617338
0.9999645948
0.9999756813
0.9999669194
0.9999617934
0.9999816418
0.9999726415
0.9999741316
0.9999776483
0.9999836683
0.9999825954
0.9999709129
0.9999793768
0.9999734759
0.9999724627
0.9999706745
0.9999634624
0.9999670982
0.9999632835
0.9999626875
0.9999784231
0.9999719858
0.9999755025
0.9999737740
0.9999569654
0.9999839067
0.9999728203
0.9999706149
0.9999725819
0.9999427795
0.9999749660
0.9999690056
0.9999656677
0.9999658465
0.9999722242
0.9999623299
0.9999734163
0.9999669790
0.9999848604
0.9999787807
0.9999780655
0.9999814034
0.9999711514
0.9999755621
0.9999581575
0.9999707937
0.9999748468
0.9999639392
0.9999700785
0.9999822378
0.9999693632
0.9999723434
0.9999771714
0.9999856353
0.9999722242
0.9999650717
0.9999596477
0.9999724627
0.9999614954
0.9999781847
0.9999579787
0.9999549389
0.9999744892
0.9999747276
0.9999718070
0.9999759197
0.9999760985
0.9999716282
0.9999853373
0.9999655485
0.9999805689
0.9999834299
0.9999564290
0.9999727607
0.9999652505
0.9999698400
0.9999726415
0.9999786615
0.9999719858
0.9999697208
0.9999865294
0.9999793768
0.9999697208
0.9999791384
0.9999681711
0.9999688864
0.9999755621
0.9999822378
0.9999715090
0.9999699593
0.9999848604
0.9999790192
0.9999658465
0.9999512434
0.9999811649
0.9999816418
0.9999825954
0.9999767542
0.9999750853
0.9999804497
0.9999819994
0.9999716282
0.9999657869
0.9999774098
0.9999597073
0.9999629259
0.9999564886
0.9999660254
0.9999821782
0.9999766350
0.9999610186
0.9999571443
0.9999735951
0.9999623299
0.9999682903
0.9999676943
0.9999819994
0.9999829531
0.9999730587
0.9999531507
0.9999819994
0.9999819994
0.9999779463
0.9999809265
0.9999723434
0.9999802113
0.9999775887
0.9999794364
0.9999638796
0.9999810457
0.9999753833
0.9999637008
0.9999812841
0.9999722242
0.9999712706
0.9999703169
0.9999688864
0.9999651313
0.9999827147
0.9999762774
0.9999727011
0.9999790788
0.9999822378
0.9999724627
0.9999748468
0.9999709129
0.9999818802
0.9999601841
0.9999725223
0.9999694824
0.9999779463
0.9999707341
0.9999765158
0.9999852180
0.9999751449
0.9999609590
0.9999784231
0.9999786615
0.9999781251
0.9999642372
0.9999589920
0.9999806881
0.9999711514
0.9999729991
0.9999712706
0.9999693036
0.9999772310
0.9999815226
0.9999663830
0.9999794960
0.9999817610
0.9999641180
0.9999827147
0.9999778867
0.9999731779
0.9999711514
0.9999844432
0.9999751449
0.9999638796
0.9999790788
0.9999686480
0.9999749064
0.9999687076
0.9999728203
0.9999874234
0.9999777675
0.9999780059
0.9999694824
0.9999684095
0.9999870658
0.9999781847
0.9999533892
0.9999740720
0.9999784827
0.9999780655
0.9999858141
0.9999704361
0.9999668598
0.9999638796
0.9999784231
0.9999659061
0.9999642372
0.9999626875
0.9999754429
0.9999630451
0.9999655485
0.9999691248
0.9999771118
0.9999693632
0.9999773502
0.9999803305
0.9999859333
0.9999768734
0.9999843240
0.9999738932
0.9999651909
0.9999663234
0.9999701977
0.9999716878
0.9999863505
0.9999575019
0.9999715686
0.9999765158
0.9999673367
0.9999826550
0.9999533892
0.9999673367
0.9999783039
0.9999775290
0.9999730587
0.9999734163
0.9999746084
0.9999735951
0.9999847412
0.9999829531
0.9999675155
0.9999685884
0.9999768734
0.9999604225
0.9999735355
0.9999772310
0.9999729395
0.9999683499
0.9999678135
0.9999718070
0.9999674559
0.9999774694
0.9999625683
0.9999819994
0.9999756813
0.9999669194
0.9999685884
0.9999828339
0.9999750853
0.9999845028
0.9999703169
0.9999650121
0.9999762774
0.9999557734
0.9999573231
0.9999758005
0.9999694824
0.9999679327
0.9999728203
0.9999641180
0.9999736547
0.9999462366
0.9999731779
0.9999846220
0.9999648333
0.9999853373
0.9999729395
0.9999802113
0.9999611378
0.9999778867
0.9999854565
0.9999675751
0.9999619722
0.9999754429
0.9999701381
0.9999770522
0.9999585152
0.9999682903
0.9999772310
0.9999586344
0.9999799132
0.9999718666
0.9999684691
0.9999588728
0.9999340773
0.9999818802
0.9999624491
0.9999437332
0.9999614954
0.9999790192
0.9999806881
0.9999865890
0.9999786615
0.9999761581
0.9999605417
0.9999710917
0.9999729991
0.9999729991
0.9999736547
0.9999676347
0.9999686480
0.9999817610
0.9999756813
0.9999701977
0.9999663830
0.9999718666
0.9999803305
0.9999643564
0.9999720454
0.9999663234
0.9999731183
0.9999725819
0.9999706149
0.9999713898
0.9999682903
0.9999768138
0.9999587536
0.9999689460
0.9999715090
0.9999696612
0.9999790788
0.9999698997
0.9999774098
0.9999678731
0.9999637604
0.9999694824
0.9999814034
0.9999697804
0.9999802709
0.9999669194
0.9999600649
0.9999786615
0.9999819994
0.9999817610
0.9999814034
0.9999866486
0.9999824762
0.9999849200
0.9999828339
0.9999853373
0.9999845028
0.9999856949
0.9999799728
0.9999805689
0.9999890327
0.9999747276
0.9999896288
0.9999897480
0.9999752045
0.9999844432
0.9999858141
0.9999824762
0.9999880195
0.9999690652
0.9999827147
0.9999897480
0.9999769926
0.9999834299
0.9999810457
0.9999863505
0.9999830723
0.9999803305
0.9999707937
0.9999779463
0.9999806285
0.9999882579
0.9999866486
0.9999760389
0.9999768734
0.9999849200
0.9999884367
0.9999829531
0.9999798536
0.9999835491
0.9999814034
0.9999957085
0.9999846220
0.9999867678
0.9999859333
0.9999750257
0.9999767542
0.9999850392
0.9999821186
0.9999781847
0.9999799728
0.9999829531
0.9999873042
0.9999797940
0.9999899864
0.9999871850
0.9999822378
0.9999871850
0.9999800920
0.9999776483
0.9999854565
0.9999819994
0.9999779463
0.9999814034
0.9999814034
0.9999872446
0.9999848604
0.9999810457
0.9999793768
0.9999768734
0.9999850988
0.9999796152
0.9999784231
0.9999777675
0.9999775290
0.9999852777
0.9999783635
0.9999817610
0.9999848008
0.9999771118
0.9999783039
0.9999840260
0.9999781847
0.9999886751
0.9999847412
0.9999834299
0.9999878407
0.9999775887
0.9999872446
0.9999731779
0.9999772310
0.9999865294
0.9999752641
0.9999852180
0.9999867678
0.9999853373
0.9999809265
0.9999860525
0.9999867678
0.9999842644
0.9999759197
0.9999760985
0.9999824762
0.9999749660
0.9999835491
0.9999824762
0.9999749660
0.9999861121
0.9999885559
0.9999841452
0.9999834299
0.9999864101
0.9999808073
0.9999877214
0.9999777675
0.9999836683
0.9999870062
0.9999806881
0.9999833107
0.9999830723
0.9999842644
0.9999855161
0.9999823570
0.9999846220
0.9999791980
0.9999907017
0.9999818802
0.9999792576
0.9999818802
0.9999839067
0.9999872446
0.9999842048
0.9999881387
0.9999777079
0.9999829531
0.9999892712
0.9999855757
0.9999774694
0.9999795556
0.9999872446
0.9999885559
0.9999885559
0.9999842644
0.9999808073
0.9999868274
0.9999874830
0.9999808073
0.9999822378
0.9999842644
0.9999828339
0.9999819994
0.9999791980
0.9999744296
0.9999902248
0.9999822974
0.9999808073
0.9999776483
0.9999756813
0.9999768734
0.9999778271
0.9999819994
0.9999879599
0.9999862909
0.9999786615
0.9999741316
0.9999885559
0.9999866486
0.9999846220
0.9999859929
0.9999818802
0.9999841452
0.9999822974
0.9999865890
0.9999803305
0.9999861717
0.9999834299
0.9999824762
0.9999895096
0.9999846220
0.9999812841
0.9999788404
0.9999793768
0.9999796748
0.9999879599
0.9999868274
0.9999792576
0.9999885559
0.9999869466
0.9999816418
0.9999845028
0.9999811649
0.9999912381
0.9999758005
0.9999853373
0.9999809265
0.9999834895
0.9999840260
0.9999878407
0.9999895096
0.9999853373
0.9999799728
0.9999855757
0.9999881983
0.9999866486
0.9999792576
0.9999761581
0.9999903440
0.9999775887
0.9999858737
0.9999851584
0.9999791384
0.9999853969
0.9999861717
0.9999806285
0.9999831915
0.9999878407
0.9999800920
0.9999866486
0.9999840260
0.9999803305
0.9999863505
0.9999877214
0.9999845028
0.9999828339
0.9999836683
0.9999816418
0.9999836087
0.9999790192
0.9999785423
0.9999873638
0.9999838471
0.9999789000
0.9999854565
0.9999845624
0.9999871254
0.9999828339
0.9999791384
0.9999797344
0.9999886751
0.9999859333
0.9999908209
0.9999814034
0.9999799728
0.9999763966
0.9999811053
0.9999843240
0.9999808073
0.9999717474
0.9999909997
0.9999783039
0.9999808669
0.9999824762
0.9999861121
0.9999798536
0.9999849200
0.9999852180
0.9999882579
0.9999831915
0.9999898672
0.9999890924
0.9999793768
0.9999798536
0.9999778271
0.9999824166
0.9999887943
0.9999802113
0.9999797940
0.9999864101
0.9999841452
0.9999897480
0.9999721050
0.9999824166
0.9999853969
0.9999812841
0.9999852777
0.9999834299
0.9999862909
0.9999810457
0.9999910593
0.9999879599
0.9999814034
0.9999788404
0.9999847412
0.9999794960
0.9999787807
0.9999808669
0.9999843836
0.9999774098
0.9999817610
0.9999828339
0.9999770522
0.9999866486
0.9999847412
0.9999859333
0.9999843240
0.9999746084
0.9999835491
0.9999828339
0.9999847412
0.9999895692
0.9999834895
0.9999823570
0.9999849796
0.9999856949
0.9999762774
0.9999789596
0.9999812841
0.9999837875
0.9999829531
0.9999800920
0.9999835491
0.9999719858
0.9999807477
0.9999891520
0.9999800324
0.9999920130
0.9999815226
0.9999835491
0.9999802113
0.9999866486
0.9999910593
0.9999790192
0.9999812841
0.9999815822
0.9999763966
0.9999864101
0.9999740720
0.9999815226
0.9999746084
0.9999725819
0.9999888539
0.9999840260
0.9999814034
0.9999784231
0.9999704361
0.9999830723
0.9999725819
0.9999771118
0.9999793768
0.9999861717
0.9999889135
0.9999905825
0.9999828339
0.9999875426
0.9999811053
0.9999864697
0.9999858141
0.9999796152
0.9999810457
0.9999853373
0.9999866486
0.9999887943
0.9999842644
0.9999842644
0.9999749660
0.9999861121
0.9999857545
0.9999815226
0.9999769926
0.9999806881
0.9999849796
0.9999798536
0.9999855757
0.9999842644
0.9999822378
0.9999843240
0.9999830723
0.9999833107
0.9999817014
0.9999830723
0.9999859333
0.9999816418
0.9999836087
0.9999803305
0.9999815226
0.9999830723
0.9999873042
0.9999825954
0.9999853373
0.9999805689
0.9999775290
0.9999554157
0.9999612570
0.9999681711
0.9999703169
0.9999732971
0.9999585748
0.9999749660
0.9999606609
0.9999687672
0.9999639392
0.9999716282
0.9999589920
0.9999622107
0.9999794960
0.9999479055
0.9999793768
0.9999805689
0.9999603033
0.9999740124
0.9999713898
0.9999629855
0.9999787211
0.9999329448
0.9999675751
0.9999806881
0.9999570847
0.9999702573
0.9999642968
0.9999771118
0.9999632239
0.9999532700
0.9999401569
0.9999510050
0.9999576807
0.9999775887
0.9999737740
0.9999383688
0.9999579787
0.9999712706
0.9999705553
0.9999624491
0.9999495745
0.9999592304
0.9999610186
0.9999898672
0.9999702573
0.9999698400
0.9999599457
0.9999543428
0.9999527931
0.9999685287
0.9999573231
0.9999527931
0.9999748468
0.9999673367
0.9999648333
0.9999665022
0.9999779463
0.9999784231
0.9999599457
0.9999703169
0.9999717474
0.9999685287
0.9999638796
0.9999589920
0.9999583960
0.9999569654
0.9999558926
0.9999726415
0.9999651313
0.9999679327
0.9999635220
0.9999482632
0.9999760389
0.9999670982
0.9999643564
0.9999631047
0.9999274611
0.9999700189
0.9999591112
0.9999604225
0.9999603033
0.9999587536
0.9999565482
0.9999694228
0.9999553561
0.9999792576
0.9999694824
0.9999704361
0.9999774098
0.9999628067
0.9999663830
0.9999614358
0.9999593496
0.9999638796
0.9999601841
0.9999612570
0.9999785423
0.9999620914
0.9999674559
0.9999713898
0.9999789000
0.9999661446
0.9999620914
0.9999529123
0.9999653101
0.9999570847
0.9999719858
0.9999493361
0.9999449253
0.9999681711
0.9999666214
0.9999692440
0.9999682903
0.9999697208
0.9999649525
0.9999805689
0.9999601245
0.9999780059
0.9999793768
0.9999414682
0.9999623299
0.9999549389
0.9999625683
0.9999703169
0.9999741912
0.9999666810
0.9999616742
0.9999827147
0.9999719262
0.9999595284
0.9999716282
0.9999678135
0.9999642372
0.9999661446
0.9999795556
0.9999678135
0.9999600649
0.9999789000
0.9999715090
0.9999537468
0.9999395013
0.9999775290
0.9999765158
0.9999781251
0.9999671578
0.9999627471
0.9999725223
0.9999746680
0.9999582767
0.9999622107
0.9999682903
0.9999520779
0.9999505877
0.9999447465
0.9999594688
0.9999773502
0.9999721050
0.9999564886
0.9999501705
0.9999644160
0.9999604225
0.9999558330
0.9999518991
0.9999790192
0.9999786615
0.9999613762
0.9999389052
0.9999762177
0.9999781847
0.9999744296
0.9999775290
0.9999678135
0.9999718666
0.9999711514
0.9999673367
0.9999619722
0.9999797940
0.9999697208
0.9999518394
0.9999763966
0.9999654293
0.9999631047
0.9999618530
0.9999613762
0.9999544621
0.9999759197
0.9999734163
0.9999688864
0.9999704957
0.9999785423
0.9999670386
0.9999688864
0.9999573231
0.9999787807
0.9999440312
0.9999651909
0.9999650717
0.9999747276
0.9999672771
0.9999748468
0.9999790192
0.9999715686
0.9999551773
0.9999718666
0.9999740124
0.9999771714
0.9999549389
0.9999521971
0.9999746084
0.9999609590
0.9999700785
0.9999678135
0.9999597073
0.9999738932
0.9999759197
0.9999581575
0.9999777079
0.9999775887
0.9999578595
0.9999771118
0.9999656677
0.9999642968
0.9999626875
0.9999801517
0.9999688864
0.9999603033
0.9999711514
0.9999625087
0.9999721050
0.9999610186
0.9999687076
0.9999825954
0.9999738932
0.9999740720
0.9999589920
0.9999682903
0.9999841452
0.9999718070
0.9999474287
0.9999676943
0.9999744892
0.9999719858
0.9999812841
0.9999663830
0.9999644756
0.9999541640
0.9999717474
0.9999653101
0.9999501109
0.9999497533
0.9999697804
0.9999549389
0.9999630451
0.9999634027
0.9999647141
0.9999670982
0.9999686480
0.9999710321
0.9999814034
0.9999715686
0.9999783039
0.9999644756
0.9999641180
0.9999611378
0.9999644160
0.9999647141
0.9999817610
0.9999448657
0.9999687672
0.9999715686
0.9999587536
0.9999786615
0.9999479055
0.9999597669
0.9999717474
0.9999693632
0.9999684095
0.9999643564
0.9999701977
0.9999662638
0.9999811053
0.9999791384
0.9999592304
0.9999656081
0.9999685884
0.9999562502
0.9999704361
0.9999712706
0.9999703169
0.9999604225
0.9999510050
0.9999611378
0.9999611974
0.9999709129
0.9999601841
0.9999765158
0.9999697804
0.9999561906
0.9999608994
0.9999774098
0.9999721050
0.9999791384
0.9999660254
0.9999624491
0.9999685287
0.9999495745
0.9999547005
0.9999700785
0.9999618530
0.9999645352
0.9999701381
0.9999574423
0.9999651909
0.9999389648
0.9999639988
0.9999749660
0.9999616146
0.9999779463
0.9999674559
0.9999754429
0.9999586344
0.9999746084
0.9999841452
0.9999656081
0.9999518394
0.9999695420
0.9999612570
0.9999715090
0.9999544621
0.9999630451
0.9999666810
0.9999504089
0.9999737740
0.9999647141
0.9999661446
0.9999457002
0.9999269247
0.9999734163
0.9999557137
0.9999270439
0.9999461770
0.9999741912
0.9999779463
0.9999821186
0.9999719858
0.9999704361
0.9999474287
0.9999651909
0.9999685287
0.9999634027
0.9999645948
0.9999551773
0.9999625683
0.9999730587
0.9999723434
0.9999666214
0.9999603033
0.9999669790
0.9999758601
0.9999616742
0.9999645948
0.9999634624
0.9999659657
0.9999681115
0.9999628663
0.9999677539
0.9999610186
0.9999734759
0.9999554157
0.9999600649
0.9999664426
0.9999633431
0.9999703169
0.9999612570
0.9999718666
0.9999629259
0.9999494553
0.9999659061
0.9999749660
0.9999603033
0.9999725819
0.9999589920
0.9999575615
0.9999754429
0.9999814034
0.9999818802
0.9999816418
0.9999846220
0.9999803305
0.9999840856
0.9999804497
0.9999834299
0.9999815226
0.9999857545
0.9999798536
0.9999799132
0.9999893904
0.9999712706
0.9999897480
0.9999889731
0.9999761581
0.9999864101
0.9999853373
0.9999814034
0.9999880791
0.9999609590
0.9999814034
0.9999895096
0.9999784231
0.9999830127
0.9999824762
0.9999862313
0.9999800920
0.9999783635
0.9999690056
0.9999761581
0.9999796152
0.9999868870
0.9999872446
0.9999728799
0.9999768734
0.9999835491
0.9999862909
0.9999824762
0.9999760985
0.9999815226
0.9999817610
0.9999951124
0.9999845028
0.9999847412
0.9999824166
0.9999772310
0.9999781847
0.9999830723
0.9999789000
0.9999758601
0.9999821782
0.9999829531
0.9999849796
0.9999808669
0.9999880791
0.9999878407
0.9999825954
0.9999859333
0.9999809265
0.9999803305
0.9999834895
0.9999786019
0.9999773502
0.9999797344
0.9999803305
0.9999861717
0.9999827147
0.9999815226
0.9999806881
0.9999749660
0.9999852180
0.9999802113
0.9999767542
0.9999768138
0.9999728203
0.9999829531
0.9999787211
0.9999780655
0.9999794960
0.9999772310
0.9999765158
0.9999844432
0.9999749064
0.9999876618
0.9999856949
0.9999819994
0.9999887943
0.9999796152
0.9999857545
0.9999760389
0.9999763966
0.9999853969
0.9999731779
0.9999831915
0.9999861121
0.9999827147
0.9999824166
0.9999860525
0.9999865294
0.9999834895
0.9999753237
0.9999759197
0.9999800920
0.9999779463
0.9999829531
0.9999781847
0.9999762774
0.9999837875
0.9999850988
0.9999836683
0.9999855161
0.9999848604
0.9999809265
0.9999886751
0.9999766350
0.9999833703
0.9999854565
0.9999772310
0.9999814630
0.9999803305
0.9999805689
0.9999843836
0.9999835491
0.9999844432
0.9999783039
0.9999898672
0.9999852180
0.9999767542
0.9999831915
0.9999831915
0.9999858141
0.9999827147
0.9999883175
0.9999790788
0.9999802709
0.9999881983
0.9999847412
0.9999794364
0.9999730587
0.9999859333
0.9999845028
0.9999877214
0.9999828935
0.9999805689
0.9999858141
0.9999858141
0.9999805689
0.9999780655
0.9999849200
0.9999810457
0.9999777079
0.9999756813
0.9999752641
0.9999878407
0.9999851584
0.9999777079
0.9999734163
0.9999766946
0.9999790788
0.9999725819
0.9999759793
0.9999883771
0.9999847412
0.9999783039
0.9999722838
0.9999878407
0.9999877214
0.9999839067
0.9999854565
0.9999791384
0.9999836683
0.9999844432
0.9999847412
0.9999789000
0.9999854565
0.9999842644
0.9999781847
0.9999884367
0.9999827147
0.9999789000
0.9999796748
0.9999800920
0.9999772310
0.9999868870
0.9999848008
0.9999789000
0.9999871254
0.9999863505
0.9999829531
0.9999834895
0.9999791384
0.9999910593
0.9999761581
0.9999853373
0.9999800920
0.9999865294
0.9999812841
0.9999878407
0.9999864697
0.9999859333
0.9999806881
0.9999864101
0.9999878407
0.9999864697
0.9999743700
0.9999731183
0.9999874830
0.9999769330
0.9999817610
0.9999847412
0.9999808073
0.9999833107
0.9999864101
0.9999744892
0.9999854565
0.9999871254
0.9999800920
0.9999865294
0.9999840260
0.9999790788
0.9999815226
0.9999868870
0.9999824166
0.9999811649
0.9999814034
0.9999810457
0.9999827147
0.9999757409
0.9999799132
0.9999892712
0.9999852180
0.9999820590
0.9999815226
0.9999836683
0.9999891520
0.9999843836
0.9999742508
0.9999823570
0.9999872446
0.9999875426
0.9999902248
0.9999806881
0.9999829531
0.9999772310
0.9999836683
0.9999855161
0.9999799728
0.9999741912
0.9999885559
0.9999790192
0.9999792576
0.9999799728
0.9999857545
0.9999811649
0.9999853373
0.9999860525
0.9999884963
0.9999842644
0.9999887943
0.9999870062
0.9999808073
0.9999788404
0.9999778271
0.9999818802
0.9999886751
0.9999783039
0.9999822974
0.9999855757
0.9999815226
0.9999893904
0.9999701977
0.9999811649
0.9999858737
0.9999823570
0.9999841452
0.9999808073
0.9999815226
0.9999831319
0.9999909997
0.9999875426
0.9999783635
0.9999762177
0.9999856353
0.9999805689
0.9999810457
0.9999785423
0.9999847412
0.9999740124
0.9999804497
0.9999817610
0.9999766350
0.9999854565
0.9999831915
0.9999866486
0.9999853969
0.9999762774
0.9999812245
0.9999834895
0.9999828339
0.9999893904
0.9999825358
0.9999797940
0.9999804497
0.9999803305
0.9999776483
0.9999780655
0.9999805689
0.9999791980
0.9999830723
0.9999784231
0.9999830723
0.9999723434
0.9999798536
0.9999880195
0.9999794960
0.9999905229
0.9999830723
0.9999856949
0.9999777675
0.9999852777
0.9999899864
0.9999815226
0.9999790788
0.9999831915
0.9999749660
0.9999821186
0.9999730587
0.9999804497
0.9999813437
0.9999737740
0.9999874234
0.9999840260
0.9999834299
0.9999736547
0.9999662638
0.9999846220
0.9999746084
0.9999729991
0.9999755621
0.9999865294
0.9999884367
0.9999896288
0.9999835491
0.9999863505
0.9999750257
0.9999846220
0.9999834299
0.9999808669
0.9999809265
0.9999827147
0.9999841452
0.9999872446
0.9999840856
0.9999828339
0.9999749660
0.9999833703
0.9999868870
0.9999829531
0.9999789000
0.9999791980
0.9999822378
0.9999809265
0.9999839067
0.9999806881
0.9999806881
0.9999836683
0.9999805093
0.9999806881
0.9999799728
0.9999787807
0.9999831319
0.9999824762
0.9999843240
0.9999809265
0.9999765158
0.9999805689
0.9999885559
0.9999806285
0.9999840856
0.9999790788
0.9999769926
0.9999704361
0.9999761581
0.9999747872
0.9999759793
0.9999748468
0.9999734163
0.9999737740
0.9999701977
0.9999759197
0.9999777079
0.9999842644
0.9999673367
0.9999735355
0.9999864697
0.9999591112
0.9999834299
0.9999815226
0.9999639988
0.9999803901
0.9999812841
0.9999705553
0.9999827147
0.9999583364
0.9999754429
0.9999839664
0.9999702573
0.9999828935
0.9999796152
0.9999833107
0.9999784827
0.9999753237
0.9999530315
0.9999662638
0.9999793172
0.9999821186
0.9999816418
0.9999688864
0.9999710321
0.9999738932
0.9999837875
0.9999750853
0.9999688864
0.9999772310
0.9999759197
0.9999947548
0.9999796152
0.9999774694
0.9999788404
0.9999641180
0.9999724627
0.9999781251
0.9999754429
0.9999703169
0.9999755621
0.9999779463
0.9999828339
0.9999772906
0.9999860525
0.9999821186
0.9999775887
0.9999852777
0.9999687076
0.9999674559
0.9999791384
0.9999678135
0.9999698997
0.9999693036
0.9999713302
0.9999815226
0.9999771118
0.9999725223
0.9999773502
0.9999690056
0.9999835491
0.9999701977
0.9999672174
0.9999699593
0.9999720454
0.9999721050
0.9999732971
0.9999688268
0.9999700785
0.9999731779
0.9999645948
0.9999747276
0.9999726415
0.9999866486
0.9999819398
0.9999811649
0.9999830723
0.9999732971
0.9999833107
0.9999406338
0.9999742508
0.9999852180
0.9999562502
0.9999769330
0.9999793768
0.9999763370
0.9999747872
0.9999800324
0.9999868274
0.9999750853
0.9999557137
0.9999669790
0.9999784231
0.9999613762
0.9999791384
0.9999748468
0.9999662638
0.9999822974
0.9999815226
0.9999712706
0.9999794364
0.9999824762
0.9999766350
0.9999854565
0.9999623895
0.9999736547
0.9999796152
0.9999746084
0.9999759793
0.9999790788
0.9999786019
0.9999722242
0.9999767542
0.9999753237
0.9999675155
0.9999885559
0.9999789000
0.9999736547
0.9999767542
0.9999678135
0.9999777079
0.9999750853
0.9999816418
0.9999696016
0.9999748468
0.9999880195
0.9999822378
0.9999737740
0.9999705553
0.9999831915
0.9999840260
0.9999840260
0.9999798536
0.9999825358
0.9999842048
0.9999827147
0.9999775887
0.9999716282
0.9999822378
0.9999735355
0.9999785423
0.9999713302
0.9999649525
0.9999846816
0.9999710321
0.9999721050
0.9999674559
0.9999709725
0.9999650121
0.9999711514
0.9999766350
0.9999840260
0.9999768734
0.9999753237
0.9999685884
0.9999858141
0.9999815226
0.9999737740
0.9999759793
0.9999692440
0.9999817610
0.9999762774
0.9999858141
0.9999630451
0.9999778867
0.9999800324
0.9999759793
0.9999834299
0.9999780655
0.9999747276
0.9999742508
0.9999773502
0.9999706745
0.9999837875
0.9999780655
0.9999663830
0.9999858141
0.9999804497
0.9999783039
0.9999750853
0.9999806881
0.9999867082
0.9999721050
0.9999803305
0.9999681711
0.9999762774
0.9999747276
0.9999763966
0.9999858141
0.9999777675
0.9999752641
0.9999815226
0.9999845624
0.9999772310
0.9999681711
0.9999685287
0.9999865294
0.9999732971
0.9999743700
0.9999756813
0.9999762774
0.9999746084
0.9999810457
0.9999724030
0.9999772310
0.9999836087
0.9999675751
0.9999829531
0.9999834895
0.9999729395
0.9999797940
0.9999834895
0.9999758005
0.9999736547
0.9999798536
0.9999758005
0.9999703169
0.9999698400
0.9999707937
0.9999866486
0.9999799728
0.9999748468
0.9999837875
0.9999713898
0.9999825954
0.9999768138
0.9999676943
0.9999755621
0.9999830723
0.9999821186
0.9999868274
0.9999743700
0.9999701977
0.9999660254
0.9999799728
0.9999740720
0.9999790788
0.9999717474
0.9999864101
0.9999717474
0.9999624491
0.9999747872
0.9999858141
0.9999715686
0.9999822974
0.9999828339
0.9999863505
0.9999760389
0.9999877214
0.9999855757
0.9999588728
0.9999719262
0.9999673367
0.9999724627
0.9999865890
0.9999710321
0.9999685287
0.9999814034
0.9999768734
0.9999847412
0.9999564290
0.9999747276
0.9999815226
0.9999756813
0.9999760985
0.9999771714
0.9999749064
0.9999759197
0.9999859333
0.9999816418
0.9999720454
0.9999628067
0.9999821782
0.9999661446
0.9999750853
0.9999735355
0.9999766350
0.9999734163
0.9999820590
0.9999811649
0.9999712706
0.9999793768
0.9999784231
0.9999810457
0.9999787807
0.9999678135
0.9999780655
0.9999750853
0.9999732375
0.9999878407
0.9999770522
0.9999644756
0.9999756217
0.9999753237
0.9999647141
0.9999740124
0.9999713898
0.9999676943
0.9999770522
0.9999749660
0.9999802113
0.9999602437
0.9999763966
0.9999898672
0.9999634027
0.9999912381
0.9999741316
0.9999806881
0.9999643564
0.9999808073
0.9999842048
0.9999634027
0.9999745488
0.9999758005
0.9999686480
0.9999725819
0.9999574423
0.9999744892
0.9999799728
0.9999611378
0.9999837875
0.9999787807
0.9999674559
0.9999614954
0.9999473095
0.9999800920
0.9999625087
0.9999673367
0.9999749660
0.9999796152
0.9999830723
0.9999880791
0.9999777079
0.9999817610
0.9999711514
0.9999837875
0.9999738932
0.9999788404
0.9999710321
0.9999843240
0.9999796152
0.9999880791
0.9999762774
0.9999749660
0.9999696016
0.9999792576
0.9999798536
0.9999700785
0.9999657273
0.9999662638
0.9999758005
0.9999710321
0.9999824166
0.9999727011
0.9999743700
0.9999724627
0.9999641180
0.9999747276
0.9999731183
0.9999746084
0.9999811053
0.9999768734
0.9999773502
0.9999668002
0.9999731183
0.9999677539
0.9999850988
0.9999734163
0.9999833703
0.9999681711
0.9999548197
0.9998511672
0.9998455048
0.9999018312
0.9998984337
0.9998960495
0.9998115897
0.9998350739
0.9997622967
0.9998733997
0.9998584986
0.9999109507
0.9997661114
0.9998617172
0.9999135733
0.9997918606
0.9998981953
0.9998886585
0.9997771978
0.9998767972
0.9998955727
0.9997845888
0.9999017715
0.9997881651
0.9998597503
0.9998813868
0.9998739958
0.9999027252
0.9998784065
0.9999265671
0.9998903275
0.9998573065
0.9997289181
0.9998158216
0.9998948574
0.9998910427
0.9999103546
0.9998186827
0.9998522401
0.9998653531
0.9999005795
0.9998413920
0.9997940063
0.9998657107
0.9998750091
0.9999562502
0.9999006391
0.9998732805
0.9998413324
0.9998291731
0.9998644590
0.9998868704
0.9998414516
0.9998373985
0.9998836517
0.9998717308
0.9998841286
0.9999058247
0.9998868704
0.9999104142
0.9998397827
0.9999191761
0.9998520613
0.9998745918
0.9998809695
0.9997940063
0.9998171329
0.9997929335
0.9998313189
0.9998809695
0.9998569489
0.9998821020
0.9998787045
0.9998180866
0.9999307394
0.9998586178
0.9998058081
0.9998618364
0.9998134375
0.9998389482
0.9998604655
0.9998030663
0.9998108149
0.9998711348
0.9997619390
0.9998185635
0.9998738766
0.9999375343
0.9998848438
0.9998880625
0.9999140501
0.9998551607
0.9998954535
0.9997184277
0.9998660088
0.9999161363
0.9997651577
0.9998600483
0.9999070168
0.9998420477
0.9998670816
0.9998545647
0.9999253750
0.9998434782
0.9998233318
0.9998325706
0.9998569489
0.9997776151
0.9999049902
0.9998501539
0.9997752905
0.9999190569
0.9998888969
0.9998427629
0.9998612404
0.9998841286
0.9998662472
0.9999238253
0.9997839928
0.9998604059
0.9999185801
0.9998501539
0.9998438358
0.9998553991
0.9998775125
0.9997916222
0.9999093413
0.9998590946
0.9998429418
0.9999166131
0.9998676777
0.9998550415
0.9998810291
0.9998179674
0.9998257756
0.9998762608
0.9999120235
0.9998225570
0.9998427629
0.9999306202
0.9999023676
0.9998829365
0.9997636080
0.9999041557
0.9999034405
0.9998943806
0.9998899698
0.9999127388
0.9999083281
0.9999153614
0.9998635054
0.9998127818
0.9998930693
0.9997869134
0.9998677373
0.9997990131
0.9998440742
0.9999195337
0.9998662472
0.9998386502
0.9997886419
0.9998722076
0.9997974634
0.9998500347
0.9998535514
0.9999161363
0.9998675585
0.9998610020
0.9998152256
0.9998896122
0.9998932481
0.9998490810
0.9998682737
0.9998298883
0.9998959303
0.9998905659
0.9999217987
0.9997330904
0.9999068975
0.9998621941
0.9998267293
0.9999197721
0.9998538494
0.9998446703
0.9998762608
0.9998842478
0.9998151064
0.9999197721
0.9998350143
0.9998732805
0.9999018908
0.9998998642
0.9998736382
0.9998461008
0.9998888969
0.9998981357
0.9998465776
0.9998599291
0.9998263121
0.9998941422
0.9998612404
0.9998387098
0.9999175072
0.9998609424
0.9998298883
0.9998865128
0.9998927116
0.9998922944
0.9997913837
0.9997557402
0.9998869896
0.9998985529
0.9998562932
0.9998432398
0.9998655319
0.9998372197
0.9998934269
0.9998115897
0.9998955727
0.9999296069
0.9997969866
0.9998970032
0.9998905659
0.9998397827
0.9998620152
0.9998844862
0.9998791814
0.9997984767
0.9999201298
0.9998582602
0.9998201728
0.9998674393
0.9998687506
0.9999411106
0.9998995066
0.9998598099
0.9998676777
0.9997512698
0.9998974800
0.9998616576
0.9998278618
0.9998948574
0.9998832941
0.9998973608
0.9999096394
0.9998388886
0.9998419285
0.9997904301
0.9998843670
0.9998115301
0.9998465180
0.9998584986
0.9999090433
0.9998556376
0.9997986555
0.9998185635
0.9998943806
0.9998396039
0.9999179840
0.9999070168
0.9999189973
0.9998626709
0.9999139309
0.9998976588
0.9997861385
0.9998085499
0.9998255968
0.9998575449
0.9999232292
0.9997971058
0.9998360872
0.9998987913
0.9998043776
0.9999133348
0.9997957349
0.9998338223
0.9998988509
0.9999005795
0.9998714924
0.9998481274
0.9998269677
0.9998825788
0.9999137521
0.9999104738
0.9998369217
0.9998161197
0.9998922348
0.9997863770
0.9998884201
0.9999054670
0.9998462200
0.9998375177
0.9998998046
0.9998830557
0.9998465776
0.9998614788
0.9997713566
0.9999256134
0.9998639822
0.9998719692
0.9998472333
0.9998902082
0.9998477697
0.9999265671
0.9998255968
0.9997993708
0.9998539686
0.9997768402
0.9998057485
0.9998769760
0.9998046160
0.9998258352
0.9998724461
0.9998569489
0.9998849630
0.9997448325
0.9998343587
0.9999358654
0.9997802973
0.9999424815
0.9998521805
0.9998985529
0.9997485876
0.9998955131
0.9999064207
0.9997760057
0.9998391867
0.9998497963
0.9998327494
0.9998683929
0.9997307062
0.9998538494
0.9999086261
0.9997280836
0.9998900890
0.9998902082
0.9997700453
0.9997326732
0.9997305870
0.9999043941
0.9998605847
0.9997823238
0.9998522997
0.9998948574
0.9998703599
0.9999362230
0.9999052286
0.9998652339
0.9998714328
0.9999122620
0.9998691082
0.9998906851
0.9998426437
0.9998483658
0.9998440742
0.9999134541
0.9998428226
0.9998821020
0.9998486638
0.9998568296
0.9999051094
0.9997940063
0.9998297691
0.9997994900
0.9998549223
0.9998058081
0.9998603463
0.9998347759
0.9998272657
0.9998335838
0.9996801019
0.9998547435
0.9998568296
0.9998480678
0.9998901486
0.9998682141
0.9998708963
0.9998077154
0.9998093843
0.9998201132
0.9998907447
0.9998084307
0.9998835325
0.9998663068
0.9996631145
0.9999679327
0.9999727607
0.9999761581
0.9999744892
0.9999792576
0.9999711514
0.9999731779
0.9999651909
0.9999769926
0.9999733567
0.9999800324
0.9999658465
0.9999732375
0.9999831319
0.9999600649
0.9999829531
0.9999818206
0.9999600053
0.9999775887
0.9999765754
0.9999698400
0.9999822378
0.9999544024
0.9999736547
0.9999815226
0.9999725819
0.9999763966
0.9999760389
0.9999817610
0.9999750853
0.9999729395
0.9999505281
0.9999682307
0.9999740720
0.9999798536
0.9999824762
0.9999651909
0.9999697208
0.9999742508
0.9999833107
0.9999738932
0.9999688864
0.9999763966
0.9999748468
0.9999926686
0.9999786019
0.9999792576
0.9999771118
0.9999651909
0.9999729395
0.9999756217
0.9999709129
0.9999641180
0.9999676943
0.9999755621
0.9999808073
0.9999746084
0.9999827147
0.9999801517
0.9999725819
0.9999830127
0.9999668598
0.9999674559
0.9999783039
0.9999697208
0.9999625683
0.9999698400
0.9999737740
0.9999791384
0.9999748468
0.9999727011
0.9999711514
0.9999682307
0.9999809265
0.9999692440
0.9999620914
0.9999679327
0.9999676943
0.9999742508
0.9999690056
0.9999686480
0.9999709129
0.9999687076
0.9999627471
0.9999728203
0.9999705553
0.9999833107
0.9999799728
0.9999757409
0.9999831915
0.9999693036
0.9999808073
0.9999522567
0.9999688268
0.9999836087
0.9999535680
0.9999777079
0.9999795556
0.9999762774
0.9999723434
0.9999783039
0.9999818802
0.9999745488
0.9999614954
0.9999637008
0.9999713898
0.9999616742
0.9999762774
0.9999726415
0.9999632835
0.9999809265
0.9999809861
0.9999722242
0.9999771118
0.9999792576
0.9999721646
0.9999829531
0.9999627471
0.9999707937
0.9999805689
0.9999713898
0.9999746084
0.9999739528
0.9999766350
0.9999719858
0.9999768138
0.9999790192
0.9999669790
0.9999841452
0.9999751449
0.9999672174
0.9999746084
0.9999706745
0.9999791384
0.9999765158
0.9999829531
0.9999644756
0.9999732971
0.9999838471
0.9999795556
0.9999738932
0.9999638200
0.9999797344
0.9999786019
0.9999815822
0.9999780655
0.9999755621
0.9999804497
0.9999815822
0.9999743700
0.9999655485
0.9999773502
0.9999725819
0.9999732971
0.9999668598
0.9999614954
0.9999846220
0.9999742508
0.9999697804
0.9999600649
0.9999639988
0.9999670982
0.9999642968
0.9999712110
0.9999822974
0.9999738932
0.9999682307
0.9999647141
0.9999817610
0.9999800920
0.9999716282
0.9999750257
0.9999656081
0.9999771118
0.9999753237
0.9999825954
0.9999610186
0.9999774694
0.9999743700
0.9999711514
0.9999848008
0.9999750257
0.9999696016
0.9999700785
0.9999731779
0.9999665618
0.9999824762
0.9999736547
0.9999691844
0.9999819398
0.9999771714
0.9999725223
0.9999746084
0.9999738336
0.9999862909
0.9999701977
0.9999777079
0.9999657273
0.9999785423
0.9999731779
0.9999791384
0.9999812245
0.9999780655
0.9999722242
0.9999796152
0.9999812841
0.9999796152
0.9999623299
0.9999575615
0.9999814630
0.9999698400
0.9999744296
0.9999771118
0.9999724627
0.9999716878
0.9999793172
0.9999639988
0.9999756813
0.9999830723
0.9999681711
0.9999780655
0.9999771118
0.9999674559
0.9999742508
0.9999789000
0.9999752045
0.9999700189
0.9999778867
0.9999710321
0.9999673367
0.9999650717
0.9999704361
0.9999834895
0.9999778271
0.9999651313
0.9999771118
0.9999697208
0.9999789000
0.9999731779
0.9999676347
0.9999729395
0.9999821186
0.9999815822
0.9999858141
0.9999688864
0.9999707937
0.9999623299
0.9999730587
0.9999755621
0.9999737740
0.9999624491
0.9999871850
0.9999717474
0.9999653697
0.9999685287
0.9999814034
0.9999697208
0.9999819994
0.9999797940
0.9999811649
0.9999750853
0.9999841452
0.9999846220
0.9999642372
0.9999669194
0.9999614358
0.9999717474
0.9999828935
0.9999711514
0.9999682903
0.9999787807
0.9999741316
0.9999846220
0.9999561310
0.9999724627
0.9999799728
0.9999755621
0.9999769926
0.9999743700
0.9999707937
0.9999754429
0.9999859929
0.9999809861
0.9999691248
0.9999618530
0.9999797344
0.9999682903
0.9999690652
0.9999681115
0.9999741316
0.9999628067
0.9999781847
0.9999763966
0.9999617338
0.9999783635
0.9999734163
0.9999812841
0.9999769926
0.9999681115
0.9999713302
0.9999737740
0.9999722838
0.9999848008
0.9999724030
0.9999667406
0.9999723434
0.9999725223
0.9999648333
0.9999678135
0.9999667406
0.9999699593
0.9999721646
0.9999715686
0.9999760389
0.9999539256
0.9999676943
0.9999850988
0.9999678731
0.9999892712
0.9999730587
0.9999753237
0.9999626279
0.9999799728
0.9999833107
0.9999669790
0.9999711514
0.9999704361
0.9999595881
0.9999752641
0.9999532104
0.9999718666
0.9999729395
0.9999562502
0.9999830723
0.9999781847
0.9999700785
0.9999587536
0.9999564886
0.9999756813
0.9999626875
0.9999670982
0.9999703169
0.9999777079
0.9999814034
0.9999861121
0.9999756217
0.9999783039
0.9999735951
0.9999839067
0.9999771118
0.9999734163
0.9999715686
0.9999783039
0.9999786615
0.9999833107
0.9999734163
0.9999771118
0.9999623299
0.9999756813
0.9999810457
0.9999717474
0.9999649525
0.9999682903
0.9999719858
0.9999633431
0.9999780655
0.9999701977
0.9999692440
0.9999723434
0.9999663830
0.9999732375
0.9999699593
0.9999707937
0.9999764562
0.9999748468
0.9999736547
0.9999685287
0.9999680519
0.9999669790
0.9999811649
0.9999715686
0.9999766946
0.9999723434
0.9999562502
0.9999195337
0.9999307394
0.9999420643
0.9999486804
0.9999415874
0.9999179840
0.9999446273
0.9999119043
0.9999397993
0.9999344349
0.9999501705
0.9999252558
0.9999371767
0.9999603629
0.9999046922
0.9999559522
0.9999579787
0.9999092817
0.9999505281
0.9999415278
0.9999291897
0.9999611378
0.9998745918
0.9999393225
0.9999586344
0.9999338388
0.9999454021
0.9999414682
0.9999535680
0.9999380112
0.9999359846
0.9998903275
0.9999087453
0.9999337196
0.9999506474
0.9999535084
0.9998942614
0.9999209046
0.9999364614
0.9999535680
0.9999270439
0.9999167919
0.9999285936
0.9999412894
0.9999798536
0.9999461770
0.9999433756
0.9999361038
0.9999098778
0.9999334812
0.9999364018
0.9999236465
0.9999110103
0.9999418855
0.9999434948
0.9999416471
0.9999376535
0.9999550581
0.9999532700
0.9999285936
0.9999575615
0.9999337196
0.9999322891
0.9999434948
0.9999242425
0.9999119639
0.9999176264
0.9999316931
0.9999468327
0.9999336004
0.9999327660
0.9999346733
0.9999203682
0.9999548197
0.9999330044
0.9999084473
0.9999252558
0.9999034405
0.9999274015
0.9999204874
0.9999209642
0.9999184608
0.9999223948
0.9999103546
0.9999356270
0.9999233484
0.9999629259
0.9999465942
0.9999468327
0.9999580383
0.9999303818
0.9999387264
0.9998928308
0.9999279976
0.9999492168
0.9999026656
0.9999290705
0.9999551773
0.9999338984
0.9999397993
0.9999406338
0.9999608994
0.9999379516
0.9999099970
0.9999123812
0.9999309778
0.9999058247
0.9999432564
0.9999218583
0.9999107122
0.9999496937
0.9999439716
0.9999369383
0.9999409914
0.9999512434
0.9999388456
0.9999657869
0.9999117851
0.9999416471
0.9999532104
0.9999148250
0.9999338388
0.9999303818
0.9999379516
0.9999244213
0.9999511242
0.9999415874
0.9999240637
0.9999607205
0.9999480247
0.9999217391
0.9999437928
0.9999263883
0.9999384880
0.9999336004
0.9999588728
0.9999308586
0.9999336004
0.9999620914
0.9999521971
0.9999359250
0.9998966455
0.9999574423
0.9999513030
0.9999523163
0.9999426603
0.9999473095
0.9999483228
0.9999505877
0.9999268055
0.9999120235
0.9999438524
0.9999256134
0.9999227524
0.9999051690
0.9999173880
0.9999581575
0.9999386072
0.9999251962
0.9999067187
0.9999178648
0.9999266267
0.9999108315
0.9999150038
0.9999592304
0.9999440312
0.9999234676
0.9998980761
0.9999554157
0.9999505281
0.9999305606
0.9999479055
0.9999279976
0.9999462366
0.9999451041
0.9999483824
0.9999046326
0.9999491572
0.9999413490
0.9999210835
0.9999610186
0.9999355078
0.9999278188
0.9999283552
0.9999416471
0.9999120235
0.9999527335
0.9999388456
0.9999344349
0.9999496937
0.9999489188
0.9999402761
0.9999339581
0.9999275208
0.9999605417
0.9999189377
0.9999403358
0.9999158382
0.9999535680
0.9999377728
0.9999436140
0.9999551773
0.9999431372
0.9999290705
0.9999496937
0.9999517798
0.9999489188
0.9999042749
0.9999070168
0.9999486208
0.9999315739
0.9999328852
0.9999403954
0.9999377728
0.9999371767
0.9999557734
0.9999164343
0.9999531507
0.9999582767
0.9999141693
0.9999473691
0.9999467134
0.9999243021
0.9999296665
0.9999549389
0.9999423027
0.9999269843
0.9999485016
0.9999380112
0.9999248981
0.9999164343
0.9999378324
0.9999645352
0.9999532700
0.9999355078
0.9999409318
0.9999262691
0.9999618530
0.9999397397
0.9999140501
0.9999502897
0.9999532700
0.9999569654
0.9999660254
0.9999360442
0.9999302626
0.9999114275
0.9999454021
0.9999363422
0.9999285936
0.9999189377
0.9999565482
0.9999281168
0.9999189377
0.9999258518
0.9999500513
0.9999343157
0.9999536276
0.9999501705
0.9999588728
0.9999468327
0.9999616146
0.9999493361
0.9999168515
0.9999170899
0.9999142885
0.9999259710
0.9999626279
0.9999162555
0.9999332428
0.9999479055
0.9999285340
0.9999642968
0.9998987913
0.9999274015
0.9999532700
0.9999417663
0.9999397397
0.9999355078
0.9999291897
0.9999392033
0.9999621511
0.9999526739
0.9999226928
0.9999164343
0.9999476671
0.9999209642
0.9999432564
0.9999368787
0.9999465942
0.9999287128
0.9999358654
0.9999418259
0.9999234676
0.9999454021
0.9999279976
0.9999521971
0.9999429584
0.9999210835
0.9999262094
0.9999507666
0.9999321699
0.9999639392
0.9999381304
0.9999185801
0.9999307394
0.9999104142
0.9999151826
0.9999307394
0.9999150038
0.9999264479
0.9999356270
0.9999228716
0.9999388456
0.9998859167
0.9999189377
0.9999631047
0.9999197125
0.9999684095
0.9999360442
0.9999457002
0.9998991489
0.9999541044
0.9999601841
0.9999284148
0.9999240637
0.9999309778
0.9999130964
0.9999325871
0.9998987913
0.9999353886
0.9999474287
0.9999010563
0.9999502301
0.9999418855
0.9999334812
0.9998861551
0.9998832345
0.9999405146
0.9999153614
0.9998977780
0.9999159575
0.9999405146
0.9999529123
0.9999663830
0.9999430180
0.9999452233
0.9999178052
0.9999508858
0.9999334812
0.9999367595
0.9999316931
0.9999360442
0.9999355078
0.9999538660
0.9999405146
0.9999477267
0.9999222159
0.9999334812
0.9999573827
0.9999299049
0.9999178052
0.9999206066
0.9999207258
0.9999209642
0.9999403358
0.9999255538
0.9999207258
0.9999304414
0.9999053478
0.9999253750
0.9999284744
0.9999265075
0.9999421835
0.9999300838
0.9999425411
0.9999212027
0.9999138117
0.9999154806
0.9999533892
0.9999164343
0.9999446869
0.9999207258
0.9999054670
