0.9976195097
0.9969835877
0.9964463711
0.9969139099
0.9979262948
0.9973163009
0.9973315597
0.9978046417
0.9967694283
0.9971886873
0.9977077246
0.9980553389
0.9972867966
0.9971734285
0.9966349006
0.9973025322
0.9986464977
0.9973200560
0.9979656935
0.9975120425
0.9964897633
0.9968551397
0.9970788956
0.9979914427
0.9976744056
0.9972767830
0.9972721934
0.9971912503
0.9978324175
0.9980344772
0.9980653524
0.9969416261
0.9960257411
0.9976866245
0.9976053238
0.9980224371
0.9969704151
0.9972976446
0.9971234798
0.9978716373
0.9976321459
0.9971221089
0.9964724779
0.9983626604
0.9968457818
0.9968963861
0.9969120026
0.9984244108
0.9967512488
0.9966805577
0.9976330996
0.9960112572
0.9969202280
0.9954472184
0.9974452853
0.9972727299
0.9968467355
0.9981380701
0.9968918562
0.9967241883
0.9968514442
0.9969084859
0.9972688556
0.9964635372
0.9972163439
0.9973472357
0.9980118871
0.9967127442
0.9971210957
0.9972225428
0.9979256988
0.9965051413
0.9975402355
0.9969900846
0.9975854158
0.9969215393
0.9968073964
0.9977444410
0.9974811077
0.9970004559
0.9970753193
0.9976944327
0.9970301986
0.9972351789
0.9980639219
0.9962370396
0.9978603125
0.9980742931
0.9974654317
0.9978793859
0.9981530905
0.9963079691
0.9964371920
0.9975671768
0.9979218841
0.9974366426
0.9979534149
0.9973828793
0.9972225428
0.9978184700
0.9977218509
0.9981553555
0.9973638654
0.9968928099
0.9974223971
0.9960501194
0.9965353608
0.9986569881
0.9970123768
0.9974997044
0.9971411228
0.9967126846
0.9966497421
0.9975209236
0.9972947836
0.9972447753
0.9974182844
0.9967776537
0.9971314669
0.9980146289
0.9962749481
0.9968101978
0.9961784482
0.9968800545
0.9971725941
0.9965981841
0.9973348379
0.9970915318
0.9975022078
0.9966984987
0.9977391362
0.9979703426
0.9977032542
0.9974294901
0.9986135364
0.9976456761
0.9964821339
0.9980908036
0.9969286919
0.9974368811
0.9970300794
0.9978048801
0.9981216192
0.9973261356
0.9974018335
0.9959844947
0.9971000552
0.9979693294
0.9983849525
0.9978986979
0.9973972440
0.9972132444
0.9964839220
0.9981178641
0.9972874522
0.9969378710
0.9970046282
0.9973120689
0.9969060421
0.9960193634
0.9975147247
0.9971820116
0.9968112111
0.9966363311
0.9970270395
0.9967237711
0.9977449179
0.9973528385
0.9981261492
0.9974286556
0.9978240728
0.9964895248
0.9976881146
0.9971425533
0.9969714880
0.9973349571
0.9966742992
0.9974222183
0.9981320500
0.9972070456
0.9970105886
0.9978717566
0.9970474839
0.9972743988
0.9967290163
0.9964240789
0.9973400235
0.9977097511
0.9981871247
0.9974327087
0.9979220629
0.9983755946
0.9969879389
0.9969168901
0.9973208904
0.9977147579
0.9973208904
0.9968446493
0.9975522757
0.9974254370
0.9971744418
0.9978833199
0.9968720675
0.9972794056
0.9977414608
0.9976203442
0.9983769655
0.9968150854
0.9957202673
0.9974197149
0.9964759350
0.9972754717
0.9978892803
0.9976373911
0.9979747534
0.9971167445
0.9977353811
0.9964371920
0.9975423813
0.9978315830
0.9978053570
0.9972863197
0.9969100952
0.9962677360
0.9970439076
0.9978270531
0.9973212481
0.9973888993
0.9974296093
0.9965277910
0.9965060949
0.9977339506
0.9972540736
0.9963943958
0.9971942306
0.9966748953
0.9980511665
0.9981042743
0.9978468418
0.9962593913
0.9973782301
0.9977296591
0.9980398417
0.9973798394
0.9982539415
0.9977821112
0.9980575442
0.9965279102
0.9968113899
0.9972398877
0.9968622923
0.9978272915
0.9969040155
0.9972597361
0.9976310730
0.9968178272
0.9966571331
0.9975216389
0.9968031645
0.9970124960
0.9971970320
0.9981254935
0.9963301420
0.9973367453
0.9983391762
0.9974396229
0.9981083274
0.9978072643
0.9971212745
0.9973863363
0.9965896010
0.9986017942
0.9971347451
0.9958791137
0.9974489212
0.9976600409
0.9975244999
0.9980033636
0.9968289137
0.9973393679
0.9981166720
0.9971460104
0.9963779449
0.9966914654
0.9974442124
0.9969619513
0.9966865182
0.9957157373
0.9963833094
0.9966324568
0.9958263636
0.9970777035
0.9964587688
0.9965287447
0.9975620508
0.9972850680
0.9974474907
0.9977265000
0.9972789884
0.9968944788
0.9979517460
0.9975646734
0.9966039658
0.9971622825
0.9970046282
0.9981236458
0.9980043173
0.9971966743
0.9972325563
0.9974392653
0.9974158406
0.9972385764
0.9971226454
0.9973108768
0.9972865582
0.9965494871
0.9977473021
0.9975016117
0.9976190329
0.9974393845
0.9972218275
0.9969463348
0.9970965385
0.9983097315
0.9972101450
0.9964126945
0.9972188473
0.9975567460
0.9978352189
0.9976880550
0.9963052869
0.9972442389
0.9974237084
0.9966972470
0.9977042079
0.9977921247
0.9964391589
0.9975681901
0.9976296425
0.9966437817
0.9965753555
0.9960479140
0.9975985289
0.9982815981
0.9978246689
0.9972664714
0.9965991974
0.9961615801
0.9973334074
0.9980523586
0.9972287416
0.9973180294
0.9975029230
0.9973114729
0.9970967770
0.9980342984
0.9977880716
0.9975544214
0.9974981546
0.9973995686
0.9969490767
0.9975470901
0.9973671436
0.9969644547
0.9967597723
0.9966439009
0.9969453216
0.9977196455
0.9974247813
0.9970483184
0.9958001375
0.9976356030
0.9974174500
0.9976986647
0.9976205826
0.9973602295
0.9977724552
0.9969205856
0.9969638586
0.9980782866
0.9979592562
0.9971392751
0.9965541959
0.9972154498
0.9974653125
0.9966381788
0.9976736307
0.9983672500
0.9969730377
0.9977872372
0.9967717528
0.9976618886
0.9977316856
0.9963792562
0.9967563152
0.9966222644
0.9959212542
0.9960974455
0.9977019429
0.9971801043
0.9974761009
0.9965893030
0.9970426559
0.9978346229
0.9972669482
0.9975329638
0.9963824153
0.9970245361
0.9973496199
0.9975361824
0.9973112345
0.9961698651
0.9980896711
0.9964225292
0.9960379601
0.9969829321
0.9962857962
0.9971252084
0.9965403080
0.9974071980
0.9968378544
0.9976882339
0.9978150725
0.9960547686
0.9974054098
0.9972258806
0.9966145754
0.9972996712
0.9982026815
0.9978687763
0.9990071058
0.9962828755
0.9972759485
0.9975511432
0.9963994026
0.9967054129
0.9975801110
0.9969388247
0.9969594479
0.9974613190
0.9966192245
0.9981764555
0.9974616766
0.9973242283
0.9975472093
0.9974061251
0.9978055358
0.9972234964
0.9975277185
0.9968062043
0.9975020885
0.9973135591
0.9976195097
0.9977628589
0.9969137907
0.9965933561
0.9978582859
0.9979721904
0.9975142479
0.9970149994
0.9958468676
0.9977571964
0.9966720343
0.9970569015
0.9970985651
0.9961723089
0.9972867966
0.9968271852
0.9955230951
0.9968162775
0.9970029593
0.9974226952
0.9967477322
0.9978089333
0.9974584579
0.9975998402
0.9976394176
0.9966742992
0.9975264072
0.9971143603
0.9974251986
0.9970032573
0.9987920523
0.9966207743
0.9971022010
0.9967012405
0.9972514510
0.9967216253
0.9967494011
0.9981238842
0.9957424402
0.9968748093
0.9973829985
0.9974598885
0.9980025291
0.9970520139
0.9975502491
0.9977154732
0.9978070855
0.9976902008
0.9965671897
0.9968277216
0.9967899323
0.9978337288
0.9975506067
0.9976981878
0.9966468811
0.9974857569
0.9969842434
0.9973397255
0.9973974228
0.9972389936
0.9975433350
0.9969210625
0.9959788322
0.9964857101
0.9976227880
0.9968504906
0.9967352152
0.9974874258
0.9968496561
0.9969732761
0.9975661635
0.9979023933
0.9970138073
0.9967494011
0.9962745309
0.9971864223
0.9986188412
0.9971503615
0.9976624250
0.9973799586
0.9960072041
0.9967374802
0.9966762066
0.9979234338
0.9973660707
0.9967423677
0.9970289469
0.9970650673
0.9976650476
0.9978213310
0.9978736043
0.9966749549
0.9962878823
0.9974842072
0.9974967837
0.9979372025
0.9969109297
0.9970251322
0.9968788028
0.9976248741
0.9975755215
0.9969977140
0.9965161085
0.9982181787
0.9968618155
0.9966658354
0.9966886044
0.9983569384
0.9965815544
0.9965758324
0.9976680279
0.9958420396
0.9965171814
0.9956861734
0.9973239899
0.9969365597
0.9967858791
0.9982055426
0.9965146184
0.9965740442
0.9967437387
0.9970279932
0.9972411990
0.9960950017
0.9969586134
0.9970885515
0.9977879524
0.9964245558
0.9972343445
0.9968862534
0.9978610277
0.9965326786
0.9975226521
0.9970158339
0.9974240661
0.9969717860
0.9960823059
0.9976115823
0.9973089099
0.9968900681
0.9969696999
0.9977282286
0.9967567921
0.9970917106
0.9978698492
0.9962109923
0.9977487326
0.9979648590
0.9973207712
0.9979140759
0.9979281425
0.9964001179
0.9964051247
0.9973579645
0.9976692796
0.9973682165
0.9979295731
0.9971002340
0.9971103668
0.9975826144
0.9974727631
0.9979923964
0.9972498417
0.9965605736
0.9972060919
0.9963171482
0.9963644743
0.9985975027
0.9967951775
0.9972474575
0.9971582890
0.9967505336
0.9966800213
0.9973790646
0.9971876144
0.9970355034
0.9972305894
0.9965939522
0.9968023300
0.9977830052
0.9958652258
0.9964206219
0.9958958626
0.9966169596
0.9971200228
0.9965903759
0.9969267845
0.9970738292
0.9972007275
0.9963773489
0.9976052642
0.9975898266
0.9974297285
0.9973500967
0.9985102415
0.9973359108
0.9965028763
0.9979560375
0.9963451624
0.9973847866
0.9969702363
0.9976147413
0.9980098009
0.9972336292
0.9973330498
0.9960237741
0.9967174530
0.9977988005
0.9981516600
0.9979445934
0.9968787432
0.9969093800
0.9964387417
0.9979749918
0.9972003698
0.9964050651
0.9969877005
0.9969161153
0.9965291023
0.9958024025
0.9971703291
0.9968823195
0.9967237711
0.9963600636
0.9971646667
0.9962843060
0.9974089861
0.9972674847
0.9979069233
0.9972271919
0.9977165461
0.9960977435
0.9976233840
0.9968962669
0.9966551065
0.9973771572
0.9964953661
0.9973629713
0.9980714917
0.9969607592
0.9968782663
0.9976953268
0.9966630936
0.9969656467
0.9965407848
0.9963597059
0.9968652725
0.9975948930
0.9980251789
0.9975013733
0.9979088902
0.9982653260
0.9968585968
0.9968202114
0.9973844886
0.9974901676
0.9970871210
0.9967978597
0.9972544909
0.9970288277
0.9971994162
0.9977982044
0.9967970848
0.9971504211
0.9976704121
0.9972363710
0.9982215166
0.9967607260
0.9955987930
0.9973890781
0.9960433841
0.9970481396
0.9977240562
0.9976192713
0.9978000522
0.9970263243
0.9976494312
0.9963364601
0.9974962473
0.9976775646
0.9976055026
0.9970547557
0.9965829253
0.9958465099
0.9969075918
0.9978417158
0.9970161915
0.9972898364
0.9971812963
0.9964313507
0.9964756966
0.9973564148
0.9968736172
0.9963860512
0.9970541000
0.9963973761
0.9980276227
0.9980446100
0.9978039265
0.9960261583
0.9972381592
0.9976673126
0.9979062080
0.9971987009
0.9980396032
0.9976031184
0.9979829788
0.9960581064
0.9967269897
0.9971935749
0.9965112805
0.9973934889
0.9967217445
0.9971894026
0.9974824786
0.9967465997
0.9961036444
0.9974342585
0.9965296388
0.9965289831
0.9970188737
0.9981198311
0.9965390563
0.9971576929
0.9982627630
0.9972312450
0.9979403615
0.9978057742
0.9966214895
0.9971123934
0.9964667559
0.9984365106
0.9970095158
0.9957540035
0.9973216653
0.9974983931
0.9971263409
0.9978302717
0.9964212775
0.9970186949
0.9979881048
0.9970480204
0.9959630966
0.9966079593
0.9973762035
0.9965273738
0.9965753555
0.9954642057
0.9962009192
0.9964051247
0.9954459071
0.9967673421
0.9963991642
0.9962317944
0.9975286722
0.9968850613
0.9971939921
0.9974934459
0.9969702363
0.9968642592
0.9977840185
0.9974083900
0.9963989258
0.9968756437
0.9967685938
0.9978056550
0.9978679419
0.9969742298
0.9967245460
0.9975019693
0.9971948862
0.9969952106
0.9965198040
0.9972323775
0.9971139431
0.9965006709
0.9975758195
0.9973957539
0.9972203970
0.9973993301
0.9967442751
0.9966570139
0.9968260527
0.9982656240
0.9971127510
0.9963680506
0.9972054362
0.9972662330
0.9977893829
0.9975504875
0.9960364103
0.9968376756
0.9974105358
0.9964491725
0.9974688888
0.9974834919
0.9963690042
0.9973835945
0.9972202778
0.9965622425
0.9962483644
0.9956168532
0.9974817038
0.9982081056
0.9978748560
0.9969944954
0.9961568117
0.9961383343
0.9971552491
0.9979500175
0.9970962405
0.9971450567
0.9974600077
0.9973863959
0.9971134663
0.9980158806
0.9977163672
0.9973212481
0.9973539710
0.9969718456
0.9967349172
0.9974247813
0.9971861839
0.9968272448
0.9965113401
0.9963797331
0.9970090389
0.9974140525
0.9971946478
0.9969992638
0.9957000017
0.9974723458
0.9967773557
0.9974195957
0.9976072311
0.9971637130
0.9977116585
0.9967083931
0.9968020916
0.9980415702
0.9977982044
0.9966090918
0.9960417747
0.9969205856
0.9972313643
0.9963407516
0.9974590540
0.9982314110
0.9968931079
0.9976459742
0.9964190722
0.9973117113
0.9975548983
0.9963016510
0.9965476990
0.9963607788
0.9954168797
0.9961227179
0.9975268841
0.9970140457
0.9973754883
0.9964215159
0.9966614246
0.9975919127
0.9969916344
0.9974154830
0.9960761070
0.9965746403
0.9971885085
0.9976009130
0.9972636104
0.9961600304
0.9980627298
0.9961328506
0.9955222607
0.9968678951
0.9959664345
0.9968529940
0.9963084459
0.9969567060
0.9965355992
0.9975805283
0.9976662993
0.9959726334
0.9973011017
0.9971302748
0.9963616133
0.9970465899
0.9979630709
0.9975736141
0.9990105629
0.9964732528
0.9971159101
0.9974054098
0.9957017899
0.9961100817
0.9972674847
0.9966950417
0.9968441129
0.9972611666
0.9963883162
0.9981620312
0.9974552989
0.9971205592
0.9973176718
0.9970753193
0.9976997375
0.9968022704
0.9976382256
0.9966010451
0.9973965883
0.9969590902
0.9975500107
0.9975395799
0.9967418909
0.9965532422
0.9976249933
0.9978536367
0.9970737696
0.9969125986
0.9956980944
0.9972651601
0.9965798855
0.9967851043
0.9969432354
0.9959713221
0.9972035885
0.9968402386
0.9954739213
0.9965735078
0.9967124462
0.9972742796
0.9966895580
0.9977521300
0.9973376989
0.9972327352
0.9974470139
0.9965976477
0.9971417785
0.9969242811
0.9973243475
0.9967753887
0.9987597466
0.9964337349
0.9971292019
0.9965124130
0.9969625473
0.9966384172
0.9963862896
0.9979801774
0.9950805902
0.9964745045
0.9971929789
0.9972782731
0.9979319572
0.9969518781
0.9972912073
0.9975382090
0.9975934029
0.9975875616
0.9965272546
0.9964207411
0.9964720011
0.9976248741
0.9975005388
0.9976005554
0.9961972237
0.9970626831
0.9968531132
0.9969495535
0.9970526695
0.9969657063
0.9974230528
0.9968874454
0.9961271286
0.9966460466
0.9976291656
0.9970265031
0.9971282482
0.9975589514
0.9967401028
0.9967654943
0.9974536896
0.9976419210
0.9970032573
0.9966747165
0.9962596297
0.9970190525
0.9985309243
0.9972413778
0.9977829456
0.9972857833
0.9959551692
0.9962671399
0.9968380928
0.9977837801
0.9972449541
0.9971746206
0.9969669580
0.9967737198
0.9975425601
0.9978389740
0.9976601601
0.9967920780
0.9959335923
0.9973939061
0.9974105358
0.9980199337
0.9967237711
0.9970875382
0.9969959259
0.9974480867
0.9973939657
0.9965487123
0.9964229465
0.9979503155
0.9965525866
0.9965381026
0.9963593483
0.9981426001
0.9961256981
0.9964824915
0.9975721836
0.9955459833
0.9964431524
0.9953880310
0.9970786572
0.9968682528
0.9966306686
0.9980475903
0.9964061975
0.9965740442
0.9965710640
0.9967065454
0.9970813990
0.9961067438
0.9968162775
0.9969527721
0.9978760481
0.9961845875
0.9969633818
0.9969105124
0.9977806807
0.9962784052
0.9973440766
0.9967729449
0.9972161055
0.9969209433
0.9964317679
0.9976093769
0.9972835779
0.9968885183
0.9967979193
0.9977339506
0.9967069626
0.9969537258
0.9979289174
0.9962772131
0.9976261854
0.9977520704
0.9971259832
0.9976517558
0.9978114963
0.9962118864
0.9961498976
0.9974126220
0.9976762533
0.9972165227
0.9976608753
0.9970718026
0.9969717264
0.9976345301
0.9973740578
0.9979599714
0.9971678853
0.9964007139
0.9970606565
0.9958239794
0.9959945679
0.9985054731
0.9965478182
0.9973629713
0.9967775941
0.9964272976
0.9964170456
0.9972168803
0.9970086217
0.9967476726
0.9971925020
0.9962316751
0.9968371391
0.9976766109
0.9955843091
0.9963765144
0.9955813885
0.9966045618
0.9968510866
0.9965916872
0.9969745874
0.9967041016
0.9972045422
0.9964234829
0.9973587990
0.9976673126
0.9972832203
0.9972750545
0.9983812571
0.9971742630
0.9960756302
0.9979085922
0.9967120290
0.9968894124
0.9966648817
0.9974338412
0.9978511333
0.9969749451
0.9971399307
0.9957106113
0.9969171286
0.9979017973
0.9980288744
0.9975545406
0.9967511892
0.9967719316
0.9958502054
0.9978983402
0.9969121218
0.9967963099
0.9968836308
0.9969807267
0.9961184263
0.9955391884
0.9971458912
0.9968460202
0.9966512322
0.9961839914
0.9968661070
0.9963893294
0.9974864721
0.9971721768
0.9978653193
0.9971499443
0.9976164103
0.9960053563
0.9974839091
0.9970378876
0.9964277148
0.9970427752
0.9964578748
0.9972818494
0.9980934262
0.9967693090
0.9963098764
0.9974985719
0.9966060519
0.9969331026
0.9964613914
0.9961926937
0.9970659018
0.9974343777
0.9980190396
0.9972952008
0.9977037311
0.9980834723
0.9966881275
0.9968915582
0.9972276092
0.9973716736
0.9971361160
0.9967339635
0.9969831705
0.9971665144
0.9968057871
0.9975686669
0.9962505102
0.9967552423
0.9974378347
0.9972646832
0.9980674386
0.9963315129
0.9955252409
0.9973062277
0.9959307313
0.9967961311
0.9975068569
0.9972679019
0.9977369308
0.9970477819
0.9976153374
0.9960914850
0.9973613620
0.9974933267
0.9974376559
0.9968494177
0.9965754747
0.9960297346
0.9967576265
0.9976804256
0.9968497753
0.9969327450
0.9970259666
0.9960426688
0.9964717627
0.9974217415
0.9968644381
0.9961893559
0.9971915483
0.9964919686
0.9979404211
0.9978375435
0.9976320863
0.9961369038
0.9973106384
0.9976390004
0.9977502227
0.9971963167
0.9980198145
0.9976077080
0.9978343248
0.9963852167
0.9966984987
0.9967284203
0.9963814020
0.9973512292
0.9963436127
0.9971173406
0.9973745346
0.9962797165
0.9962770939
0.9974055886
0.9965714216
0.9965088367
0.9966755509
0.9979691505
0.9961537123
0.9969923496
0.9980321527
0.9971033931
0.9977884293
0.9976787567
0.9964364171
0.9971451759
0.9962921739
0.9984476566
0.9967783689
0.9954161644
0.9972137213
0.9972021580
0.9972205162
0.9977368116
0.9964057207
0.9971611500
0.9977955818
0.9970364571
0.9961169362
0.9962788224
0.9973540306
0.9964421988
0.9964513779
0.9954926968
0.9961461425
0.9960138202
0.9953637123
0.9968681931
0.9960641861
0.9961577654
0.9973807335
0.9969373941
0.9970927238
0.9974376559
0.9967885613
0.9964742661
0.9977207184
0.9973788261
0.9961037040
0.9967302084
0.9969934225
0.9978234768
0.9978336692
0.9969903231
0.9970006943
0.9971913695
0.9972341657
0.9969538450
0.9965096712
0.9970687032
0.9970179796
0.9964151382
0.9973975420
0.9972664118
0.9971809983
0.9970896244
0.9970067739
0.9964759946
0.9967216253
0.9981857538
0.9969847202
0.9959780574
0.9969710112
0.9972728491
0.9975242019
0.9973351955
0.9959442616
0.9970288277
0.9971901774
0.9963917732
0.9974404573
0.9974163771
0.9962822199
0.9970655441
0.9971479177
0.9964464903
0.9962625504
0.9956625700
0.9973677993
0.9980549812
0.9977513552
0.9969453812
0.9960627556
0.9957024455
0.9970328808
0.9977601767
0.9967440963
0.9970517159
0.9973081946
0.9972561598
0.9968661666
0.9978377819
0.9976147413
0.9972286224
0.9972280264
0.9968107343
0.9966028333
0.9973167181
0.9971070886
0.9964743853
0.9963003993
0.9964156151
0.9968568087
0.9972653985
0.9969848394
0.9967270494
0.9955812693
0.9973834753
0.9970206022
0.9975190163
0.9974075556
0.9972662330
0.9976536036
0.9965703487
0.9966425896
0.9979733229
0.9976721406
0.9969337583
0.9962987900
0.9971231222
0.9970881343
0.9962894917
0.9972944856
0.9981424809
0.9966696501
0.9976955652
0.9963412285
0.9969462752
0.9973357320
0.9961551428
0.9965480566
0.9963525534
0.9956580400
0.9959707856
0.9971240759
0.9967494011
0.9973623157
0.9959875345
0.9967243671
0.9975411892
0.9968950152
0.9971427321
0.9960117340
0.9967125654
0.9971780777
0.9975154400
0.9971594214
0.9960643053
0.9978487492
0.9959210753
0.9953569174
0.9967344403
0.9956545830
0.9968748093
0.9960180521
0.9968655109
0.9963896275
0.9973239899
0.9975762963
0.9955604076
0.9971585870
0.9968655109
0.9961881042
0.9972556829
0.9979754686
0.9974786043
0.9988852739
0.9962586164
0.9971212149
0.9973408580
0.9958819151
0.9959863424
0.9971565008
0.9964520335
0.9968072176
0.9974625111
0.9964714050
0.9981478453
0.9972008467
0.9969980717
0.9974302053
0.9970248938
0.9976955652
0.9969155788
0.9972876310
0.9965589643
0.9972457886
0.9970053434
0.9975059628
0.9974613190
0.9965365529
0.9962871075
0.9975599647
0.9976786375
0.9970583916
0.9967676401
0.9952928424
0.9973795414
0.9965564013
0.9965144396
0.9968096018
0.9957274199
0.9970470071
0.9968273640
0.9951868057
0.9962401390
0.9966612458
0.9970141053
0.9965906739
0.9976782799
0.9971919060
0.9973771572
0.9972259402
0.9964743853
0.9970163107
0.9966683388
0.9973342419
0.9964845181
0.9986670017
0.9961053133
0.9968879223
0.9964181185
0.9967268705
0.9965494275
0.9961881638
0.9978394508
0.9952641726
0.9961751699
0.9972443581
0.9972974062
0.9979872108
0.9967546463
0.9971636534
0.9973282218
0.9975163937
0.9974132776
0.9964505434
0.9964447021
0.9963091016
0.9973748922
0.9973827004
0.9974452257
0.9963059425
0.9972254634
0.9964778423
0.9968940020
0.9970535040
0.9969007969
0.9973908663
0.9966049194
0.9959568977
0.9965301752
0.9975829124
0.9968866110
0.9966731668
0.9972856045
0.9964865446
0.9966446161
0.9974907637
0.9977207184
0.9967780709
0.9969027042
0.9962714911
0.9970712662
0.9986347556
0.9971947670
0.9976296425
0.9970556498
0.9959573746
0.9964481592
0.9968076944
0.9978638887
0.9972105026
0.9968644381
0.9970392585
0.9967757463
0.9974819422
0.9977886677
0.9977364540
0.9964514375
0.9957579374
0.9975167513
0.9972466826
0.9978040457
0.9966030121
0.9969193339
0.9967956543
0.9974719882
0.9975134134
0.9969152212
0.9963588715
0.9980342388
0.9965560436
0.9964658618
0.9964103699
0.9980049133
0.9963797927
0.9962732792
0.9976456761
0.9955649376
0.9964133501
0.9951282740
0.9971505404
0.9968506098
0.9964064360
0.9979908466
0.9964805841
0.9962882996
0.9965126514
0.9967348576
0.9969418049
0.9959331751
0.9966843128
0.9968668222
0.9977345467
0.9962224960
0.9965354204
0.9968235493
0.9978321791
0.9964234829
0.9971539974
0.9965889454
0.9971892834
0.9968331456
0.9959850311
0.9974374175
0.9971219301
0.9967010021
0.9967076778
0.9976997972
0.9965474606
0.9970405102
0.9977887869
0.9961134195
0.9974792600
0.9976264238
0.9971936941
0.9976640940
0.9979035854
0.9959184527
0.9960542321
0.9973706007
0.9975543022
0.9971640706
0.9975064397
0.9972065687
0.9969469309
0.9974165559
0.9972373247
0.9976938367
0.9972788095
0.9963984489
0.9967358112
0.9959337711
0.9959303737
0.9983581901
0.9964832067
0.9971536398
0.9968997836
0.9963810444
0.9962827563
0.9969121218
0.9970594645
0.9968250990
0.9971352816
0.9962158203
0.9965445995
0.9977064133
0.9953565598
0.9962583780
0.9954748154
0.9965780973
0.9965193272
0.9961296320
0.9969269037
0.9966523647
0.9971815944
0.9964064360
0.9972908497
0.9977267981
0.9975762367
0.9969707727
0.9984059334
0.9968965054
0.9959795475
0.9977477789
0.9967811108
0.9969139695
0.9965572953
0.9974235296
0.9979630709
0.9970828295
0.9970749021
0.9953618646
0.9967316985
0.9976971745
0.9979372025
0.9975136518
0.9968965650
0.9968572259
0.9959340692
0.9976351261
0.9969055653
0.9967687130
0.9970080256
0.9968670607
0.9962966442
0.9955604672
0.9971672893
0.9967935085
0.9964883327
0.9960808754
0.9968197346
0.9963455200
0.9972856045
0.9969155192
0.9979026914
0.9971432686
0.9975507259
0.9961537123
0.9974601269
0.9970229268
0.9965912104
0.9969006777
0.9961781502
0.9968959093
0.9979681969
0.9966648221
0.9965581894
0.9971895218
0.9966632128
0.9968592525
0.9962527752
0.9961840510
0.9967568517
0.9974125624
0.9979441762
0.9972640276
0.9978237152
0.9980545044
0.9965684414
0.9965149760
0.9969134331
0.9973320365
0.9970643520
0.9966875911
0.9971498251
0.9969757199
0.9969274998
0.9977167845
0.9965654016
0.9968516231
0.9975860119
0.9973846674
0.9980345964
0.9962209463
0.9951009750
0.9970011711
0.9959161282
0.9967883825
0.9974356294
0.9971651435
0.9975023866
0.9969794750
0.9975399971
0.9960029721
0.9971428514
0.9975014925
0.9972945452
0.9966700077
0.9964336157
0.9957476854
0.9965780973
0.9976668358
0.9968857765
0.9969923496
0.9968091249
0.9960943460
0.9964330792
0.9972531796
0.9966602325
0.9962687492
0.9968656301
0.9960210323
0.9977777600
0.9977171421
0.9977551103
0.9958238006
0.9970775843
0.9971752167
0.9978575706
0.9971024990
0.9980119467
0.9976034164
0.9979094267
0.9959720373
0.9966474771
0.9970617890
0.9962676764
0.9973779917
0.9964472055
0.9970477819
0.9973741770
0.9964194894
0.9961641431
0.9972031116
0.9966993928
0.9964451790
0.9967767000
0.9978688955
0.9961643219
0.9969375134
0.9979863167
0.9970703125
0.9977947474
0.9976382852
0.9968410730
0.9971939325
0.9963095188
0.9984359741
0.9968454242
0.9954237938
0.9970108271
0.9972481132
0.9970459938
0.9977875948
0.9961192608
0.9969244599
0.9978593588
0.9966030121
0.9956958294
0.9964866638
0.9973064661
0.9964543581
0.9962807894
0.9950053692
0.9959387779
0.9962526560
0.9953584075
0.9967553020
0.9958246946
0.9961795211
0.9970986843
0.9969932437
0.9968433380
0.9974185228
0.9967997074
0.9965407848
0.9974652529
0.9973595142
0.9960480928
0.9965585470
0.9967355132
0.9974964261
0.9976261854
0.9968394637
0.9969009757
0.9973025322
0.9971252680
0.9968386889
0.9964112043
0.9970332980
0.9968934059
0.9963473082
0.9975842237
0.9972711802
0.9969355464
0.9971261024
0.9967951775
0.9963604212
0.9966592193
0.9981031418
0.9968879223
0.9962185621
0.9968190193
0.9970750213
0.9974204302
0.9973417521
0.9958977699
0.9965543747
0.9970691800
0.9962084293
0.9973081946
0.9976465702
0.9959431887
0.9971464276
0.9971330166
0.9962447286
0.9959499836
0.9952987432
0.9974271655
0.9980219007
0.9976271391
0.9966987371
0.9960036278
0.9957376719
0.9969792962
0.9977849126
0.9968359470
0.9969881773
0.9971909523
0.9970150590
0.9969565868
0.9978758097
0.9975137711
0.9971073270
0.9972783327
0.9968785644
0.9964737892
0.9972596765
0.9968942404
0.9963948727
0.9961019158
0.9959769249
0.9967738390
0.9972000122
0.9970669746
0.9967542291
0.9954262972
0.9973719716
0.9969842434
0.9972891808
0.9972814322
0.9970779419
0.9975644946
0.9964720011
0.9965657592
0.9977846146
0.9975525737
0.9967032075
0.9960823059
0.9969235659
0.9972122908
0.9963355064
0.9972000122
0.9981426001
0.9964956045
0.9974659681
0.9964704514
0.9970229864
0.9975355864
0.9961075783
0.9966869354
0.9961035252
0.9954636693
0.9960341454
0.9973424673
0.9967815876
0.9975007772
0.9961317182
0.9965653419
0.9974277616
0.9968199730
0.9972380400
0.9957983494
0.9964751005
0.9973270893
0.9973049164
0.9972032309
0.9959180951
0.9978297949
0.9960999489
0.9949355125
0.9964687824
0.9956170321
0.9966446161
0.9960863590
0.9968015552
0.9963563681
0.9972482920
0.9973922372
0.9952467084
0.9971200824
0.9966227412
0.9961328506
0.9969893694
0.9977947474
0.9972803593
0.9988724589
0.9961938858
0.9968495369
0.9972496629
0.9955813885
0.9961224198
0.9970983267
0.9962923527
0.9966558814
0.9970250726
0.9960908890
0.9979639053
0.9970123768
0.9969780445
0.9972521067
0.9969225526
0.9974454045
0.9969841242
0.9972008467
0.9964398146
0.9969801307
0.9968227148
0.9973060489
0.9974682331
0.9967004061
0.9961892366
0.9975440502
0.9974665642
0.9968805313
0.9966434836
0.9952102900
0.9972890615
0.9964479804
0.9966498613
0.9966431856
0.9954854250
0.9971264601
0.9966893196
0.9954437613
0.9964011908
0.9965887666
0.9971362352
0.9963923693
0.9977646470
0.9971753359
0.9972000122
0.9972283840
0.9960339069
0.9970144033
0.9967854023
0.9972740412
0.9966591597
0.9986425638
0.9959989786
0.9968354106
0.9964079261
0.9965860844
0.9964702129
0.9962733388
0.9978376627
0.9949759245
0.9960861802
0.9968426228
0.9972713590
0.9977654219
0.9966588020
0.9968847632
0.9973449707
0.9974159598
0.9972990751
0.9963099957
0.9960534573
0.9962179661
0.9972645044
0.9972035885
0.9976187944
0.9964078069
0.9971503019
0.9964408278
0.9968626499
0.9971380234
0.9966413975
0.9971071482
0.9960994720
0.9954640269
0.9959332943
0.9972958565
0.9967815280
0.9963886738
0.9971801043
0.9964748621
0.9964197874
0.9969857335
0.9972962141
0.9965636134
0.9963685870
0.9957313538
0.9965912104
0.9983488321
0.9968218803
0.9975740910
0.9968553185
0.9955077767
0.9958879948
0.9962549806
0.9975110292
0.9970132113
0.9968264699
0.9968447089
0.9966466427
0.9972692728
0.9974421263
0.9975416064
0.9965139627
0.9956220388
0.9971585870
0.9970255494
0.9975386858
0.9961520433
0.9968286157
0.9965493679
0.9972037077
0.9970376492
0.9967879653
0.9957580566
0.9979428053
0.9959360361
0.9964140058
0.9958075285
0.9979734421
0.9960545301
0.9958511591
0.9972511530
0.9950530529
0.9960039258
0.9946966171
0.9968092442
0.9966508150
0.9962770343
0.9977970123
0.9963228703
0.9962890148
0.9962838888
0.9963955283
0.9965554476
0.9950630665
0.9963763952
0.9967054129
0.9976441264
0.9958631992
0.9965995550
0.9964977503
0.9975957274
0.9959709644
0.9969502091
0.9964429736
0.9970810413
0.9965347052
0.9960629940
0.9972440004
0.9968694448
0.9966635704
0.9964569807
0.9973616600
0.9963825941
0.9966371059
0.9976320267
0.9955634475
0.9973042011
0.9972884059
0.9967665672
0.9974133968
0.9974963665
0.9951026440
0.9954494238
0.9967809916
0.9972434640
0.9967858195
0.9973466396
0.9968957305
0.9967211485
0.9970946312
0.9969524145
0.9975177050
0.9968984723
0.9960042834
0.9967559576
0.9955142736
0.9961445928
0.9982963800
0.9964613914
0.9969514012
0.9963643551
0.9961670637
0.9961286783
0.9969273806
0.9966624975
0.9965850115
0.9971061945
0.9960119724
0.9962619543
0.9974272847
0.9952279329
0.9961793423
0.9951353073
0.9962877035
0.9962503910
0.9957808852
0.9963486195
0.9964092970
0.9969624281
0.9962460995
0.9970556498
0.9975290298
0.9970403910
0.9970459938
0.9981693029
0.9970272183
0.9957190156
0.9976298809
0.9960122108
0.9965913296
0.9963482618
0.9972473383
0.9975962639
0.9966022372
0.9969757795
0.9948711991
0.9965689182
0.9974992275
0.9978724718
0.9970946908
0.9965146780
0.9963275194
0.9956010580
0.9977394342
0.9966033697
0.9962193966
0.9964708090
0.9966161847
0.9955658913
0.9951720238
0.9967623949
0.9966435432
0.9961652756
0.9958066940
0.9965806007
0.9958834648
0.9970166683
0.9968478680
0.9976374507
0.9968686104
0.9973274469
0.9956077337
0.9970601797
0.9967173338
0.9964518547
0.9965682626
0.9960365891
0.9967635274
0.9978029728
0.9963175058
0.9965194464
0.9972244501
0.9962877631
0.9964791536
0.9959944487
0.9956025481
0.9968217015
0.9971622229
0.9976408482
0.9969534278
0.9974616170
0.9979671240
0.9962381124
0.9962606430
0.9968898892
0.9971122742
0.9967819452
0.9963417053
0.9968767166
0.9965885878
0.9966697693
0.9975336194
0.9960759282
0.9965025187
0.9974267483
0.9969316721
0.9977124929
0.9961178303
0.9949643016
0.9969742298
0.9956294298
0.9964156151
0.9971000552
0.9970243573
0.9972074032
0.9965798259
0.9974375963
0.9956137538
0.9971170425
0.9971386194
0.9971743822
0.9964244366
0.9961911440
0.9957275391
0.9965690374
0.9974143505
0.9964814186
0.9968598485
0.9967353940
0.9959489107
0.9958494902
0.9969355464
0.9965525270
0.9957369566
0.9963787198
0.9957689047
0.9977604151
0.9974700212
0.9973438978
0.9957801104
0.9969348907
0.9970079660
0.9974875450
0.9969525933
0.9978233576
0.9972596765
0.9975825548
0.9959721565
0.9960076809
0.9967844486
0.9960250258
0.9972584248
0.9962928295
0.9968711138
0.9972573519
0.9958929420
0.9956223965
0.9970325232
0.9964813590
0.9959223270
0.9963953495
0.9977153540
0.9959810972
0.9966683388
0.9978278875
0.9969564676
0.9975718260
0.9973082542
0.9963139892
0.9967637062
0.9958280325
0.9983975887
0.9964845181
0.9949218035
0.9969328642
0.9968627691
0.9968392849
0.9974677563
0.9957818985
0.9965099692
0.9975745678
0.9965380430
0.9955255985
0.9962110519
0.9970793128
0.9962125421
0.9959874153
0.9953238964
0.9953422546
0.9958463907
0.9951652288
0.9966059327
0.9956371188
0.9954292178
0.9969861507
0.9964805841
0.9965644479
0.9971226454
0.9964628220
0.9960683584
0.9974457026
0.9969126582
0.9958235621
0.9964155555
0.9964653850
0.9974229336
0.9975515604
0.9966326952
0.9963576794
0.9968711138
0.9968528152
0.9964942932
0.9962033033
0.9966734052
0.9967821240
0.9959063530
0.9972145557
0.9967744350
0.9968222380
0.9966986179
0.9965263605
0.9960548878
0.9964066744
0.9980696440
0.9967337847
0.9958631992
0.9967324138
0.9969443083
0.9972354770
0.9971296787
0.9953870773
0.9967839122
0.9967981577
0.9959005117
0.9969915152
0.9972903728
0.9958127141
0.9967254400
0.9971790314
0.9963889122
0.9955942035
0.9950404167
0.9971581697
0.9977409244
0.9974336624
0.9963552952
0.9955022335
0.9952769279
0.9966599941
0.9972765446
0.9966231585
0.9968366027
0.9970164299
0.9967250228
0.9965481758
0.9975863099
0.9971187115
0.9969208241
0.9968039989
0.9967093468
0.9961519837
0.9970111847
0.9965400100
0.9960367680
0.9958127737
0.9955796003
0.9965049028
0.9969534874
0.9964642525
0.9963712096
0.9951699972
0.9971502423
0.9965292215
0.9972844124
0.9970908761
0.9967831373
0.9973253012
0.9960157871
0.9964163303
0.9977184534
0.9973779321
0.9964839220
0.9958139658
0.9966748953
0.9967743754
0.9959014654
0.9971036911
0.9979048371
0.9959111214
0.9973822832
0.9959107637
0.9965863824
0.9972866178
0.9958834648
0.9962631464
0.9960181117
0.9949752092
0.9954364300
0.9970084429
0.9967476130
0.9970218539
0.9959180951
0.9962759018
0.9972220063
0.9965493679
0.9968266487
0.9956873059
0.9961256385
0.9967915416
0.9967623949
0.9969788790
0.9952774048
0.9975954294
0.9956718683
0.9953731894
0.9961725473
0.9953935146
0.9963743687
0.9959046841
0.9963642359
0.9959577322
0.9970699549
0.9974532723
0.9952586293
0.9968129396
0.9966574907
0.9958541393
0.9966293573
0.9976446629
0.9973189831
0.9987931252
0.9957270622
0.9968985319
0.9969163537
0.9951380491
0.9955550432
0.9970141649
0.9961768389
0.9965541363
0.9970003366
0.9958088398
0.9977473021
0.9968701601
0.9965845346
0.9968084693
0.9968838096
0.9972652197
0.9964511395
0.9969040155
0.9958922863
0.9967121482
0.9963295460
0.9971560240
0.9970394373
0.9962597489
0.9959269166
0.9972459078
0.9974714518
0.9967457056
0.9964948893
0.9949547052
0.9970661998
0.9958355427
0.9960943460
0.9961710572
0.9951792359
0.9967454672
0.9961712956
0.9948146343
0.9959192276
0.9962320328
0.9965170622
0.9960722923
0.9975056648
0.9968819618
0.9968594313
0.9969948530
0.9960455894
0.9966557026
0.9966340661
0.9967799187
0.9960112572
0.9985103011
0.9958190322
0.9966544509
0.9960515499
0.9964039326
0.9960228205
0.9959795475
0.9976270199
0.9945126772
0.9962525368
0.9964796901
0.9969118834
0.9976869822
0.9964014292
0.9966657758
0.9970426559
0.9972522259
0.9970797300
0.9961513281
0.9959895611
0.9957604408
0.9971975684
0.9969162345
0.9970924258
0.9960152507
0.9968146086
0.9960690141
0.9966354370
0.9967730045
0.9962605834
0.9866991043
0.9840921760
0.9830214977
0.9852876067
0.9870551825
0.9854635000
0.9861702919
0.9876124859
0.9829367995
0.9847210646
0.9859589338
0.9852372408
0.9872641563
0.9860628843
0.9829696417
0.9847792983
0.9899738431
0.9837088585
0.9855713248
0.9857807159
0.9822541475
0.9806377888
0.9849441648
0.9876277447
0.9864910245
0.9871177673
0.9853013158
0.9850285053
0.9876846671
0.9879471660
0.9890149236
0.9836220145
0.9781055450
0.9854303598
0.9849569798
0.9862751961
0.9845042229
0.9857928753
0.9851614833
0.9873782396
0.9857525826
0.9870868325
0.9825984240
0.9884319305
0.9811209440
0.9851211309
0.9813482761
0.9887061119
0.9807609916
0.9811402559
0.9859048128
0.9758748412
0.9845002890
0.9775336981
0.9855315685
0.9848129749
0.9835793376
0.9883450270
0.9830455780
0.9844716787
0.9848935604
0.9837548733
0.9843709469
0.9804562926
0.9820785522
0.9858946800
0.9886606932
0.9815135002
0.9832046628
0.9850289822
0.9886004925
0.9823142290
0.9846203327
0.9832845926
0.9860088229
0.9843020439
0.9845979214
0.9872846603
0.9863329530
0.9825955629
0.9841812849
0.9885942936
0.9855223894
0.9828993082
0.9886878729
0.9818829298
0.9869207144
0.9870398045
0.9852534533
0.9880269766
0.9892079830
0.9813523293
0.9805343151
0.9867740273
0.9876744747
0.9856665730
0.9878375530
0.9864600897
0.9862498045
0.9859485030
0.9884629250
0.9882726073
0.9852677584
0.9829649925
0.9828344584
0.9821544886
0.9851080179
0.9897935390
0.9842053652
0.9868060946
0.9855062962
0.9808441401
0.9840090275
0.9855005741
0.9849204421
0.9865182638
0.9860918522
0.9840794206
0.9847543240
0.9884705544
0.9807406068
0.9822543859
0.9801105261
0.9860179424
0.9821923971
0.9829571247
0.9868327379
0.9829246402
0.9845541716
0.9854439497
0.9861177206
0.9882244468
0.9852484465
0.9854618907
0.9900420904
0.9853518009
0.9818259478
0.9875884056
0.9866068363
0.9842550159
0.9827437401
0.9863680005
0.9883050323
0.9845191240
0.9848082662
0.9792195559
0.9853391647
0.9864269495
0.9886031151
0.9858452082
0.9840807319
0.9854544401
0.9803084731
0.9874650836
0.9851728678
0.9844360352
0.9828228354
0.9848079681
0.9848096371
0.9815568924
0.9867811203
0.9845744967
0.9830350876
0.9815198183
0.9847445488
0.9835903645
0.9870740175
0.9862562418
0.9894034266
0.9867265821
0.9863388538
0.9828210473
0.9849685431
0.9873663187
0.9826306105
0.9851952791
0.9837611318
0.9857813120
0.9876563549
0.9818761349
0.9813078642
0.9852305055
0.9838781357
0.9826272130
0.9839082956
0.9814560413
0.9844783545
0.9859312177
0.9891110659
0.9863837957
0.9870830774
0.9900626540
0.9832359552
0.9829324484
0.9856284261
0.9854683280
0.9855895042
0.9846562743
0.9854029417
0.9855747223
0.9839777946
0.9858900309
0.9849385023
0.9858880639
0.9860380888
0.9862282276
0.9890341759
0.9822500944
0.9775852561
0.9851155281
0.9793496132
0.9840878248
0.9883168936
0.9851348400
0.9875185490
0.9859085083
0.9871499538
0.9805192351
0.9857343435
0.9856541157
0.9857553840
0.9847928286
0.9836629033
0.9817504287
0.9841257334
0.9875050187
0.9828227758
0.9847989082
0.9860802889
0.9813765287
0.9834614992
0.9879341125
0.9865316153
0.9814502001
0.9848591089
0.9808758497
0.9887272120
0.9884582758
0.9849970341
0.9810190201
0.9861212969
0.9858680367
0.9895341992
0.9858529568
0.9886404276
0.9871007800
0.9879252315
0.9821187258
0.9828603864
0.9844228029
0.9812669754
0.9877554178
0.9838074446
0.9853376150
0.9873256683
0.9838173389
0.9832176566
0.9865096807
0.9871162176
0.9854896069
0.9844098091
0.9872847199
0.9838247299
0.9839780331
0.9900575876
0.9840251207
0.9871978760
0.9862143993
0.9851666093
0.9866333604
0.9822204113
0.9915391207
0.9849151373
0.9786735773
0.9846280813
0.9843859673
0.9867726564
0.9874628186
0.9809889793
0.9838484526
0.9882892370
0.9820233583
0.9823985696
0.9831720591
0.9847273827
0.9842250943
0.9823759794
0.9802988768
0.9807850718
0.9823408127
0.9804586172
0.9853444099
0.9805129766
0.9833542109
0.9853740335
0.9862322807
0.9836130142
0.9865003824
0.9855429530
0.9813629389
0.9872028828
0.9855849147
0.9837120771
0.9844406843
0.9855363369
0.9885712862
0.9865553379
0.9848905802
0.9846788049
0.9862966537
0.9849168658
0.9863872528
0.9844541550
0.9855489731
0.9851868153
0.9828751087
0.9870098829
0.9857165813
0.9848853350
0.9868849516
0.9840467572
0.9828053713
0.9823986292
0.9895773530
0.9869827032
0.9821859598
0.9833329320
0.9863548279
0.9848071337
0.9859933257
0.9828495979
0.9845775366
0.9847426414
0.9818255305
0.9871153831
0.9882243872
0.9793019891
0.9855228662
0.9867853522
0.9829485416
0.9829034805
0.9786416292
0.9885057211
0.9892709255
0.9871867299
0.9855254889
0.9802985191
0.9822504520
0.9851867557
0.9876304865
0.9847891927
0.9841241837
0.9868034124
0.9849261045
0.9828917980
0.9881345630
0.9867421389
0.9856611490
0.9863221645
0.9853175879
0.9843404293
0.9855174422
0.9850544930
0.9850842953
0.9834537506
0.9804714918
0.9838234186
0.9853308201
0.9858481884
0.9843232632
0.9820328951
0.9873913527
0.9866071939
0.9869186878
0.9855678082
0.9860537052
0.9875909686
0.9849085808
0.9831212759
0.9872797728
0.9879952073
0.9858986735
0.9841954708
0.9846756458
0.9862765074
0.9828419685
0.9850701094
0.9898654819
0.9811089635
0.9865441322
0.9810472727
0.9854182005
0.9875997305
0.9833472371
0.9858775139
0.9836043715
0.9793467522
0.9824713469
0.9869874716
0.9842332602
0.9858815670
0.9816321135
0.9858185649
0.9883249998
0.9850566387
0.9865317345
0.9822026491
0.9850075841
0.9872773290
0.9850754738
0.9851586223
0.9810779095
0.9868034124
0.9839621782
0.9800459146
0.9829871655
0.9814990759
0.9833546877
0.9822306633
0.9849768877
0.9840141535
0.9848328829
0.9853398800
0.9792981744
0.9842073917
0.9838944674
0.9833016396
0.9845380783
0.9880728722
0.9862126708
0.9923916459
0.9803910255
0.9848735332
0.9859043360
0.9810675383
0.9828525186
0.9858476520
0.9818125963
0.9833047390
0.9860298634
0.9836755991
0.9878695011
0.9854881763
0.9844297171
0.9837908745
0.9853451252
0.9871491194
0.9844881892
0.9845181704
0.9846922755
0.9851278663
0.9845471382
0.9875524044
0.9865468740
0.9853907824
0.9823061824
0.9878015518
0.9857022762
0.9846745133
0.9855828285
0.9819411635
0.9862316847
0.9834681749
0.9826192856
0.9833465815
0.9789081812
0.9840514660
0.9830911160
0.9782203436
0.9847036004
0.9830864668
0.9840155840
0.9824588895
0.9871770144
0.9856507182
0.9862492085
0.9849560261
0.9821108580
0.9862776995
0.9846625328
0.9851492643
0.9815694094
0.9921636581
0.9807744026
0.9839162827
0.9829692841
0.9825944901
0.9843768477
0.9837246537
0.9892273545
0.9773139954
0.9822921157
0.9850275517
0.9865686893
0.9878196716
0.9846820235
0.9848713875
0.9872308969
0.9864630699
0.9863731861
0.9835424423
0.9819568992
0.9839195013
0.9860989451
0.9858968854
0.9868990183
0.9831430912
0.9865171909
0.9836621284
0.9848634005
0.9853279591
0.9830957651
0.9975222349
0.9965380430
0.9962173700
0.9962353706
0.9975548983
0.9970109463
0.9966213703
0.9971707463
0.9968183041
0.9971028566
0.9974678755
0.9976384640
0.9968630075
0.9967624545
0.9960675240
0.9968606830
0.9984455109
0.9971144795
0.9977240562
0.9973328114
0.9958029985
0.9963985682
0.9966535568
0.9976950884
0.9972918034
0.9969151616
0.9968863130
0.9967564344
0.9973219037
0.9975932837
0.9977731705
0.9966264963
0.9958325624
0.9974204898
0.9971747398
0.9977455139
0.9963322878
0.9969252348
0.9967262149
0.9974837303
0.9975407124
0.9968620539
0.9962098598
0.9981790781
0.9966409206
0.9963133335
0.9961796999
0.9980857372
0.9964350462
0.9963418245
0.9973195791
0.9952502251
0.9960404634
0.9950619936
0.9969970584
0.9970183372
0.9965187907
0.9980333447
0.9967193604
0.9964483976
0.9965646267
0.9966515303
0.9970556498
0.9955298901
0.9966729879
0.9968081713
0.9974936247
0.9960703850
0.9970345497
0.9968705177
0.9978642464
0.9962731600
0.9972784519
0.9968974590
0.9974280596
0.9968886375
0.9963026047
0.9974060059
0.9972575903
0.9967159629
0.9965950251
0.9975950718
0.9965690374
0.9971751571
0.9977143407
0.9959875345
0.9976934791
0.9978535175
0.9972552657
0.9976541996
0.9977197647
0.9958155155
0.9957594872
0.9971232414
0.9977253079
0.9970090985
0.9977082014
0.9969346523
0.9969784021
0.9974865913
0.9972506762
0.9978268743
0.9969698191
0.9962864518
0.9971818924
0.9957226515
0.9959908128
0.9983451366
0.9964388013
0.9971547127
0.9967837334
0.9963143468
0.9964733124
0.9972158074
0.9969015121
0.9969317317
0.9971491098
0.9963493347
0.9966249466
0.9977979064
0.9957112074
0.9962955117
0.9956501722
0.9965869784
0.9966189861
0.9960808754
0.9970144033
0.9967240095
0.9972212911
0.9961026311
0.9975607991
0.9977172613
0.9970999956
0.9967662692
0.9983557463
0.9971727133
0.9960783720
0.9978350997
0.9961752295
0.9970180392
0.9966708422
0.9975137711
0.9978988171
0.9969590306
0.9972146153
0.9955912232
0.9966516495
0.9977492094
0.9980243444
0.9974527955
0.9967520237
0.9968377352
0.9959943891
0.9977987409
0.9970542192
0.9964883327
0.9968371391
0.9968466759
0.9964421988
0.9956003428
0.9970197678
0.9965604544
0.9965429902
0.9961118102
0.9969679713
0.9964159727
0.9972386956
0.9970390797
0.9978630543
0.9969437122
0.9974579215
0.9960543513
0.9973075390
0.9969651103
0.9966900945
0.9972150326
0.9962502718
0.9969689846
0.9977840185
0.9964939952
0.9967393279
0.9975168705
0.9966647625
0.9967833161
0.9962707758
0.9958584905
0.9970011711
0.9972728491
0.9979203343
0.9971579313
0.9977486730
0.9981541634
0.9966264963
0.9965021610
0.9969364405
0.9973825812
0.9969944954
0.9967747927
0.9972146749
0.9966676831
0.9968388081
0.9974853396
0.9962996840
0.9967012405
0.9974263310
0.9969341755
0.9981306195
0.9962546825
0.9954407215
0.9971394539
0.9957633615
0.9969176054
0.9975125790
0.9973621368
0.9974125028
0.9967979789
0.9975275993
0.9962329865
0.9972997904
0.9975401759
0.9975216389
0.9967995882
0.9965779781
0.9961168766
0.9967802763
0.9974409938
0.9967054129
0.9969776273
0.9970765710
0.9958877563
0.9961649776
0.9972405434
0.9967375994
0.9959981441
0.9967260361
0.9961124659
0.9978551865
0.9978862405
0.9977586269
0.9958918095
0.9970909953
0.9974120259
0.9976446629
0.9970645308
0.9980159998
0.9973407984
0.9977371693
0.9961096644
0.9962714314
0.9967900515
0.9963397980
0.9973399639
0.9964554906
0.9970140457
0.9973333478
0.9962462187
0.9960305691
0.9971403480
0.9965671301
0.9964280725
0.9967360497
0.9980898499
0.9962335825
0.9968917370
0.9980031848
0.9971617460
0.9978186488
0.9975845814
0.9964486957
0.9970616102
0.9960536957
0.9984334111
0.9966340065
0.9951038957
0.9968940020
0.9972075224
0.9968879223
0.9977043867
0.9963667989
0.9968738556
0.9977554083
0.9968340397
0.9958938360
0.9963083267
0.9971464872
0.9964495301
0.9962629080
0.9954646826
0.9955984354
0.9964011312
0.9947060347
0.9967510700
0.9959577322
0.9961548448
0.9973562360
0.9969454408
0.9969014525
0.9971908927
0.9965622425
0.9963712096
0.9975655675
0.9970885515
0.9963417649
0.9964184165
0.9968746305
0.9977812767
0.9978129864
0.9970303774
0.9964603782
0.9970973134
0.9971110225
0.9968297482
0.9965440631
0.9969615340
0.9969789982
0.9960653782
0.9973729849
0.9971700907
0.9971153736
0.9969933033
0.9969186783
0.9963754416
0.9965754747
0.9981834888
0.9969005585
0.9962533712
0.9970425367
0.9971324205
0.9974699020
0.9971306324
0.9959370494
0.9968684912
0.9971327186
0.9964835644
0.9973917007
0.9975594878
0.9963981509
0.9970950484
0.9969385862
0.9962215424
0.9962049723
0.9953962564
0.9973833561
0.9980217218
0.9976072311
0.9968490601
0.9961466193
0.9959478378
0.9969514012
0.9976565838
0.9968600869
0.9969583154
0.9973633289
0.9967220426
0.9967542887
0.9977328777
0.9972755909
0.9970321655
0.9970572591
0.9970307350
0.9964947701
0.9972256422
0.9967690706
0.9965287447
0.9960236549
0.9960622787
0.9967958927
0.9974673986
0.9970812201
0.9966754913
0.9955242872
0.9975676537
0.9967401028
0.9974453449
0.9972714782
0.9970005751
0.9976496696
0.9963783026
0.9966517687
0.9979546070
0.9978539944
0.9968525767
0.9959530830
0.9965751171
0.9972729087
0.9960609674
0.9973797798
0.9980599880
0.9966106415
0.9976586699
0.9961978197
0.9970465899
0.9973226786
0.9961657524
0.9961630106
0.9964146018
0.9955418110
0.9954357147
0.9973013401
0.9968126416
0.9972499609
0.9963088036
0.9964300990
0.9975591302
0.9967627525
0.9971598387
0.9959862232
0.9963493347
0.9969186783
0.9970982075
0.9973282814
0.9958033562
0.9977770448
0.9960673451
0.9954383373
0.9967691898
0.9955754280
0.9967051744
0.9961158633
0.9968672991
0.9963630438
0.9973765612
0.9975919724
0.9957492352
0.9969475269
0.9967947006
0.9958171844
0.9968624115
0.9978785515
0.9973723888
0.9989292622
0.9960618019
0.9969512224
0.9971577525
0.9958503246
0.9961231947
0.9972847700
0.9964747429
0.9963895082
0.9970433712
0.9961583614
0.9980102777
0.9972681999
0.9970029593
0.9971043468
0.9970520735
0.9976599813
0.9966380596
0.9972994328
0.9963273406
0.9969762564
0.9967811108
0.9974094629
0.9974499941
0.9968209267
0.9961429834
0.9975123405
0.9976896644
0.9970287085
0.9967606068
0.9951140285
0.9972121119
0.9963276386
0.9964921474
0.9967354536
0.9959332943
0.9968920946
0.9966124296
0.9950468540
0.9964717627
0.9966301918
0.9968077540
0.9964233637
0.9976136684
0.9970744848
0.9969475269
0.9973478317
0.9963081479
0.9971745610
0.9966648817
0.9971835613
0.9963381290
0.9986442327
0.9964998364
0.9969077110
0.9962760806
0.9968334436
0.9962689281
0.9959464073
0.9978721738
0.9950144291
0.9962075949
0.9970929623
0.9969277382
0.9978699684
0.9967894554
0.9970362186
0.9972819686
0.9974301457
0.9972587228
0.9962267280
0.9963337183
0.9960854053
0.9974741936
0.9970900416
0.9974998236
0.9964184165
0.9970304966
0.9965232611
0.9967406988
0.9970325232
0.9968271852
