0.9977398515
0.9974578619
0.9981006384
0.9910770059
0.9979996681
0.9983536005
0.9981564879
0.9942557812
0.9942616820
0.9988428354
0.9896761179
0.9984747767
0.9981483221
0.9970780015
0.9994996190
0.9981650114
0.9980916977
0.9976780415
0.9950977564
0.9974645376
0.9911313057
0.9896643162
0.9973225594
0.9940724373
0.9978951812
0.9960373640
0.9943819642
0.9967941046
0.9967025518
0.9974278808
0.9954762459
0.9962287545
0.9915157557
0.9980013371
0.9872946739
0.9916660190
0.9822386503
0.9896585941
0.9940853119
0.9920129776
0.9994744062
0.9976137280
0.9885808229
0.9959673285
0.9889817238
0.9969998598
0.9868612289
0.9987890720
0.9940674305
0.9933507442
0.9934116602
0.9969829321
0.9945302010
0.9970663786
0.9921406507
0.9934257269
0.9964478016
0.9956232905
0.9981819391
0.9929078817
0.9970521927
0.9950295687
0.9901580811
0.9984970093
0.9946470261
0.9875869751
0.9906252623
0.9928126335
0.9944285154
0.9887838364
0.9972562790
0.9967471361
0.9943708181
0.9676519632
0.9945168495
0.9887962937
0.9955302477
0.9985458851
0.9982442856
0.9939758778
0.9873626232
0.9947178364
0.9985328913
0.9712421894
0.9938954115
0.9721266031
0.9969296455
0.9941692352
0.9965370297
0.9883314967
0.9968304634
0.9915311337
0.9961820841
0.9972547293
0.9909927249
0.9838682413
0.9969769716
0.9934512377
0.9950537682
0.9956712723
0.9981172085
0.9982731938
0.9900602102
0.9983119965
0.9937913418
0.9966986775
0.9910860658
0.9944074154
0.9986010790
0.9958841205
0.9920078516
0.9935013652
0.9977282286
0.9979625940
0.9965902567
0.9963760376
0.9977558255
0.9926638603
0.9963201284
0.9975863695
0.9964882135
0.9937238693
0.9986623526
0.9947668314
0.9949754477
0.9974224567
0.9981722236
0.9981720448
0.9983590841
0.9965101480
0.9938215613
0.9983260632
0.9956473112
0.9980193377
0.9949218035
0.9991808534
0.9946105480
0.9974248409
0.9945036173
0.9987115860
0.9936580658
0.9773539901
0.9924415350
0.9966233969
0.9929484129
0.9831254482
0.9947687387
0.9960739613
0.9994338751
0.9985625744
0.9936840534
0.9954387546
0.9990410209
0.9957547188
0.9927896261
0.9911953807
0.9989383221
0.9967828989
0.9874887466
0.9960244894
0.9861069918
0.9954819083
0.9955992699
0.9961699247
0.9968577027
0.9982457757
0.9994797707
0.9979161024
0.9965914488
0.9934774041
0.9962866306
0.9810639620
0.9949193597
0.9973523617
0.9961704612
0.9969642162
0.9902848005
0.9936218262
0.9954323173
0.9957859516
0.9988853335
0.9959930182
0.9943208694
0.9983587265
0.9834882617
0.9973086119
0.9980678558
0.9946358204
0.9965907335
0.9884518385
0.9981769919
0.9881265163
0.9976579547
0.9976726770
0.9936679006
0.9945112467
0.9971334934
0.9932649136
0.9926887751
0.9830769897
0.9986893535
0.9913252592
0.9980440140
0.9986916780
0.9951374531
0.9948191643
0.9983221292
0.9978429079
0.9977350235
0.9960538149
0.9981004000
0.9953689575
0.9990115762
0.9981549978
0.9962509274
0.9966318607
0.9901080132
0.9903473258
0.9929001331
0.9942027926
0.9981063008
0.9972334504
0.9850243330
0.9914436936
0.9883842468
0.9976761341
0.9943341613
0.9958204627
0.9786480665
0.9898409843
0.9954178929
0.9881926775
0.9918490648
0.9927406311
0.9235378504
0.9608375430
0.9915808439
0.9778280854
0.9874483347
0.9770863056
0.9824914336
0.9775220156
0.9669402242
0.9788338542
0.9808744192
0.9691752195
0.9727818966
0.9870600700
0.9603740573
0.9928655624
0.9827470779
0.9965739250
0.9900861979
0.9952979088
0.9916534424
0.9978124499
0.9821232557
0.9851375818
0.9926912785
0.9852391481
0.9959411621
0.9807011485
0.9980762005
0.9949798584
0.9957461357
0.9972890615
0.9910030961
0.9974026680
0.9946268797
0.9970529675
0.9948657751
0.9980309606
0.9786878824
0.9937309027
0.9969559908
0.9916250110
0.9955297709
0.9991071224
0.9907813072
0.9964395761
0.9952743649
0.9954484105
0.9855029583
0.9980151653
0.9974846840
0.9992883801
0.9929265976
0.9948421717
0.9953362942
0.9958947897
0.9979488850
0.9942573905
0.9973822832
0.9882957935
0.9945127964
0.9982275367
0.9971291423
0.9970693588
0.9922925234
0.9979518652
0.9894937277
0.9892387390
0.9933018684
0.9913736582
0.9912651777
0.9910330176
0.9868162274
0.9966514111
0.9918367863
0.9901713133
0.9971126318
0.9983434677
0.9910397530
0.9956296086
0.9958406687
0.9947283268
0.9779118896
0.9982532263
0.9993454218
0.9886319637
0.9930818081
0.9915641546
0.9986988902
0.9989043474
0.9748401046
0.9934395552
0.9945698380
0.9951837063
0.9970091581
0.9972181320
0.9797582626
0.9966517091
0.9929434657
0.9884233475
0.9952841401
0.9967126846
0.9973975420
0.9980005026
0.9948625565
0.9958037138
0.9972552061
0.9976059794
0.9801003933
0.9957118034
0.9971207380
0.9950767159
0.9978560209
0.9926453233
0.9971103072
0.9955390692
0.9969655871
0.9964426756
0.9930744767
0.9979559183
0.9931821823
0.9987059832
0.9982022047
0.9830862284
0.9980021119
0.9988021851
0.9980812073
0.9717765450
0.9894586205
0.9970333576
0.9962569475
0.9996320605
0.9988932014
0.9853776693
0.9960954189
0.9962948561
0.9994971752
0.9774815440
0.9747455120
0.9933190346
0.9983875751
0.9850815535
0.9934237003
0.9973307848
0.9888699651
0.9967434406
0.9969387054
0.9755445719
0.9967908859
0.9755294323
0.9905848503
0.9856925011
0.9983271360
0.9944614172
0.9963397384
0.9914666414
0.9901093245
0.9742267132
0.9897936583
0.9775751829
0.9665822983
0.9807626009
0.9696675539
0.9539176226
0.9617615342
0.9622157812
0.9799249172
0.9872139692
0.9802772999
0.9979729056
0.9715446234
0.9830253124
0.9934935570
0.9944163561
0.9871995449
0.9748548865
0.9945272207
0.9925350547
0.9877685905
0.9831671715
0.9937089086
0.9936535954
0.9976803660
0.9936176538
0.9907272458
0.9959008694
0.9915004969
0.9865499735
0.9969081879
0.9864437580
0.9929232001
0.9930479527
0.9964962006
0.9900739789
0.9939610958
0.9968950748
0.9931157827
0.9946898222
0.9769868851
0.9979771376
0.9927982688
0.9914330244
0.9887501001
0.9900388718
0.9945908785
0.9968237877
0.9976522923
0.9982813597
0.9899783731
0.9981418848
0.9848390818
0.9932386279
0.9937902093
0.9920788407
0.9829552174
0.9898377657
0.9990013838
0.9975364804
0.9955992699
0.9924399257
0.9957146645
0.9977747202
0.9899098873
0.9937452078
0.9953429103
0.9962446690
0.9940788746
0.9978542328
0.9968826771
0.9975297451
0.9974188805
0.9879689217
0.9929320812
0.9994485378
0.9982756972
0.9842810631
0.9980071783
0.9975395203
0.9980225563
0.9954448342
0.9929083586
0.9949536324
0.9979132414
0.9964396954
0.9970545769
0.9995877743
0.9991317987
0.9969459772
0.9986749887
0.9986484051
0.9932650924
0.9967056513
0.9978526235
0.9972273111
0.9958021641
0.9911893606
0.9943079352
0.9976645708
0.9951437116
0.9972573519
0.9947466850
0.9897403717
0.9975910187
0.9977591634
0.9982867241
0.9912596941
0.9974408150
0.9963593483
0.9959916472
0.9914466143
0.9897810221
0.9932850599
0.9926974773
0.9923733473
0.9952061176
0.9935829043
0.9913120270
0.9938018322
0.9949097633
0.9943580031
0.9985198975
0.9960334301
0.9978218079
0.9978661537
0.9924229383
0.9992184639
0.9943706989
0.9851182103
0.9955081344
0.9988756180
0.9960647821
0.9953862429
0.9964172244
0.9956448674
0.9982507229
0.9962693453
0.9791097641
0.9945650101
0.9948639870
0.9876743555
0.9897929430
0.9968686700
0.9752573371
0.9953601360
0.9981746674
0.9983647466
0.9973849058
0.9971406460
0.9919925928
0.9904842377
0.9837965369
0.9974972010
0.9893473387
0.9875992537
0.9898898602
0.9946851730
0.9966158867
0.9819959402
0.9960463047
0.9807817936
0.9909970760
0.9906373024
0.9868739843
0.9920643568
0.9958244562
0.9974517822
0.9819487333
0.9882366657
0.9902231097
0.9942961931
0.9955813885
0.9932927489
0.9976888299
0.9543976784
0.9940231442
0.9966995716
0.9968925714
0.9731749296
0.9962444305
0.9913237095
0.9973964095
0.9966663122
0.9945391417
0.9970287681
0.9926745892
0.9971815348
0.9893411398
0.9955945015
0.9980176687
0.9975919724
0.9958875179
0.9969906807
0.9916581511
0.9987582564
0.9943065643
0.9960386753
0.9965934753
0.9978575706
0.9926118851
0.9950029850
0.9897440672
0.9930779338
0.9925217032
0.9974064827
0.9983469248
0.9985924959
0.9968000650
0.9990986586
0.9968687296
0.9970910549
0.9949434400
0.9992608428
0.9919807911
0.9970303774
0.9895647764
0.9924123287
0.9916175604
0.9968994856
0.9987606406
0.9963049889
0.9984422922
0.9942873716
0.9931483269
0.9852828979
0.9947167635
0.9973520041
0.9977965355
0.9992099404
0.9937580228
0.9983034730
0.9969142675
0.9918152690
0.9974930286
0.9977369308
0.9928708076
0.9961770773
0.9958126545
0.9986315966
0.9966234565
0.9958708286
0.9934236407
0.9957939386
0.9974620342
0.9925882816
0.9825304747
0.9983732700
0.9903852940
0.9972321987
0.9963898063
0.9977945089
0.9874691963
0.9937247038
0.9953321218
0.9957749844
0.9925343990
0.9935215712
0.9985997677
0.9960874319
0.9806482196
0.9957654476
0.9963507652
0.9918293953
0.9966259003
0.9987790585
0.9965888262
0.9970582724
0.9980828762
0.9953691959
0.9962408543
0.9883376360
0.9943841696
0.9932965040
0.9887474775
0.9973556399
0.9985116720
0.9939364195
0.9963642359
0.9970874786
0.9950129390
0.9975720644
0.9883252978
0.9977461100
0.9953124523
0.9942383170
0.9974759221
0.9974260330
0.9979000092
0.9988939762
0.9961668253
0.9976001978
0.9976162910
0.9948821068
0.9979794025
0.9965931773
0.9963886738
0.9943571091
0.9973467588
0.9952006936
0.9962817430
0.9965494275
0.9930790663
0.9981716871
0.9976762533
0.9956532121
0.9979302883
0.9837725163
0.9886612296
0.9952567816
0.9979261160
0.9952981472
0.9981926680
0.9953582287
0.9974168539
0.9979020357
0.9942861199
0.9882919788
0.9980279207
0.9935380220
0.9989579916
0.9983614683
0.9910987020
0.9931979179
0.9922887683
0.9865338802
0.9948590994
0.9529785514
0.9951953888
0.9973837137
0.9877054095
0.9931395054
0.9923436642
0.9966511130
0.9960544109
0.9951471090
0.9956181049
0.9921447039
0.9957975149
0.9975686669
0.9949306250
0.9937928915
0.9979678392
0.9925283194
0.9832596779
0.9822533131
0.9859036803
0.9605668783
0.9843732119
0.9865200520
0.9863926172
0.9723615050
0.9668442011
0.9901772141
0.9478781223
0.9865252972
0.9866718650
0.9792767167
0.9941116571
0.9858675003
0.9857543707
0.9841465950
0.9657301903
0.9814388156
0.9541223049
0.9504432678
0.9815571308
0.9701217413
0.9858931303
0.9771956801
0.9700058699
0.9775744081
0.9783973694
0.9833788872
0.9743249416
0.9761397839
0.9618196487
0.9848924875
0.9467575550
0.9636076689
0.9316414595
0.9502817392
0.9682865143
0.9585539699
0.9939371347
0.9839001298
0.9564306736
0.9746710658
0.9526102543
0.9786479473
0.9450078011
0.9880169630
0.9695004225
0.9630625844
0.9707800150
0.9803342819
0.9719007015
0.9815046787
0.9648652077
0.9659395218
0.9806884527
0.9701318741
0.9856336713
0.9617298245
0.9814223051
0.9741631746
0.9545056224
0.9883918166
0.9701392651
0.9495408535
0.9551557302
0.9644555449
0.9679896832
0.9499701262
0.9785434604
0.9790475368
0.9718532562
0.8936489820
0.9740852118
0.9562855959
0.9739903212
0.9873604774
0.9869800806
0.9667302966
0.9425364137
0.9719995260
0.9890773892
0.9087384939
0.9672908783
0.9083081484
0.9800447226
0.9679875970
0.9798514843
0.9527100325
0.9780759215
0.9586026669
0.9785436392
0.9804060459
0.9549380541
0.9395046830
0.9798420072
0.9673967957
0.9724794626
0.9762840867
0.9855033159
0.9880210161
0.9578022361
0.9873029590
0.9693121910
0.9789192677
0.9572799206
0.9710628986
0.9892402887
0.9761018753
0.9582076073
0.9658133984
0.9833492041
0.9863504171
0.9798339605
0.9776869416
0.9825242758
0.9635010958
0.9790235162
0.9819073677
0.9770452380
0.9672045708
0.9883915186
0.9733649492
0.9715340137
0.9827507734
0.9876011014
0.9864126444
0.9861037731
0.9787313938
0.9672996998
0.9882279634
0.9740660191
0.9857444167
0.9695842266
0.9924530983
0.9657628536
0.9822845459
0.9699975252
0.9892511964
0.9679298997
0.9238554239
0.9598610401
0.9776121974
0.9638487101
0.9378153086
0.9684451222
0.9770113230
0.9941960573
0.9888752699
0.9694101810
0.9740902185
0.9918689728
0.9756797552
0.9642834067
0.9600058794
0.9894357920
0.9803563356
0.9366827011
0.9760577679
0.9430990219
0.9749081135
0.9763399959
0.9748454094
0.9815967679
0.9866813421
0.9939012527
0.9842351675
0.9772379994
0.9681842923
0.9752113223
0.9298872948
0.9707586765
0.9827452898
0.9771243334
0.9803746939
0.9564855099
0.9607646465
0.9722696543
0.9774377346
0.9910545349
0.9759171009
0.9696432352
0.9874384403
0.9462101460
0.9836161137
0.9844974875
0.9686594605
0.9780416489
0.9541167021
0.9870356321
0.9500520229
0.9845757484
0.9847363234
0.9680091143
0.9714359045
0.9803820848
0.9650906324
0.9651588202
0.9372525215
0.9893698692
0.9588662386
0.9853848815
0.9887284040
0.9719032645
0.9705792665
0.9851267338
0.9831753373
0.9836649895
0.9743475914
0.9853253365
0.9699605703
0.9912395477
0.9854574203
0.9779723883
0.9774988294
0.9583933353
0.9584127665
0.9659894705
0.9688624144
0.9858330488
0.9814591408
0.9393769503
0.9578881860
0.9523401260
0.9840601087
0.9673196077
0.9756867290
0.9274717569
0.9601720572
0.9759943485
0.9533233643
0.9638663530
0.9636144042
0.8150563240
0.8974028230
0.9603381157
0.9267532825
0.9473478198
0.9296720028
0.9381822348
0.9300633669
0.9038829803
0.9252041578
0.9354356527
0.9094679356
0.9119737744
0.9446536303
0.8958023787
0.9684731960
0.9340430498
0.9788498878
0.9549977779
0.9753239751
0.9604890943
0.9849604964
0.9319359660
0.9453197718
0.9639482498
0.9404172301
0.9724398851
0.9267482758
0.9862961173
0.9711565971
0.9763453007
0.9825847745
0.9599397779
0.9824229479
0.9737428427
0.9810175896
0.9734312296
0.9852029085
0.9318674803
0.9665809274
0.9805592299
0.9595031142
0.9718822241
0.9915547371
0.9604280591
0.9786705971
0.9731559753
0.9739338160
0.9444363117
0.9864033461
0.9835798740
0.9928462505
0.9617329240
0.9701018929
0.9740742445
0.9754528999
0.9850486517
0.9702345133
0.9838266373
0.9470123053
0.9708060026
0.9853771329
0.9818149805
0.9830944538
0.9632962942
0.9834237099
0.9548056722
0.9592082500
0.9650459886
0.9611023664
0.9562983513
0.9571897984
0.9469521046
0.9817224145
0.9593007565
0.9538136721
0.9822858572
0.9864338636
0.9587373734
0.9771733284
0.9756603241
0.9695779085
0.9202526808
0.9867422581
0.9939644337
0.9524570704
0.9650337696
0.9618788362
0.9895821810
0.9907072783
0.9269013405
0.9655706882
0.9677771330
0.9749074578
0.9810773134
0.9815815091
0.9282571077
0.9783103466
0.9673322439
0.9468014836
0.9715928435
0.9778991938
0.9825681448
0.9839768410
0.9722921848
0.9753277898
0.9818699360
0.9830594063
0.9258527160
0.9756307602
0.9831066132
0.9724595547
0.9861361980
0.9647253752
0.9806166887
0.9749035835
0.9800553322
0.9777528048
0.9616413116
0.9867315292
0.9620408416
0.9901677370
0.9868564606
0.9373229146
0.9844646454
0.9907373190
0.9831423163
0.9079811573
0.9573585987
0.9804689884
0.9786266685
0.9953637123
0.9900897741
0.9377932549
0.9782931805
0.9783601165
0.9943579435
0.9259912968
0.9157369733
0.9667223096
0.9888068438
0.9378052354
0.9630707502
0.9831241369
0.9550414085
0.9783041477
0.9783452749
0.9197438955
0.9773885012
0.9181846976
0.9572078586
0.9429327250
0.9870433807
0.9692430496
0.9790452719
0.9633791447
0.9599587321
0.9144302607
0.9557852745
0.9194847345
0.9030245543
0.9390441179
0.9192969799
0.8807760477
0.8920543194
0.8900759220
0.9350776672
0.9495619535
0.9292991161
0.9869291186
0.9184587002
0.9285950661
0.9639041424
0.9696269631
0.9546399117
0.9196302891
0.9689495564
0.9635460377
0.9479205608
0.9331142902
0.9660235643
0.9671531916
0.9839519262
0.9673699141
0.9602979422
0.9799461365
0.9610631466
0.9452145100
0.9798313379
0.9432303309
0.9656488299
0.9645569921
0.9787611365
0.9545408487
0.9686163664
0.9819247723
0.9657716751
0.9694458246
0.9259895086
0.9853072762
0.9635657072
0.9572299719
0.9543337226
0.9568201303
0.9723808765
0.9785835147
0.9847792387
0.9876416922
0.9547092915
0.9867694378
0.9339183569
0.9620856047
0.9650676250
0.9629274607
0.9376982450
0.9569399357
0.9909294248
0.9826015234
0.9727215767
0.9596478939
0.9720264673
0.9847550988
0.9587262869
0.9664794207
0.9705164433
0.9799351692
0.9671533108
0.9840246439
0.9793221951
0.9837557077
0.9838342667
0.9493374825
0.9658725262
0.9933310151
0.9864321351
0.9427602291
0.9851841927
0.9824091196
0.9860359430
0.9740752578
0.9643099308
0.9744828343
0.9845217466
0.9783263206
0.9810032845
0.9953602552
0.9912693501
0.9774308205
0.9889266491
0.9886623621
0.9649823308
0.9774556160
0.9839755297
0.9814748764
0.9765226841
0.9554185867
0.9697059393
0.9840962887
0.9720346332
0.9822536111
0.9694961309
0.9565703869
0.9822276235
0.9837989807
0.9874053001
0.9590071440
0.9835613966
0.9785206318
0.9756268263
0.9625240564
0.9546630383
0.9616330862
0.9679721594
0.9630247355
0.9712502956
0.9647712708
0.9585337639
0.9672753811
0.9725662470
0.9704416990
0.9888948798
0.9751477242
0.9843676686
0.9834172726
0.9643884897
0.9917272329
0.9682161808
0.9411997795
0.9754362106
0.9909303784
0.9764987230
0.9728435278
0.9772303104
0.9743444920
0.9859453440
0.9787675142
0.9259694219
0.9727607965
0.9693115950
0.9468719959
0.9528301954
0.9778610468
0.9134811759
0.9746711254
0.9847837687
0.9876080751
0.9805527925
0.9803900123
0.9629957676
0.9603684545
0.9359014034
0.9822877645
0.9493243694
0.9503566027
0.9577680826
0.9721448421
0.9793871045
0.9309570789
0.9774823189
0.9354991317
0.9608854055
0.9602053165
0.9470893145
0.9584934711
0.9778867960
0.9818956852
0.9376870394
0.9473077655
0.9558118582
0.9674603343
0.9762836695
0.9665176868
0.9850908518
0.8729534149
0.9697691202
0.9780404568
0.9799803495
0.9087348580
0.9778586626
0.9585160613
0.9832116365
0.9775864482
0.9707047343
0.9800668359
0.9658964872
0.9822316170
0.9542713165
0.9731091261
0.9855397940
0.9849948883
0.9753704071
0.9781455994
0.9548430443
0.9895121455
0.9729832411
0.9753252268
0.9790762663
0.9842493534
0.9620220661
0.9715700746
0.9560226202
0.9655078053
0.9608989358
0.9822819233
0.9876272678
0.9888292551
0.9786039591
0.9906122684
0.9790361524
0.9797086716
0.9707814455
0.9915533066
0.9578523636
0.9798408747
0.9497965574
0.9614987373
0.9607250690
0.9800121188
0.9879410267
0.9783124924
0.9857394695
0.9710868597
0.9619752169
0.9450017214
0.9707365036
0.9808328152
0.9843394160
0.9915730357
0.9675404429
0.9871886969
0.9788963199
0.9574959278
0.9827848077
0.9833499789
0.9623038173
0.9779186249
0.9744980335
0.9890679121
0.9793546200
0.9760100842
0.9635754824
0.9753032923
0.9807337523
0.9675146341
0.9407860637
0.9872599840
0.9563125968
0.9808870554
0.9767597914
0.9846915603
0.9374005795
0.9669362903
0.9748307467
0.9769718647
0.9595173597
0.9670879245
0.9869539142
0.9757186174
0.9272587895
0.9777804017
0.9767920971
0.9560425878
0.9796447754
0.9906216264
0.9753414989
0.9805889130
0.9862106442
0.9740349054
0.9747794271
0.9482454062
0.9676792622
0.9686284065
0.9525810480
0.9805568457
0.9872872829
0.9685158730
0.9756559134
0.9810085297
0.9720630646
0.9814731479
0.9506933689
0.9831255674
0.9738533497
0.9683003426
0.9829427004
0.9810270071
0.9849269390
0.9887320399
0.9754130244
0.9820364714
0.9818719625
0.9740215540
0.9853845835
0.9770656824
0.9793721437
0.9685803652
0.9812371731
0.9691420794
0.9757963419
0.9764114022
0.9661672115
0.9848310351
0.9852770567
0.9721692801
0.9840008616
0.9329078197
0.9535329938
0.9747536182
0.9838537574
0.9736731052
0.9871957898
0.9747833014
0.9831386805
0.9843022823
0.9680875540
0.9530013800
0.9844779968
0.9665458202
0.9905209541
0.9867898226
0.9632028341
0.9682392478
0.9612742066
0.9443715811
0.9734977484
0.8771888018
0.9718847871
0.9835350513
0.9470624924
0.9647721052
0.9642477036
0.9800632596
0.9774280787
0.9730235934
0.9755389690
0.9611846209
0.9747552276
0.9830706120
0.9759737253
0.9681568742
0.9852079749
0.9634221792
0.9897047281
0.9885380864
0.9904325008
0.9694783092
0.9898371100
0.9920215011
0.9908515215
0.9780158401
0.9782635570
0.9932227731
0.9644157887
0.9911681414
0.9897949696
0.9859398603
0.9963139296
0.9903768301
0.9897267818
0.9898242354
0.9778646231
0.9884629250
0.9668008089
0.9649097919
0.9880586267
0.9779419303
0.9885984659
0.9819675684
0.9770974517
0.9837801456
0.9849083424
0.9884819984
0.9816794395
0.9835817814
0.9716864228
0.9894115925
0.9573397636
0.9716945291
0.9508427382
0.9631552696
0.9777988791
0.9719048738
0.9966323376
0.9887515903
0.9675359130
0.9826201200
0.9663590193
0.9848592281
0.9615712166
0.9935103655
0.9782251716
0.9750388861
0.9770179987
0.9852767587
0.9785587788
0.9864515066
0.9729536772
0.9748567343
0.9870862961
0.9847718477
0.9905487895
0.9729267359
0.9873918295
0.9810600281
0.9727452993
0.9920469522
0.9769787192
0.9636856318
0.9682171345
0.9730256796
0.9787092209
0.9586252570
0.9881060719
0.9862167239
0.9804887772
0.9275775552
0.9778314233
0.9660156965
0.9805995822
0.9921325445
0.9917106628
0.9801272750
0.9625881314
0.9830007553
0.9929354191
0.9149912596
0.9775190353
0.9248858690
0.9869735837
0.9743659496
0.9844174385
0.9640333652
0.9846600294
0.9666697383
0.9854059219
0.9849298596
0.9688401222
0.9511450529
0.9867951870
0.9758407474
0.9831972718
0.9814366102
0.9900671244
0.9916529059
0.9656754136
0.9910513163
0.9775719047
0.9847533703
0.9658727646
0.9774173498
0.9929228425
0.9826779366
0.9740171432
0.9736550450
0.9889405966
0.9900555015
0.9835954905
0.9844368696
0.9878950119
0.9703025818
0.9845054150
0.9877734184
0.9840283394
0.9752045870
0.9921075702
0.9793263674
0.9790587425
0.9878602624
0.9897222519
0.9908552170
0.9908454418
0.9846845865
0.9745627642
0.9919539690
0.9819259048
0.9891936183
0.9796638489
0.9946132302
0.9799058437
0.9876997471
0.9789841771
0.9926804900
0.9760974646
0.9320554733
0.9734404087
0.9841643572
0.9747023582
0.9528033137
0.9782684445
0.9852039218
0.9957655668
0.9920563698
0.9785726070
0.9832832813
0.9944905043
0.9797174931
0.9761160016
0.9668334723
0.9935002327
0.9858790636
0.9623353481
0.9830871820
0.9553702474
0.9811453819
0.9809997082
0.9844431877
0.9878655672
0.9906201363
0.9962899685
0.9907392263
0.9849979877
0.9775905013
0.9811167121
0.9459866285
0.9802721143
0.9882982969
0.9851891994
0.9874017239
0.9678629637
0.9752891064
0.9787817001
0.9837341309
0.9931670427
0.9825320840
0.9780007601
0.9907838702
0.9471697807
0.9888267517
0.9872986078
0.9792861938
0.9857246876
0.9635422826
0.9903869033
0.9626655579
0.9882249832
0.9883438349
0.9760627747
0.9766722918
0.9888540506
0.9742211699
0.9739751816
0.9533831477
0.9937878847
0.9744808674
0.9898887873
0.9927501678
0.9809516668
0.9793394804
0.9909950495
0.9864806533
0.9884682894
0.9818329215
0.9889292121
0.9812272787
0.9951207638
0.9897345304
0.9837970734
0.9856514931
0.9670450687
0.9678762555
0.9714432955
0.9747298360
0.9913331866
0.9862688184
0.9536710978
0.9706578255
0.9615254402
0.9892822504
0.9779306650
0.9829079509
0.9475091696
0.9635998011
0.9811701179
0.9655989408
0.9729497433
0.9723957777
0.8524676561
0.9175303578
0.9720700979
0.9415673018
0.9641104937
0.9430336952
0.9466790557
0.9452495575
0.9281001091
0.9407522678
0.9422856569
0.9342534542
0.9256138206
0.9590044022
0.8983818889
0.9756438136
0.9468721151
0.9845214486
0.9659577608
0.9810005426
0.9701048136
0.9896583557
0.9519112110
0.9562975168
0.9728665948
0.9613619447
0.9835786223
0.9378682375
0.9901628494
0.9823523760
0.9795586467
0.9871904850
0.9697672129
0.9874215126
0.9806848764
0.9867131710
0.9794983864
0.9901550412
0.9495081902
0.9752719402
0.9852187037
0.9702621698
0.9814720750
0.9945197105
0.9690693617
0.9830434918
0.9814940691
0.9812656641
0.9580178261
0.9905836582
0.9875473380
0.9944190979
0.9709018469
0.9788217545
0.9783945084
0.9833780527
0.9896357656
0.9762338400
0.9878776073
0.9654806852
0.9788755178
0.9900207520
0.9875509739
0.9851286411
0.9740263224
0.9898054004
0.9625663757
0.9696843028
0.9755891562
0.9712958336
0.9679592848
0.9705770016
0.9550716877
0.9855439663
0.9749242067
0.9656071663
0.9871233702
0.9918332100
0.9637777805
0.9789229631
0.9828587770
0.9790898561
0.9445571899
0.9910987020
0.9959635735
0.9625556469
0.9732674956
0.9689322710
0.9928030968
0.9937098026
0.9426811934
0.9706735611
0.9791940451
0.9815878868
0.9865106344
0.9882696867
0.9420807362
0.9869377613
0.9769067764
0.9625117779
0.9777168036
0.9850865602
0.9891224504
0.9900865555
0.9796965122
0.9842251539
0.9877976775
0.9869399071
0.9479078650
0.9833852053
0.9864039421
0.9807267189
0.9909009933
0.9711598158
0.9856582284
0.9809257388
0.9860839248
0.9843181372
0.9755208492
0.9898663759
0.9739730358
0.9927138686
0.9916812181
0.9514858723
0.9901500940
0.9926626682
0.9898014069
0.9317951202
0.9691156149
0.9875513315
0.9854391813
0.9969319105
0.9935098886
0.9514247179
0.9841614962
0.9817264676
0.9967395663
0.9417607784
0.9290123582
0.9764038920
0.9908591509
0.9503469467
0.9798231125
0.9879315495
0.9670722485
0.9866701365
0.9856210947
0.9328392744
0.9858888388
0.9349077940
0.9687903523
0.9557509422
0.9923521280
0.9753748775
0.9855917096
0.9713624716
0.9695265293
0.9324027300
0.9674311876
0.9371386766
0.9192888737
0.9501355886
0.9233566523
0.8997026682
0.9147043228
0.9116533995
0.9478260279
0.9624505043
0.9438261986
0.9904561043
0.9304850101
0.9437645674
0.9719808102
0.9786890745
0.9634238482
0.9384995103
0.9787729979
0.9773046374
0.9612221718
0.9533495903
0.9747979641
0.9752489328
0.9889743328
0.9756239057
0.9723208547
0.9852755070
0.9686574936
0.9624536037
0.9858046174
0.9599634409
0.9745659232
0.9734317064
0.9870133400
0.9710685611
0.9780076742
0.9870928526
0.9754541516
0.9778281450
0.9395290613
0.9902424812
0.9711412191
0.9644365311
0.9661385417
0.9656352401
0.9786019325
0.9862999916
0.9877266884
0.9917666912
0.9664044976
0.9907327890
0.9534366131
0.9759294987
0.9750975370
0.9734266996
0.9496452808
0.9673628807
0.9939897656
0.9898241758
0.9812698364
0.9729551077
0.9823330641
0.9873098135
0.9639104605
0.9762111902
0.9771729708
0.9838181734
0.9782676697
0.9894685745
0.9857484102
0.9881119728
0.9888207912
0.9617053270
0.9759290218
0.9961523414
0.9912111163
0.9505544901
0.9902969599
0.9883319139
0.9897813201
0.9809607267
0.9710525274
0.9823253751
0.9893310070
0.9848330021
0.9872037172
0.9970409274
0.9947502017
0.9851084948
0.9925495386
0.9918415546
0.9723315239
0.9844462276
0.9895006418
0.9880265594
0.9811866283
0.9678422213
0.9810384512
0.9875070453
0.9799008369
0.9878097773
0.9803006649
0.9668636322
0.9890694618
0.9891147614
0.9901036620
0.9697976112
0.9862523675
0.9863004684
0.9842192531
0.9724294543
0.9640897512
0.9728362560
0.9775317907
0.9711353183
0.9820494652
0.9774272442
0.9673765302
0.9768466353
0.9799114466
0.9785457850
0.9921808243
0.9845114946
0.9898105264
0.9880594015
0.9710949659
0.9946165085
0.9763864875
0.9531157017
0.9824657440
0.9930720329
0.9838752747
0.9792132378
0.9832866788
0.9843888283
0.9906204939
0.9814080596
0.9418817163
0.9809030294
0.9782907367
0.9619408250
0.9625008106
0.9854778051
0.9319176674
0.9823805094
0.9894946218
0.9914947748
0.9873042107
0.9854531288
0.9686670303
0.9705852866
0.9476771355
0.9884077907
0.9591937065
0.9613472223
0.9612877369
0.9778875709
0.9839795828
0.9568688273
0.9847890139
0.9438621998
0.9697356224
0.9654278159
0.9602738619
0.9731605649
0.9830542803
0.9864195585
0.9521968961
0.9638114572
0.9640854001
0.9786286354
0.9833370447
0.9766476750
0.9891599417
0.9027301073
0.9777193069
0.9854224920
0.9865865111
0.9338430166
0.9823180437
0.9681692123
0.9879348278
0.9841732383
0.9788646698
0.9874620438
0.9734300375
0.9864212871
0.9670505524
0.9819798470
0.9899822474
0.9888591766
0.9829454422
0.9863281250
0.9672201872
0.9934562445
0.9791069031
0.9838697910
0.9828811884
0.9880704880
0.9698044062
0.9769035578
0.9676305652
0.9725255966
0.9731392860
0.9894580841
0.9922908545
0.9922589064
0.9847555161
0.9933360815
0.9846170545
0.9853490591
0.9796670675
0.9957337379
0.9742991924
0.9860378504
0.9616082311
0.9702464342
0.9700376987
0.9845951796
0.9921355247
0.9832345843
0.9912443161
0.9795217514
0.9725229740
0.9585797191
0.9783153534
0.9859629273
0.9891533852
0.9946831465
0.9761655331
0.9917728901
0.9874800444
0.9693518877
0.9892186522
0.9883819818
0.9744331837
0.9817006588
0.9835923314
0.9926756620
0.9843877554
0.9826601148
0.9744067788
0.9836224318
0.9880645275
0.9729405642
0.9471024275
0.9920258522
0.9653062224
0.9882061481
0.9819464087
0.9893031120
0.9578759670
0.9753506184
0.9828333855
0.9835119247
0.9701954126
0.9747881889
0.9926027060
0.9817742109
0.9445762634
0.9833827019
0.9846128225
0.9689844847
0.9850051403
0.9932673573
0.9832422733
0.9877470732
0.9905200005
0.9809993505
0.9832659960
0.9661952853
0.9771136045
0.9755003452
0.9615638256
0.9878320694
0.9906224608
0.9768795371
0.9848003387
0.9873563051
0.9798403382
0.9868017435
0.9581949711
0.9885568023
0.9813167453
0.9766058326
0.9892560840
0.9873589277
0.9903746843
0.9933314323
0.9841880798
0.9890279770
0.9867385626
0.9786673784
0.9903857708
0.9859666228
0.9843797684
0.9783143997
0.9866946936
0.9796202183
0.9824554920
0.9844357967
0.9748656750
0.9906130433
0.9880542755
0.9803745747
0.9903356433
0.9511466622
0.9652978778
0.9820656180
0.9890010357
0.9835397005
0.9916474819
0.9814663529
0.9877229929
0.9895994067
0.9768822193
0.9614018202
0.9900170565
0.9769438505
0.9942487478
0.9913171530
0.9718652368
0.9737641811
0.9707523584
0.9613298178
0.9787443876
0.8873912096
0.9803951979
0.9883745909
0.9630492330
0.9753298163
0.9709991813
0.9864734411
0.9832420349
0.9804819822
0.9814873934
0.9749301076
0.9824981689
0.9890230298
0.9813961983
0.9750670791
0.9899722338
0.9720493555
0.9869109392
0.9851359725
0.9883409739
0.9652897120
0.9868558049
0.9888475537
0.9890170097
0.9752575159
0.9724013805
0.9916970730
0.9549744725
0.9888685346
0.9885725379
0.9833090305
0.9953781366
0.9882738590
0.9876456261
0.9872758389
0.9712467194
0.9851424694
0.9596536756
0.9562422037
0.9845054150
0.9740983248
0.9878079295
0.9796446562
0.9730918407
0.9804790020
0.9814957380
0.9860199690
0.9774632454
0.9803491831
0.9652667046
0.9870085716
0.9532593489
0.9669087529
0.9406994581
0.9572160244
0.9736723900
0.9661842585
0.9952731133
0.9868351221
0.9616490006
0.9781889319
0.9586905241
0.9820766449
0.9536393881
0.9906795621
0.9733997583
0.9694796801
0.9742341042
0.9832063913
0.9765611887
0.9840750694
0.9685419202
0.9694744349
0.9839687943
0.9777961969
0.9879106283
0.9673604369
0.9845269918
0.9781718850
0.9643825293
0.9899291992
0.9721894264
0.9565146565
0.9594280720
0.9681459665
0.9728710651
0.9528989196
0.9831303358
0.9819254875
0.9770439863
0.9112830758
0.9751965404
0.9593632221
0.9777927399
0.9897913933
0.9892254472
0.9729707241
0.9517235160
0.9779761434
0.9913470745
0.9102335572
0.9720164537
0.9159187078
0.9828780890
0.9704595804
0.9822409153
0.9581276178
0.9813133478
0.9629792571
0.9826883078
0.9824861884
0.9607578516
0.9472427368
0.9830183983
0.9717128277
0.9775169492
0.9792931080
0.9879256487
0.9897980690
0.9622355700
0.9887697101
0.9732724428
0.9822220802
0.9625511169
0.9749445915
0.9913188815
0.9789513350
0.9662070274
0.9691556692
0.9863016605
0.9886698127
0.9821392298
0.9798498154
0.9859803915
0.9684782028
0.9818013906
0.9849008322
0.9803638458
0.9706223011
0.9901884794
0.9765068293
0.9751359224
0.9852600694
0.9889843464
0.9890489578
0.9887943268
0.9820740223
0.9712167978
0.9900977015
0.9774559140
0.9882655740
0.9745123386
0.9935204387
0.9718451500
0.9844384193
0.9742132425
0.9908996820
0.9716151953
0.9293130636
0.9671218395
0.9820507765
0.9692305923
0.9456025958
0.9734059572
0.9810924530
0.9950285554
0.9906325340
0.9740877748
0.9797038436
0.9933981895
0.9779190421
0.9693630934
0.9629163146
0.9915846586
0.9828561544
0.9511910677
0.9796636701
0.9481813908
0.9779909849
0.9786751270
0.9801826477
0.9850559235
0.9886869192
0.9952296019
0.9878554940
0.9810184240
0.9726714492
0.9783508778
0.9374495745
0.9756480455
0.9854470491
0.9810193181
0.9836745262
0.9616973996
0.9670197964
0.9749184251
0.9807219505
0.9924099445
0.9790338278
0.9747305512
0.9890143871
0.9460637569
0.9861111641
0.9858282208
0.9745559692
0.9819012284
0.9582498074
0.9883905649
0.9558609128
0.9868451357
0.9867258072
0.9726313353
0.9736405015
0.9837272763
0.9689424038
0.9696164131
0.9455007315
0.9918878675
0.9668707848
0.9876688123
0.9911631942
0.9750840664
0.9755897522
0.9882533550
0.9852635860
0.9863709211
0.9782762527
0.9871177673
0.9755036831
0.9931149483
0.9873737693
0.9806281328
0.9813233614
0.9630369544
0.9631780386
0.9696552753
0.9733491540
0.9887486696
0.9844457507
0.9447677732
0.9638729692
0.9559329748
0.9865999818
0.9722797871
0.9791662097
0.9344071150
0.9608540535
0.9799852371
0.9607161880
0.9693882465
0.9680755138
0.8265302777
0.9055404663
0.9648714662
0.9370571971
0.9540984631
0.9360201955
0.9421107173
0.9372662306
0.9167159796
0.9329613447
0.9399653673
0.9203859568
0.9196510315
0.9509555697
0.8999764919
0.9723620415
0.9401480556
0.9822943807
0.9583111405
0.9781252146
0.9648724198
0.9877712131
0.9412366152
0.9517363310
0.9676393270
0.9495069981
0.9778895378
0.9305251837
0.9884778261
0.9758708477
0.9772597551
0.9852823019
0.9649335146
0.9851937294
0.9782140255
0.9843741655
0.9771698713
0.9881783724
0.9405895472
0.9712535143
0.9828768969
0.9646279812
0.9766243696
0.9934231043
0.9632378817
0.9820847511
0.9769665003
0.9774169922
0.9509913921
0.9884689450
0.9855867624
0.9938323498
0.9666956663
0.9743795395
0.9770137668
0.9798613787
0.9871982932
0.9729082584
0.9860558510
0.9558866024
0.9731209278
0.9876974821
0.9843927622
0.9842674732
0.9685128331
0.9870051146
0.9585362673
0.9638032913
0.9700444937
0.9670295715
0.9623272419
0.9633820057
0.9517859221
0.9834766388
0.9667885303
0.9586979747
0.9848324060
0.9892183542
0.9606826305
0.9782271385
0.9798344970
0.9745430946
0.9305893183
0.9887214899
0.9950927496
0.9585417509
0.9692313671
0.9635217786
0.9910209179
0.9922657013
0.9353033304
0.9690384865
0.9732701182
0.9781439304
0.9840855598
0.9849238396
0.9342879057
0.9826383591
0.9720387459
0.9532653093
0.9742183685
0.9816949368
0.9862304926
0.9875814915
0.9759845734
0.9790041447
0.9849388599
0.9851040840
0.9389820099
0.9793873429
0.9853608608
0.9763174057
0.9887623787
0.9693363905
0.9831381440
0.9776380062
0.9833744764
0.9810516834
0.9681562185
0.9879170656
0.9684497118
0.9915776253
0.9889374971
0.9437034130
0.9873635769
0.9916803837
0.9864190817
0.9161970615
0.9632918239
0.9834114313
0.9812585711
0.9962459803
0.9920454025
0.9442205429
0.9807533026
0.9807232618
0.9956526756
0.9313941002
0.9207930565
0.9703671932
0.9895454645
0.9452788830
0.9713431597
0.9857057333
0.9617131948
0.9823054075
0.9822850227
0.9247620106
0.9818540812
0.9270317554
0.9626967907
0.9484580755
0.9897978306
0.9725716114
0.9826195836
0.9665691853
0.9639906883
0.9228043556
0.9618940353
0.9268258214
0.9115806818
0.9444607496
0.9247570038
0.8877797127
0.8993952274
0.8940817118
0.9440802336
0.9553905725
0.9359487295
0.9888914227
0.9272481203
0.9342807531
0.9687182307
0.9748334289
0.9592816830
0.9295015335
0.9750663638
0.9694157839
0.9545009136
0.9432702065
0.9709375501
0.9705213308
0.9872606993
0.9711016417
0.9656258821
0.9830487967
0.9645333290
0.9535883665
0.9823596478
0.9525040388
0.9695848227
0.9694101810
0.9827790260
0.9618579149
0.9730122089
0.9845432639
0.9703491330
0.9737821817
0.9313321114
0.9882431030
0.9673029780
0.9601414204
0.9601228237
0.9614838362
0.9738315344
0.9820956588
0.9871690273
0.9900232553
0.9609326124
0.9890318513
0.9426683784
0.9673950076
0.9699457884
0.9674959183
0.9446356893
0.9618031979
0.9924263954
0.9863646030
0.9773093462
0.9641261101
0.9778627157
0.9865406752
0.9619929790
0.9711344242
0.9732331038
0.9819806814
0.9726464152
0.9867376089
0.9828268290
0.9858926535
0.9863764048
0.9572899938
0.9706000090
0.9948444366
0.9886538982
0.9480987787
0.9878315926
0.9853001833
0.9880924225
0.9773125052
0.9684927464
0.9785792828
0.9873172045
0.9814589024
0.9841642380
0.9963779449
0.9931830168
0.9805046320
0.9907550812
0.9905557632
0.9687148333
0.9814947844
0.9865410924
0.9852837324
0.9785937667
0.9599556327
0.9744100571
0.9860284328
0.9760792255
0.9851963520
0.9745966196
0.9612258673
0.9858752489
0.9861162901
0.9888744354
0.9627531767
0.9855496287
0.9815465808
0.9799358249
0.9667243958
0.9599527717
0.9677119255
0.9730316401
0.9680076838
0.9757738113
0.9695110917
0.9623537064
0.9720638990
0.9761879444
0.9744232893
0.9909098148
0.9804789424
0.9869736433
0.9861522317
0.9673120379
0.9932975769
0.9716613889
0.9471377134
0.9792266488
0.9921542406
0.9804697037
0.9758473635
0.9808758497
0.9797742367
0.9879373312
0.9809460640
0.9325674772
0.9773219824
0.9741979837
0.9542295337
0.9577378035
0.9823128581
0.9198752642
0.9785684347
0.9873805046
0.9898682833
0.9840406179
0.9822445512
0.9659070969
0.9665207863
0.9424731731
0.9854293466
0.9528399706
0.9559567571
0.9605636597
0.9750083089
0.9825378656
0.9427703619
0.9799489379
0.9385025501
0.9648294449
0.9619277716
0.9532177448
0.9642139673
0.9805166125
0.9851789474
0.9452031851
0.9540779591
0.9597979784
0.9740496874
0.9794178605
0.9720978737
0.9877598286
0.8829621077
0.9743195772
0.9821331501
0.9837713242
0.9211587906
0.9807102084
0.9635757208
0.9861166477
0.9803659916
0.9744017124
0.9839646220
0.9695734978
0.9842822552
0.9602001309
0.9773302078
0.9875479937
0.9873926044
0.9792467952
0.9821259379
0.9602652788
0.9912146926
0.9765452147
0.9804365635
0.9813671112
0.9861702919
0.9663950801
0.9746954441
0.9609065056
0.9683612585
0.9664228559
0.9854364395
0.9899404049
0.9905429482
0.9815907478
0.9919021726
0.9816620946
0.9824773073
0.9755919576
0.9934847355
0.9664971828
0.9835611582
0.9558085203
0.9649691582
0.9665538669
0.9828170538
0.9897063971
0.9807240367
0.9887601137
0.9757825732
0.9670460224
0.9503895044
0.9741896391
0.9836300611
0.9869053364
0.9929212332
0.9717208147
0.9896789789
0.9830422401
0.9626209736
0.9861879349
0.9858883619
0.9687318206
0.9796704054
0.9793207645
0.9909068942
0.9816689491
0.9789217710
0.9688953161
0.9787934422
0.9844287634
0.9707682133
0.9440493584
0.9897350669
0.9601677656
0.9844917059
0.9798820019
0.9873590469
0.9481118321
0.9698976278
0.9783602357
0.9793804884
0.9659224153
0.9709934592
0.9893065095
0.9791352749
0.9359441996
0.9802724123
0.9798889160
0.9608611465
0.9817371368
0.9920672178
0.9787459970
0.9841818810
0.9882972836
0.9784924984
0.9784175158
0.9572713375
0.9722422361
0.9720913172
0.9574617147
0.9839820862
0.9889794588
0.9722528458
0.9795457721
0.9841186404
0.9763765335
0.9841380119
0.9532002211
0.9857450128
0.9784260988
0.9717010260
0.9861093760
0.9845162630
0.9877095819
0.9909533262
0.9790083170
0.9850533009
0.9836021662
0.9761948586
0.9881386757
0.9808434248
0.9822115898
0.9734157324
0.9844374657
0.9739299417
0.9787571430
0.9801625609
0.9689424038
0.9877971411
0.9862543941
0.9760096669
0.9871686697
0.9416499138
0.9582265615
0.9779741764
0.9869214296
0.9787718654
0.9896049500
0.9784196615
0.9850977659
0.9871021509
0.9708243012
0.9571299553
0.9877079725
0.9711825252
0.9922935963
0.9888156652
0.9686721563
0.9710300565
0.9654921293
0.9534074068
0.9756119251
0.8813811541
0.9768805504
0.9854184389
0.9537653923
0.9693205357
0.9668941498
0.9833935499
0.9800140262
0.9768998027
0.9787836671
0.9674910307
0.9781123400
0.9863009453
0.9790227413
0.9707149863
0.9877540469
0.9676361084
