0.9992130995
0.9987623692
0.9985110760
0.9988906980
0.9992827177
0.9990051985
0.9989794493
0.9991971254
0.9986820221
0.9987658262
0.9990820885
0.9992386103
0.9989522696
0.9989205003
0.9986748695
0.9989663363
0.9995568991
0.9989701509
0.9991488457
0.9989799857
0.9986106753
0.9987782240
0.9988827705
0.9992911816
0.9991425872
0.9989588261
0.9990004301
0.9988896847
0.9992313385
0.9992821217
0.9993171692
0.9988187551
0.9983208179
0.9992046952
0.9990654588
0.9991744757
0.9988448024
0.9990617037
0.9988188744
0.9991166592
0.9991609454
0.9989506602
0.9985773563
0.9993963838
0.9987357855
0.9987739325
0.9987200499
0.9993754029
0.9986623526
0.9986587763
0.9991742969
0.9982427359
0.9987728596
0.9982758760
0.9990359545
0.9989214540
0.9986912012
0.9993065596
0.9987201691
0.9986906648
0.9988498092
0.9988250732
0.9989054203
0.9985654354
0.9989037514
0.9989657998
0.9992287159
0.9986099005
0.9989610314
0.9989459515
0.9992799759
0.9985992908
0.9989899397
0.9988001585
0.9990388155
0.9988259077
0.9986951351
0.9991467595
0.9990046024
0.9989364147
0.9989082813
0.9992398024
0.9988667965
0.9988951683
0.9992737770
0.9986171722
0.9993344545
0.9992284775
0.9991266727
0.9992746711
0.9992941618
0.9984802604
0.9986187220
0.9990065098
0.9991967678
0.9990510941
0.9992421865
0.9990608692
0.9989414215
0.9990363121
0.9991667271
0.9993304014
0.9990435839
0.9988408089
0.9989994764
0.9984511137
0.9986576438
0.9995441437
0.9988474846
0.9991261959
0.9988504648
0.9986866713
0.9987894297
0.9991074800
0.9989781976
0.9989649653
0.9989581108
0.9986863136
0.9989492297
0.9992448092
0.9983097315
0.9986627102
0.9983956814
0.9989420176
0.9988731146
0.9987176657
0.9990444183
0.9988782406
0.9990410209
0.9989064336
0.9990837574
0.9992792010
0.9991865158
0.9990340471
0.9994948506
0.9991030693
0.9985797405
0.9992431402
0.9988075495
0.9989612103
0.9988785386
0.9991564155
0.9993183613
0.9990429282
0.9990337491
0.9983336329
0.9989929199
0.9992320538
0.9994076490
0.9991604090
0.9989626408
0.9989182949
0.9985942841
0.9992737770
0.9989147186
0.9988887906
0.9988129139
0.9989997149
0.9987279773
0.9985399246
0.9990894794
0.9989857674
0.9989257455
0.9987942576
0.9989056587
0.9987949729
0.9991631508
0.9990149140
0.9993194938
0.9990905523
0.9992277026
0.9988245964
0.9991360903
0.9989761114
0.9988907576
0.9989624619
0.9987080097
0.9989860058
0.9993116856
0.9988770485
0.9989296198
0.9991480112
0.9988440275
0.9989119768
0.9988069534
0.9986761808
0.9990583062
0.9991866350
0.9993486404
0.9991915226
0.9992252588
0.9993612766
0.9988465309
0.9988433123
0.9990087152
0.9991543293
0.9990389347
0.9987955093
0.9991235733
0.9990774393
0.9989618063
0.9992200136
0.9988589287
0.9990553260
0.9992057085
0.9991492629
0.9993902445
0.9987401962
0.9983235598
0.9990265965
0.9985778928
0.9989502430
0.9992494583
0.9990507364
0.9992529154
0.9990065098
0.9992265701
0.9985785484
0.9990842938
0.9991770983
0.9991980195
0.9989721775
0.9989302754
0.9984978437
0.9989442825
0.9992218018
0.9988573194
0.9990817904
0.9991059303
0.9986903667
0.9987716675
0.9991675615
0.9990506172
0.9986164570
0.9989734888
0.9986977577
0.9993292093
0.9993672371
0.9991090894
0.9987229705
0.9990152121
0.9991452694
0.9993734956
0.9990853667
0.9994066954
0.9992177486
0.9992964864
0.9986354709
0.9988206625
0.9990040064
0.9987103939
0.9992078543
0.9988776445
0.9990345240
0.9991185665
0.9988011122
0.9987683892
0.9991396666
0.9989385009
0.9989565015
0.9989998937
0.9993262291
0.9987329841
0.9990119934
0.9994093180
0.9989688396
0.9993326068
0.9992044568
0.9988635182
0.9990944862
0.9987418652
0.9995489120
0.9988998175
0.9985048771
0.9990898371
0.9990992546
0.9990518689
0.9992956519
0.9987335205
0.9990651608
0.9993969202
0.9988951683
0.9987021685
0.9988713264
0.9990339279
0.9988169670
0.9988729358
0.9984860420
0.9987496734
0.9985935688
0.9983817339
0.9988658428
0.9986631274
0.9986649156
0.9991089106
0.9991387725
0.9990283251
0.9991513491
0.9989889860
0.9988960028
0.9992119074
0.9990849495
0.9987238646
0.9990108013
0.9989852309
0.9994000793
0.9992377162
0.9990319014
0.9990440607
0.9991823435
0.9991526604
0.9990050793
0.9989756346
0.9990704060
0.9989871383
0.9987207651
0.9992151856
0.9991030693
0.9990535975
0.9991506338
0.9989562631
0.9988237619
0.9988514185
0.9994081855
0.9990459681
0.9987855554
0.9989418983
0.9990903735
0.9992329478
0.9992397428
0.9985226393
0.9989157319
0.9990217686
0.9987096786
0.9992151260
0.9991688728
0.9986773729
0.9991579056
0.9990987778
0.9988008738
0.9987132549
0.9984506965
0.9991775751
0.9993673563
0.9992966652
0.9989750981
0.9986432791
0.9985390902
0.9990218282
0.9992974997
0.9989205599
0.9990302324
0.9991203547
0.9990285635
0.9989436865
0.9993350506
0.9992308617
0.9990615845
0.9991084337
0.9990720749
0.9988318086
0.9990468025
0.9990375042
0.9988969564
0.9989256859
0.9986056089
0.9989428520
0.9991704822
0.9989210963
0.9989714622
0.9984937906
0.9991685152
0.9990006685
0.9991637468
0.9991525412
0.9989588261
0.9992238879
0.9989954829
0.9989160299
0.9993060827
0.9991953373
0.9989319444
0.9988152981
0.9990276098
0.9991061687
0.9987083673
0.9990522861
0.9994035959
0.9987581372
0.9991098642
0.9988117218
0.9990710020
0.9992305040
0.9986687303
0.9988728762
0.9988299012
0.9984054565
0.9985073209
0.9991375804
0.9989836216
0.9991024733
0.9986484051
0.9988503456
0.9991943240
0.9989638329
0.9990385175
0.9986026883
0.9989067316
0.9991159439
0.9990622997
0.9990273714
0.9985389113
0.9992724657
0.9986820817
0.9983763695
0.9988973141
0.9985515475
0.9989221692
0.9986993074
0.9989326596
0.9988241792
0.9990776777
0.9991239905
0.9984083772
0.9990464449
0.9988915920
0.9987254143
0.9989259243
0.9993292093
0.9991855025
0.9996235371
0.9985728264
0.9989018440
0.9991537929
0.9985909462
0.9987268448
0.9991628528
0.9987753630
0.9988507032
0.9990549088
0.9986248016
0.9993288517
0.9990484118
0.9989089370
0.9990351200
0.9989813566
0.9992516637
0.9989945889
0.9990618229
0.9988260865
0.9990417957
0.9989819527
0.9990798235
0.9991297722
0.9989034534
0.9986647367
0.9991928935
0.9992438555
0.9990616441
0.9988800287
0.9983901978
0.9990885258
0.9988241792
0.9988121986
0.9988280535
0.9983854294
0.9989360571
0.9987490177
0.9982185960
0.9988679886
0.9988205433
0.9989881516
0.9986702800
0.9992185831
0.9990746975
0.9991027117
0.9991159439
0.9987860322
0.9990875721
0.9989898205
0.9990625381
0.9987744689
0.9995779991
0.9984920025
0.9989623427
0.9987533092
0.9989250302
0.9986076355
0.9987140298
0.9993101954
0.9982335567
0.9987116456
0.9989502430
0.9990927577
0.9992602468
0.9989203215
0.9990937710
0.9991645217
0.9991950989
0.9991369843
0.9987487793
0.9986817837
0.9987954497
0.9991251826
0.9989898205
0.9991310239
0.9986494780
0.9990196228
0.9987776875
0.9989988208
0.9989695549
0.9988054037
0.9990714192
0.9987149835
0.9982888699
0.9987181425
0.9991561770
0.9988465309
0.9987665415
0.9990320802
0.9986250997
0.9987844229
0.9990323782
0.9991964698
0.9988352060
0.9987955093
0.9984761477
0.9989348650
0.9994680882
0.9988053441
0.9989904165
0.9989782572
0.9982945323
0.9987049699
0.9986438751
0.9992077351
0.9990267754
0.9988124371
0.9987987280
0.9988204241
0.9991176724
0.9991354942
0.9992076755
0.9986932278
0.9984278083
0.9990862012
0.9989778996
0.9991147518
0.9988185167
0.9988880157
0.9986836910
0.9990960956
0.9990168214
0.9988931417
0.9984354973
0.9993422031
0.9986855984
0.9987508059
0.9985979795
0.9993764758
0.9986029863
0.9985304475
0.9990854263
0.9982054830
0.9986741543
0.9982907176
0.9989599586
0.9988075495
0.9986680746
0.9992941022
0.9985866547
0.9986461401
0.9988772273
0.9988198876
0.9988415241
0.9984385967
0.9987719059
0.9988753796
0.9991809130
0.9984604120
0.9988768101
0.9987816811
0.9991857409
0.9986389875
0.9990277886
0.9987746477
0.9990485311
0.9987974167
0.9984540939
0.9990760088
0.9989111423
0.9988021255
0.9988205433
0.9991344810
0.9987041950
0.9988586307
0.9991955757
0.9984902143
0.9991613030
0.9992344379
0.9990224838
0.9991858602
0.9992219210
0.9985127449
0.9984600544
0.9989417195
0.9991570711
0.9990218878
0.9992347956
0.9989642501
0.9988316298
0.9989625812
0.9990657568
0.9991921782
0.9989507198
0.9985545874
0.9989856482
0.9984743595
0.9986975789
0.9994924664
0.9986426830
0.9989003539
0.9989029169
0.9985615015
0.9987467527
0.9989846945
0.9989030957
0.9988961220
0.9989456534
0.9987187982
0.9987707138
0.9991555214
0.9982208014
0.9986141324
0.9983447790
0.9986999035
0.9989022613
0.9986575246
0.9988957644
0.9988464713
0.9988720417
0.9987630844
0.9990472198
0.9991438389
0.9990129471
0.9989722371
0.9994649887
0.9990013838
0.9985445738
0.9991815090
0.9985436201
0.9990037680
0.9988595247
0.9989702702
0.9992744923
0.9989746213
0.9990108013
0.9983861446
0.9988012910
0.9991201162
0.9993355274
0.9991866350
0.9987828732
0.9988961220
0.9985734224
0.9992702603
0.9988853931
0.9986193180
0.9987589121
0.9989011288
0.9986234307
0.9984061718
0.9989178181
0.9987570047
0.9988355637
0.9986027479
0.9989258051
0.9985920191
0.9990526438
0.9989595413
0.9992588758
0.9989784956
0.9991604686
0.9985871315
0.9990871549
0.9988712072
0.9987670183
0.9989465475
0.9986383915
0.9989752769
0.9992537498
0.9987412691
0.9988172054
0.9990943670
0.9988359213
0.9987902045
0.9986979961
0.9986352921
0.9988576770
0.9990893602
0.9993327856
0.9990646243
0.9992069006
0.9993529320
0.9987259507
0.9987565875
0.9990224838
0.9990379810
0.9990054369
0.9987643957
0.9989945889
0.9988888502
0.9989693165
0.9991476536
0.9988652468
0.9989044666
0.9991556406
0.9989905357
0.9993326664
0.9987370968
0.9983070493
0.9990013838
0.9983695745
0.9988137484
0.9992237091
0.9991126060
0.9991452694
0.9988818169
0.9991505146
0.9984819889
0.9990034103
0.9991396070
0.9990643263
0.9989053011
0.9988101721
0.9983365536
0.9988988638
0.9991936684
0.9987975955
0.9990747571
0.9989449978
0.9986551404
0.9987466335
0.9990592003
0.9989613891
0.9985189438
0.9988902807
0.9984838367
0.9993013144
0.9992843866
0.9991071224
0.9984219074
0.9989736080
0.9991081953
0.9992771149
0.9989394546
0.9992530346
0.9991016984
0.9992311001
0.9983379245
0.9987007380
0.9989657402
0.9986907244
0.9990379214
0.9988313317
0.9989901781
0.9990116358
0.9988038540
0.9984824657
0.9990151525
0.9988371134
0.9987561703
0.9989086390
0.9992603660
0.9986912012
0.9989712238
0.9993649721
0.9989632368
0.9992186427
0.9991446733
0.9986821413
0.9989479184
0.9987519979
0.9994490147
0.9989362955
0.9983165264
0.9989874363
0.9990812540
0.9989032745
0.9992539883
0.9985739589
0.9989045858
0.9992949963
0.9987654686
0.9985653162
0.9987556338
0.9989722371
0.9987484217
0.9987390041
0.9983376861
0.9986855984
0.9986116886
0.9982293844
0.9987165928
0.9985436201
0.9984624386
0.9991066456
0.9988766313
0.9988564253
0.9990552664
0.9989188910
0.9988229275
0.9991541505
0.9990159273
0.9986311793
0.9987990260
0.9988299608
0.9992904663
0.9991767406
0.9987875223
0.9988116622
0.9991033077
0.9989379048
0.9988956451
0.9986823201
0.9989163876
0.9989100695
0.9986881018
0.9991546869
0.9989728332
0.9989160895
0.9990012646
0.9988000393
0.9986473322
0.9987556934
0.9993615150
0.9989696741
0.9986734390
0.9988487959
0.9989488721
0.9991568327
0.9991320372
0.9985294342
0.9987646341
0.9989998937
0.9985777140
0.9990864396
0.9990907907
0.9985017776
0.9990596771
0.9989644289
0.9986823797
0.9984984994
0.9981069565
0.9991488457
0.9993244410
0.9991956949
0.9988825917
0.9984519482
0.9985455871
0.9988639951
0.9992220402
0.9988853931
0.9989867210
0.9990270138
0.9989435673
0.9988900423
0.9992643595
0.9991635084
0.9989410639
0.9989598989
0.9988619685
0.9987745285
0.9989614487
0.9989326596
0.9989050627
0.9987412691
0.9984534383
0.9988535643
0.9990106225
0.9988415241
0.9989392757
0.9984495640
0.9989706278
0.9987726212
0.9989964366
0.9990721941
0.9989453554
0.9991941452
0.9988478422
0.9987030625
0.9992783070
0.9990722537
0.9987329841
0.9985957146
0.9987941980
0.9989730716
0.9985863566
0.9989976883
0.9993748069
0.9987647533
0.9990361929
0.9985560775
0.9989932775
0.9991158247
0.9985346794
0.9987432957
0.9986869693
0.9981383085
0.9983637333
0.9990782142
0.9988515377
0.9990340471
0.9985250235
0.9986701012
0.9991279840
0.9987706542
0.9989944696
0.9983388186
0.9986400604
0.9989465475
0.9990404248
0.9989249706
0.9983969927
0.9992144108
0.9984682202
0.9981526136
0.9987835884
0.9984728694
0.9987235069
0.9984549284
0.9987843037
0.9985761642
0.9990203381
0.9990495443
0.9983057976
0.9989764690
0.9988836050
0.9986110926
0.9987670183
0.9992227554
0.9990267754
0.9996287227
0.9985502362
0.9988325834
0.9990524054
0.9982671738
0.9984306693
0.9989413619
0.9986693859
0.9986971617
0.9989635944
0.9984622002
0.9992806911
0.9989664555
0.9988589287
0.9988356829
0.9988907576
0.9991350174
0.9987830520
0.9990449548
0.9986221790
0.9989622831
0.9987745285
0.9989928007
0.9990410805
0.9987567663
0.9985184669
0.9991104603
0.9991503954
0.9988207817
0.9987049103
0.9981607199
0.9989444613
0.9987074137
0.9986017942
0.9987233877
0.9982889891
0.9988796115
0.9985671043
0.9982125759
0.9986910820
0.9986435175
0.9987690449
0.9986540079
0.9991182089
0.9990046024
0.9989635348
0.9989811182
0.9986298680
0.9989050627
0.9988194704
0.9988825321
0.9986023307
0.9995525479
0.9983700514
0.9988418818
0.9985095263
0.9988248348
0.9986082911
0.9984987974
0.9992749691
0.9978395104
0.9985675812
0.9989460707
0.9989360571
0.9992247224
0.9988380671
0.9989413619
0.9990551472
0.9991749525
0.9990475774
0.9985421300
0.9985203743
0.9985919595
0.9990819693
0.9990095496
0.9990159273
0.9985227585
0.9988982677
0.9986995459
0.9988418818
0.9987745285
0.9987797737
0.9991129637
0.9987146258
0.9984492660
0.9988145828
0.9991438389
0.9989794493
0.9988671541
0.9991497397
0.9987637997
0.9987343550
0.9990115166
0.9991122484
0.9988675714
0.9987026453
0.9985009432
0.9989013076
0.9994956851
0.9989756942
0.9990950227
0.9989427328
0.9985175133
0.9986336231
0.9987220764
0.9992576241
0.9990609884
0.9989726543
0.9988465905
0.9988079071
0.9991717339
0.9991967082
0.9992198348
0.9987688065
0.9984059930
0.9991260767
0.9990690947
0.9991921186
0.9987930059
0.9989573956
0.9987705350
0.9989624023
0.9990947843
0.9988302588
0.9985512495
0.9993023276
0.9986346960
0.9986491799
0.9985640049
0.9993605018
0.9984998703
0.9986477494
0.9991901517
0.9981955290
0.9986625910
0.9982564449
0.9989899993
0.9988533258
0.9986712933
0.9993162155
0.9985411763
0.9987484813
0.9987121820
0.9988712072
0.9989255071
0.9984239340
0.9988087416
0.9989120960
0.9991790056
0.9984399676
0.9988487959
0.9988868237
0.9992364049
0.9986224174
0.9989916086
0.9987689853
0.9989850521
0.9988296032
0.9987064600
0.9991455078
0.9989447594
0.9989187717
0.9988159537
0.9992365837
0.9988728166
0.9988064766
0.9992494583
0.9986089468
0.9992650747
0.9992083907
0.9990263581
0.9991859198
0.9992583394
0.9985135794
0.9985802770
0.9990277290
0.9991652966
0.9990290403
0.9991704226
0.9989774227
0.9988581538
0.9990540743
0.9990434647
0.9992794991
0.9989730716
0.9987190962
0.9989485145
0.9984114170
0.9985482693
0.9995521307
0.9987468719
0.9990329146
0.9988626838
0.9985694885
0.9986323118
0.9990059137
0.9989143610
0.9989044666
0.9989433885
0.9986523390
0.9987999797
0.9991805553
0.9982724190
0.9986003637
0.9982908964
0.9988778830
0.9988076091
0.9987629056
0.9988662004
0.9988212585
0.9989436269
0.9988366365
0.9990149140
0.9992196560
0.9990587234
0.9990164042
0.9994405508
0.9989407659
0.9984357357
0.9992450476
0.9987725019
0.9988949299
0.9988619089
0.9990537167
0.9992753267
0.9989855886
0.9990469217
0.9982481003
0.9988846779
0.9992418289
0.9993623495
0.9990473986
0.9987986088
0.9989255667
0.9985314608
0.9992615581
0.9988324642
0.9987981319
0.9988024235
0.9989341497
0.9986697435
0.9984673262
0.9990106821
0.9988710880
0.9988968968
0.9986426830
0.9989512563
0.9987213016
0.9991000891
0.9990040064
0.9992334843
0.9989939928
0.9991428852
0.9986076355
0.9991269112
0.9989106655
0.9988298416
0.9988957644
0.9987417459
0.9989462495
0.9992619753
0.9987567663
0.9988422394
0.9991253614
0.9987245202
0.9988662004
0.9987573624
0.9985920191
0.9989836812
0.9991109371
0.9993454218
0.9991071224
0.9992349148
0.9993792772
0.9988105893
0.9988833666
0.9990137815
0.9990538359
0.9990390539
0.9987845421
0.9989681840
0.9990105629
0.9990113378
0.9991660714
0.9987317324
0.9989616871
0.9991436601
0.9990673661
0.9993310571
0.9986411929
0.9983203411
0.9990210533
0.9984812737
0.9988471270
0.9991959333
0.9990807772
0.9991945028
0.9990284443
0.9991741180
0.9986128807
0.9990839362
0.9991012812
0.9991019964
0.9989041686
0.9988176227
0.9984562397
0.9988836050
0.9992475510
0.9988483191
0.9989227057
0.9989920855
0.9985972643
0.9986692667
0.9991497993
0.9989767075
0.9985966682
0.9989533424
0.9986318350
0.9993051887
0.9993141890
0.9991148710
0.9986925125
0.9990605116
0.9991683960
0.9992962480
0.9990777969
0.9993309379
0.9991973639
0.9992446303
0.9986642003
0.9987650514
0.9988291264
0.9986047745
0.9991199374
0.9987611771
0.9990106225
0.9990469813
0.9987155199
0.9986231327
0.9990376830
0.9989042282
0.9987246990
0.9989268184
0.9992829561
0.9987114668
0.9989591241
0.9993484020
0.9989616871
0.9992400408
0.9991815090
0.9987598062
0.9990341663
0.9986978769
0.9994882345
0.9988740683
0.9982879162
0.9990730286
0.9990694523
0.9990128279
0.9992407560
0.9986495972
0.9990651608
0.9992784262
0.9989499450
0.9986752272
0.9988331795
0.9990571737
0.9987853765
0.9988563061
0.9984807968
0.9987043142
0.9985200763
0.9983147383
0.9988639355
0.9984973073
0.9985495210
0.9990950227
0.9989470243
0.9989666939
0.9990747571
0.9988749623
0.9988070726
0.9991889000
0.9991037846
0.9986439943
0.9989235997
0.9989762306
0.9993007183
0.9991906881
0.9989805222
0.9989756942
0.9990569353
0.9990729094
0.9990066290
0.9988663197
0.9990123510
0.9990183115
0.9987413883
0.9991929531
0.9990576506
0.9989762306
0.9990242124
0.9989223480
0.9987189770
0.9987813234
0.9993823767
0.9989466071
0.9986454248
0.9989192486
0.9990559816
0.9991081953
0.9991348982
0.9984678030
0.9988652468
0.9990078211
0.9986047745
0.9991323948
0.9991015792
0.9986797571
0.9989613295
0.9989981651
0.9987871647
0.9987200499
0.9983472824
0.9991722107
0.9993579388
0.9992894530
0.9989789724
0.9984809756
0.9984880686
0.9989098310
0.9992033243
0.9987940788
0.9989272952
0.9990847111
0.9990597963
0.9989123940
0.9992460012
0.9991314411
0.9990216494
0.9990757704
0.9989569783
0.9988291264
0.9989699125
0.9989708662
0.9987186193
0.9988096356
0.9986175299
0.9989943504
0.9990425110
0.9988202453
0.9988963604
0.9983502030
0.9991186857
0.9988881350
0.9991050959
0.9991155863
0.9989240170
0.9992197752
0.9988727570
0.9989198446
0.9993026257
0.9991693497
0.9988846779
0.9987670183
0.9989708066
0.9990414381
0.9985894561
0.9989529848
0.9993746281
0.9987169504
0.9991246462
0.9986392260
0.9990113378
0.9990641475
0.9986227751
0.9988494515
0.9987263680
0.9983447790
0.9984785318
0.9989814162
0.9989199042
0.9990834594
0.9984504580
0.9988245964
0.9991799593
0.9988557100
0.9989900589
0.9985026717
0.9987690449
0.9990842938
0.9990303516
0.9989628792
0.9983839393
0.9991967678
0.9984546900
0.9981942177
0.9988175631
0.9984077215
0.9988372922
0.9985321760
0.9988635778
0.9986193180
0.9990520477
0.9990980625
0.9982728958
0.9989627600
0.9988788366
0.9986304641
0.9989363551
0.9993003607
0.9991588593
0.9996156693
0.9985169172
0.9989382625
0.9990592003
0.9984443188
0.9985551238
0.9990866780
0.9985908270
0.9988558292
0.9989625216
0.9987013936
0.9993264079
0.9989645481
0.9988373518
0.9989711046
0.9989963770
0.9991735220
0.9988987446
0.9990609884
0.9987423420
0.9990251064
0.9989341497
0.9990793467
0.9991027117
0.9987890720
0.9985769987
0.9990708828
0.9991715550
0.9989081621
0.9988002181
0.9982777238
0.9990385175
0.9987698793
0.9986865520
0.9987774491
0.9983242750
0.9988987446
0.9987941980
0.9981880188
0.9986841083
0.9987996817
0.9988718033
0.9987178445
0.9992229939
0.9989858270
0.9990897179
0.9989522099
0.9986987114
0.9989764690
0.9988627434
0.9989846945
0.9986376762
0.9995814562
0.9983364344
0.9989068508
0.9985166788
0.9987907410
0.9985911846
0.9985446930
0.9993018508
0.9980697036
0.9986097813
0.9989509583
0.9990561008
0.9992622137
0.9988052845
0.9989737272
0.9990687966
0.9991382957
0.9990298152
0.9986612797
0.9985882640
0.9986526966
0.9990428686
0.9989795089
0.9990453720
0.9985650182
0.9989587069
0.9987627268
0.9988466501
0.9989551306
0.9987887144
0.9990885258
0.9986405373
0.9984782934
0.9988266230
0.9991379976
0.9988752604
0.9987531304
0.9990359545
0.9986904860
0.9987023473
0.9990717769
0.9991866350
0.9988087416
0.9989042878
0.9984773397
0.9989362955
0.9995104671
0.9989382029
0.9990778565
0.9989005327
0.9984465837
0.9987149239
0.9988057613
0.9993138313
0.9990627766
0.9988929033
0.9989110231
0.9988242388
0.9991519451
0.9992739558
0.9992308617
0.9986728430
0.9983030558
0.9991304278
0.9990004301
0.9991548657
0.9987727404
0.9988945723
0.9987675548
0.9990282059
0.9991355538
0.9989302158
0.9986028075
0.9993259907
0.9986923933
0.9987164140
0.9986468554
0.9993180037
0.9986248016
0.9986234903
0.9992281795
0.9982327223
0.9986430407
0.9981489182
0.9989539385
0.9988341928
0.9986570477
0.9992784858
0.9986885786
0.9986017942
0.9987319112
0.9988000393
0.9988981485
0.9984724522
0.9988117218
0.9988865256
0.9991829395
0.9985590577
0.9988353252
0.9988930225
0.9992519021
0.9985971451
0.9989600182
0.9987925291
0.9990172982
0.9988886118
0.9985036850
0.9990765452
0.9989266396
0.9988458157
0.9988452792
0.9992076755
0.9988032579
0.9988124371
0.9992489815
0.9985575676
0.9992241859
0.9992147684
0.9990608692
0.9991564155
0.9992680550
0.9984710217
0.9985020161
0.9990092516
0.9991512299
0.9990155697
0.9991078973
0.9990410805
0.9988500476
0.9990142584
0.9990267754
0.9992343187
0.9990715981
0.9986892939
0.9989489317
0.9985291958
0.9985455275
0.9994712472
0.9987865686
0.9989898205
0.9989523888
0.9986443520
0.9987344742
0.9989356995
0.9989459515
0.9989559650
0.9989299774
0.9985464811
0.9988267422
0.9992071986
0.9982773066
0.9986053109
0.9982321262
0.9988665581
0.9988001585
0.9986797571
0.9989493489
0.9988323450
0.9989814758
0.9988850951
0.9990026951
0.9992427826
0.9991685152
0.9989824295
0.9994331598
0.9989336133
0.9984990954
0.9991476536
0.9986945391
0.9988918304
0.9987886548
0.9991141558
0.9993172884
0.9989604950
0.9990416765
0.9983215332
0.9988717437
0.9991817474
0.9992731214
0.9991284609
0.9987871647
0.9988793731
0.9986058474
0.9991487265
0.9989261627
0.9988577366
0.9989228249
0.9988976717
0.9987134933
0.9984610081
0.9990748167
0.9988250732
0.9988954067
0.9986687303
0.9988743067
0.9986593723
0.9990999699
0.9989452362
0.9992917776
0.9990320206
0.9991725683
0.9987636805
0.9991477728
0.9989075661
0.9988141060
0.9989093542
0.9986464977
0.9989172220
0.9992776513
0.9988185167
0.9989024997
0.9990037680
0.9988275170
0.9988787174
0.9987152815
0.9985823631
0.9989048243
0.9991163015
0.9993354082
0.9990637302
0.9993197918
0.9993908405
0.9987595677
0.9987961054
0.9988743663
0.9990929365
0.9989794493
0.9987585545
0.9990756512
0.9989467859
0.9989825487
0.9992404580
0.9988656044
0.9989912510
0.9991487861
0.9990887046
0.9993143082
0.9986090660
0.9981709719
0.9989202023
0.9985176325
0.9988547564
0.9991428852
0.9990208149
0.9991177917
0.9989908338
0.9991751313
0.9986593723
0.9990695715
0.9991314411
0.9991106987
0.9988038540
0.9987658262
0.9984076023
0.9988124371
0.9991792440
0.9988377094
0.9989523292
0.9989238381
0.9985711575
0.9987658858
0.9991083145
0.9988956451
0.9986001253
0.9989215732
0.9984838367
0.9992737770
0.9992582798
0.9991677403
0.9985130429
0.9989956021
0.9990489483
0.9993212223
0.9990282655
0.9993052483
0.9991698265
0.9993038177
0.9986020327
0.9987748265
0.9989470840
0.9986599684
0.9990743995
0.9988398552
0.9990051389
0.9991304278
0.9987081289
0.9985771775
0.9990217090
0.9989243746
0.9987920523
0.9989544749
0.9992137551
0.9987629652
0.9989002943
0.9993737936
0.9989467859
0.9992520809
0.9991596937
0.9988718033
0.9991217852
0.9986661673
0.9994952679
0.9988723993
0.9983259439
0.9989806414
0.9990711808
0.9989944100
0.9992840290
0.9986147881
0.9989554286
0.9992897511
0.9988247156
0.9985704422
0.9987765551
0.9989765882
0.9987312555
0.9987745285
0.9982460737
0.9985865355
0.9986363053
0.9983147979
0.9988598824
0.9984679818
0.9985209703
0.9990651608
0.9990204573
0.9988709092
0.9991817474
0.9988908172
0.9988187551
0.9991112351
0.9990833998
0.9985944629
0.9989253283
0.9989478588
0.9991885424
0.9991477728
0.9990043044
0.9989393353
0.9991170764
0.9990065098
0.9989010096
0.9988241196
0.9990661144
0.9989408255
0.9987474084
0.9991983175
0.9990742207
0.9988479614
0.9990316033
0.9988236427
0.9986979961
0.9988462329
0.9993665218
0.9989771247
0.9987325072
0.9989355803
0.9989957213
0.9991094470
0.9991261959
0.9984301329
0.9987912178
0.9990016818
0.9987034202
0.9991190434
0.9991169572
0.9985624552
0.9990394115
0.9990305901
0.9987078905
0.9986364841
0.9983391166
0.9991880655
0.9993761778
0.9992311597
0.9988835454
0.9985936880
0.9985159039
0.9989237785
0.9992533326
0.9989360571
0.9989472032
0.9990554452
0.9989943504
0.9989998341
0.9992831945
0.9991878271
0.9990283251
0.9990561008
0.9989399910
0.9987254143
0.9990236163
0.9988718629
0.9987595081
0.9987194538
0.9984855652
0.9989197850
0.9990447760
0.9988774657
0.9989020824
0.9983311892
0.9990844727
0.9988669157
0.9990696907
0.9990757704
0.9989783764
0.9991956949
0.9988256097
0.9988604784
0.9992268085
0.9991533756
0.9988094568
0.9987526536
0.9988977313
0.9990334511
0.9985423088
0.9989253283
0.9994044304
0.9986724257
0.9990657568
0.9987773895
0.9989799857
0.9991025925
0.9985988140
0.9988471270
0.9986168146
0.9982699156
0.9985423088
0.9991347194
0.9988917112
0.9991000891
0.9986515641
0.9988275766
0.9991312027
0.9988806248
0.9990373254
0.9985049367
0.9987697005
0.9991209507
0.9990012646
0.9989944696
0.9984331131
0.9992150068
0.9986754656
0.9980033636
0.9987735152
0.9983143806
0.9987650514
0.9985435009
0.9988282323
0.9986456633
0.9989821911
0.9991239309
0.9982927442
0.9989675283
0.9988386631
0.9986541867
0.9988690615
0.9992411733
0.9991150498
0.9996229410
0.9985259771
0.9988642931
0.9990244508
0.9982744455
0.9986013174
0.9990143180
0.9986594915
0.9987500906
0.9989299774
0.9986187220
0.9992951155
0.9989595413
0.9988688827
0.9989414215
0.9990247488
0.9991629124
0.9989537001
0.9990673065
0.9986618757
0.9989786148
0.9988371134
0.9990522861
0.9990882874
0.9988846779
0.9986118674
0.9991297722
0.9991667271
0.9988739491
0.9988049865
0.9982576370
0.9989950657
0.9988059998
0.9987272024
0.9987396002
0.9982302189
0.9989601374
0.9987646341
0.9982717037
0.9987697601
0.9987027049
0.9989160895
0.9985504150
0.9992760420
0.9990153313
0.9990127087
0.9990179539
0.9984995723
0.9989813566
0.9988368750
0.9989592433
0.9987406731
0.9995611906
0.9983961582
0.9988708496
0.9985871315
0.9988216162
0.9986081719
0.9986406565
0.9992952347
0.9979888201
0.9985344410
0.9989184141
0.9990455508
0.9992655516
0.9987446070
0.9989407063
0.9990470409
0.9991707802
0.9990875721
0.9987264872
0.9984771609
0.9987087250
0.9990117550
0.9989923239
0.9991298914
0.9985951185
0.9989458323
0.9987099171
0.9988903999
0.9990246296
0.9987976551
0.9989861250
0.9986133575
0.9982389212
0.9985547066
0.9990953803
0.9988592267
0.9986753464
0.9989897013
0.9986692667
0.9986574054
0.9989384413
0.9990440607
0.9986887574
0.9987990260
0.9983876944
0.9987725019
0.9994322062
0.9988342524
0.9990078211
0.9988428354
0.9982401133
0.9984773397
0.9986000061
0.9990978241
0.9989213347
0.9988946915
0.9988569021
0.9988070130
0.9991170168
0.9990803003
0.9990936518
0.9987328053
0.9982583523
0.9990175962
0.9989017248
0.9990096092
0.9986318946
0.9988290071
0.9986966848
0.9989433289
0.9990252256
0.9988625646
0.9983675480
0.9992800355
0.9984775782
0.9986071587
0.9984064698
0.9992719889
0.9983986020
0.9985227585
0.9990606904
0.9980133176
0.9985546470
0.9980505705
0.9988628030
0.9988343120
0.9985676408
0.9992058277
0.9986786246
0.9986288548
0.9987083673
0.9986421466
0.9986984134
0.9982353449
0.9986062646
0.9988596439
0.9991476536
0.9983918667
0.9988210201
0.9988226295
0.9991756678
0.9984856844
0.9988280535
0.9987665415
0.9989551306
0.9988164902
0.9985978603
0.9990409613
0.9989017248
0.9988077879
0.9987278581
0.9991629124
0.9986907244
0.9986805916
0.9991686344
0.9983531237
0.9991852641
0.9990857840
0.9989880919
0.9991155863
0.9991683960
0.9983240366
0.9983987212
0.9988461137
0.9990836978
0.9989002943
0.9991106987
0.9989461899
0.9987720251
0.9988673925
0.9989625216
0.9991443157
0.9989280701
0.9986058474
0.9988924265
0.9984731674
0.9985665679
0.9994225502
0.9986891747
0.9989539981
0.9987187982
0.9986021519
0.9985926151
0.9988912344
0.9987761974
0.9988493919
0.9988995790
0.9985669851
0.9987205267
0.9991464615
0.9982383251
0.9985765219
0.9982624054
0.9987398982
0.9986932874
0.9984298944
0.9988686442
0.9987317324
0.9989107847
0.9987988472
0.9989689589
0.9991378784
0.9990061522
0.9989819527
0.9993785620
0.9989092946
0.9983462691
0.9991397858
0.9985747337
0.9987145662
0.9986900091
0.9990482330
0.9992170334
0.9988209009
0.9989891052
0.9981744289
0.9987773895
0.9990900755
0.9992253780
0.9989992380
0.9987400770
0.9986791611
0.9984130859
0.9991967082
0.9988428354
0.9986865520
0.9987585545
0.9988074303
0.9984749556
0.9982755184
0.9989686012
0.9987232685
0.9987292290
0.9985450506
0.9987897873
0.9985927939
0.9989746213
0.9988738894
0.9992140532
0.9989415407
0.9990903735
0.9985511303
0.9990318418
0.9988868833
0.9987655878
0.9988116026
0.9985982180
0.9989364147
0.9992090464
0.9986710548
0.9987546206
0.9990525246
0.9987214804
0.9986651540
0.9986517429
0.9984285235
0.9988750815
0.9990511537
0.9992412329
0.9989674091
0.9991497397
0.9992724657
0.9986214042
0.9986271858
0.9989423752
0.9990323782
0.9989720583
0.9987037182
0.9988871813
0.9988390207
0.9988136292
0.9990910292
0.9987469912
0.9987933636
0.9991230965
0.9989796877
0.9992711544
0.9985005856
0.9981400967
0.9988950491
0.9983561039
0.9987490177
0.9990361929
0.9989776611
0.9990323782
0.9989267588
0.9991371632
0.9983344078
0.9989961386
0.9991164207
0.9990351200
0.9987528324
0.9987500906
0.9984657764
0.9988865256
0.9991642237
0.9987239838
0.9988846779
0.9988944530
0.9985277653
0.9985458851
0.9990325570
0.9988322854
0.9984596372
0.9987900257
0.9984866381
0.9992564917
0.9991914034
0.9989716411
0.9983847141
0.9989723563
0.9990022182
0.9992191792
0.9989282489
0.9992414713
0.9990676045
0.9992076755
0.9985007644
0.9985978603
0.9988944530
0.9984811544
0.9990501404
0.9987181425
0.9989392757
0.9990665913
0.9985187054
0.9985119104
0.9989317656
0.9987984896
0.9986696243
0.9987597466
0.9991459846
0.9985587597
0.9988818169
0.9992581606
0.9988869429
0.9991853237
0.9990192652
0.9986459017
0.9988723993
0.9985488057
0.9994903803
0.9987716675
0.9981941581
0.9989651442
0.9989911914
0.9988467693
0.9991418719
0.9984717369
0.9988369942
0.9992011189
0.9987356663
0.9986226559
0.9986783862
0.9989399314
0.9987203479
0.9986754060
0.9983792901
0.9984211922
0.9985014200
0.9982610345
0.9988186359
0.9984382391
0.9984934330
0.9989567995
0.9988265038
0.9987214804
0.9990382195
0.9987218380
0.9986698627
0.9991006851
0.9988985062
0.9985957742
0.9988131523
0.9988670945
0.9992096424
0.9990604520
0.9988826513
0.9987791777
0.9990097284
0.9988632798
0.9988477826
0.9986578822
0.9988760948
0.9989067316
0.9985501766
0.9990947247
0.9988802075
0.9988637567
0.9989383221
0.9987674952
0.9985531569
0.9986849427
0.9993427396
0.9989153147
0.9986174703
0.9988305569
0.9988979101
0.9990591407
0.9990159869
0.9984179735
0.9988009930
0.9989554286
0.9985411763
0.9990177155
0.9991168976
0.9984078407
0.9989377856
0.9989653826
0.9986739755
0.9984383583
0.9980689883
0.9990732670
0.9992344379
0.9991110563
0.9987770319
0.9985781908
0.9983832240
0.9987483025
0.9991264939
0.9988331795
0.9989013672
0.9990263581
0.9989242554
0.9988907576
0.9991863966
0.9990270138
0.9988590479
0.9989582300
0.9988892078
0.9987059832
0.9989612699
0.9987915754
0.9986947179
0.9985938072
0.9982790947
0.9988601208
0.9989623427
0.9987124205
0.9988144636
0.9982188344
0.9990332723
0.9988354445
0.9990298748
0.9989827871
0.9988759756
0.9991596937
0.9986547232
0.9987198114
0.9991955757
0.9990434647
0.9987479448
0.9985706806
0.9987967014
0.9988707304
0.9985303283
0.9988870621
0.9992910624
0.9985693693
0.9990139008
0.9984431863
0.9988563061
0.9990878105
0.9984529018
0.9987249374
0.9986776114
0.9981333017
0.9983490109
0.9990429878
0.9987668991
0.9990003109
0.9982689619
0.9986563921
0.9990913272
0.9987887144
0.9988342524
0.9984689951
0.9985966682
0.9988887310
0.9988399744
0.9989799857
0.9982022047
0.9991873503
0.9984650612
0.9981031418
0.9987421036
0.9983665943
0.9985909462
0.9985060692
0.9987541437
0.9985800982
0.9989703894
0.9989916086
0.9981434345
0.9988989830
0.9987236261
0.9984940290
0.9987823963
0.9991903305
0.9989597797
0.9995940328
0.9984334707
0.9988899827
0.9989335537
0.9982520342
0.9983586669
0.9989169836
0.9985630512
0.9986220002
0.9988609552
0.9985154867
0.9992135167
0.9989552498
0.9987686872
0.9988707304
0.9989377856
0.9991221428
0.9987634420
0.9989309311
0.9985976815
0.9989016056
0.9987190366
0.9990217090
0.9990469217
0.9987158179
0.9983972907
0.9989974499
0.9990829825
0.9987552166
0.9986791015
0.9980608225
0.9989457726
0.9986666441
0.9984854460
0.9985709190
0.9981415272
0.9987591505
0.9985632896
0.9980651736
0.9985955954
0.9985928535
0.9986481071
0.9984120131
0.9991317987
0.9988802671
0.9988915920
0.9989513159
0.9984118938
0.9988439083
0.9987643957
0.9988208413
0.9983891249
0.9995129704
0.9983630776
0.9987881780
0.9985082746
0.9987759590
0.9983695149
0.9985541105
0.9992160797
0.9979094267
0.9984517097
0.9988140464
0.9989058971
0.9992188215
0.9987115860
0.9988255501
0.9989632368
0.9990499616
0.9989339709
0.9986031055
0.9983758330
0.9984856844
0.9990196228
0.9988965988
0.9989112020
0.9985516071
0.9988615513
0.9986186028
0.9988274574
0.9988458157
0.9985960722
0.9951146245
0.9933223724
0.9915430546
0.9945449233
0.9950137138
0.9940938950
0.9937194586
0.9952497482
0.9926364422
0.9917555451
0.9933575392
0.9940040708
0.9945474863
0.9936618805
0.9929517508
0.9936628342
0.9962607026
0.9936348200
0.9933758974
0.9932462573
0.9925719500
0.9927018881
0.9931770563
0.9954639673
0.9942263365
0.9944908619
0.9937919378
0.9942749739
0.9955031872
0.9956155419
0.9958710670
0.9931049347
0.9896805286
0.9941069484
0.9942058325
0.9937899113
0.9937719107
0.9942766428
0.9934004545
0.9939943552
0.9944785833
0.9948588610
0.9922162294
0.9957407713
0.9919386506
0.9931821227
0.9929946661
0.9951932430
0.9913161993
0.9918082952
0.9946155548
0.9898723960
0.9933760166
0.9907329082
0.9938781261
0.9939831495
0.9926953316
0.9946005344
0.9918596745
0.9926987886
0.9930862188
0.9934437871
0.9934440851
0.9916138649
0.9929809570
0.9940142632
0.9953235984
0.9913846254
0.9929512739
0.9943544865
0.9954105616
0.9919009805
0.9932333231
0.9929825068
0.9936097264
0.9929480553
0.9937664270
0.9945377707
0.9937685728
0.9928706884
0.9935415387
0.9957891703
0.9945906401
0.9922578335
0.9955199957
0.9929009080
0.9953786135
0.9950669408
0.9946351051
0.9956045151
0.9958022833
0.9913061857
0.9903428555
0.9943493009
0.9944551587
0.9947280884
0.9950220585
0.9942259789
0.9933623672
0.9934175014
0.9955353737
0.9961091876
0.9937032461
0.9930706024
0.9937278628
0.9927682877
0.9938538074
0.9963384867
0.9940144420
0.9948799014
0.9934529066
0.9913223982
0.9933418036
0.9944576025
0.9937369227
0.9951425791
0.9934871793
0.9925078154
0.9936597347
0.9949058890
0.9913358688
0.9914945960
0.9911581278
0.9940681458
0.9926254749
0.9929152727
0.9944857359
0.9938818812
0.9931701422
0.9948707819
0.9937883615
0.9955866337
0.9949876070
0.9946808815
0.9960948825
0.9936587811
0.9925514460
0.9947833419
0.9939661026
0.9935684204
0.9931782484
0.9945634604
0.9954260588
0.9944274426
0.9934123755
0.9899013042
0.9945054054
0.9944962263
0.9956520796
0.9936751127
0.9931730032
0.9941678643
0.9923814535
0.9948385954
0.9935479760
0.9929908514
0.9923874140
0.9938504696
0.9938542843
0.9916363955
0.9950333834
0.9933215380
0.9938603640
0.9923010468
0.9934994578
0.9937658906
0.9951794147
0.9940259457
0.9954717159
0.9949408770
0.9948632717
0.9929139614
0.9947270155
0.9939047098
0.9929262996
0.9936134815
0.9928967953
0.9936795235
0.9950565100
0.9918869138
0.9936611652
0.9942499399
0.9928979874
0.9927086830
0.9933916330
0.9925724268
0.9941275120
0.9947797060
0.9955524802
0.9950363040
0.9946442842
0.9962986708
0.9939641356
0.9924473763
0.9945206642
0.9940611124
0.9939342737
0.9933460951
0.9946095943
0.9940900803
0.9939578176
0.9948060513
0.9941519499
0.9949791431
0.9941580296
0.9946765900
0.9955248237
0.9930319786
0.9895254374
0.9937230349
0.9917294383
0.9940185547
0.9951429963
0.9938623309
0.9944740534
0.9945156574
0.9954627752
0.9916259050
0.9948798418
0.9936250448
0.9945027828
0.9941879511
0.9936062098
0.9927927852
0.9941906333
0.9945946336
0.9925853014
0.9942140579
0.9945635796
0.9923709631
0.9931408167
0.9955304861
0.9950850010
0.9921814799
0.9935939312
0.9921805263
0.9956463575
0.9954699278
0.9925755858
0.9932537675
0.9943740368
0.9945378304
0.9962112904
0.9946322441
0.9959648848
0.9951292872
0.9954204559
0.9931064844
0.9932714105
0.9933980703
0.9922027588
0.9952849150
0.9939134121
0.9943470955
0.9945826530
0.9936661720
0.9932456613
0.9946255684
0.9949051142
0.9941263795
0.9940953255
0.9948056936
0.9937750101
0.9939785600
0.9962242842
0.9933120012
0.9951362610
0.9948095083
0.9936798215
0.9950195551
0.9930562973
0.9967111349
0.9941214323
0.9913696051
0.9945123196
0.9933398962
0.9941105843
0.9952772856
0.9920234680
0.9941107035
0.9957476854
0.9923981428
0.9933241606
0.9935321808
0.9936230183
0.9933578968
0.9940867424
0.9926071167
0.9921931028
0.9921791553
0.9918720126
0.9941936731
0.9921891689
0.9927058220
0.9946176410
0.9944581389
0.9933456182
0.9953469038
0.9945794344
0.9932253361
0.9945094585
0.9945348501
0.9936134219
0.9943737984
0.9944884181
0.9960001707
0.9943283200
0.9943971634
0.9942478538
0.9946751595
0.9942753315
0.9948849678
0.9945948124
0.9942196012
0.9943058491
0.9935398102
0.9954429269
0.9945003986
0.9939742684
0.9949436188
0.9927999973
0.9927026033
0.9922915697
0.9959680438
0.9953212738
0.9935711622
0.9937203526
0.9948609471
0.9941928387
0.9946928024
0.9923560619
0.9939894676
0.9939846992
0.9926837087
0.9952729940
0.9942885637
0.9917286634
0.9938815832
0.9951435328
0.9939528108
0.9929645658
0.9921183586
0.9955958128
0.9959999323
0.9948238730
0.9943236113
0.9910370708
0.9914981127
0.9939849377
0.9947700500
0.9928348064
0.9935262203
0.9950215816
0.9940670729
0.9932894707
0.9952943921
0.9946195483
0.9946272373
0.9951881766
0.9949111342
0.9933050871
0.9940406680
0.9939225316
0.9937314391
0.9939984083
0.9903755188
0.9942256212
0.9940764904
0.9934083819
0.9943752289
0.9917011261
0.9951590300
0.9942415953
0.9950304627
0.9941821694
0.9939217567
0.9954802394
0.9946233034
0.9936994314
0.9949182272
0.9950357676
0.9942661524
0.9941174388
0.9941848516
0.9944440126
0.9925274253
0.9938904047
0.9955018759
0.9918892980
0.9944438934
0.9928429723
0.9939826727
0.9953560233
0.9927688241
0.9948768616
0.9939925671
0.9912502170
0.9928144217
0.9946246147
0.9939395785
0.9944373965
0.9921253920
0.9945218563
0.9950615168
0.9936474562
0.9939503670
0.9926810265
0.9940302372
0.9948581457
0.9941592216
0.9939366579
0.9916454554
0.9941519499
0.9934816957
0.9920305014
0.9932729006
0.9919748306
0.9930065870
0.9930724502
0.9933139086
0.9929035306
0.9935793877
0.9934346676
0.9916071892
0.9933353662
0.9934041500
0.9929795265
0.9925342798
0.9958648682
0.9947119355
0.9971944690
0.9923893213
0.9934213758
0.9947408438
0.9931824207
0.9933748245
0.9950279593
0.9914379120
0.9936006069
0.9938082695
0.9931229353
0.9951007962
0.9936186075
0.9932534695
0.9930703044
0.9941638112
0.9953295588
0.9938094616
0.9945018291
0.9940202236
0.9937132597
0.9935055971
0.9941840172
0.9946010113
0.9938608408
0.9923619628
0.9946715236
0.9942400455
0.9941908121
0.9942747355
0.9927848577
0.9941912889
0.9932849407
0.9930159450
0.9926180840
0.9899647832
0.9937102199
0.9927341938
0.9911504984
0.9932675362
0.9929414988
0.9939362407
0.9922732115
0.9951247573
0.9946498275
0.9942686558
0.9940434694
0.9928959608
0.9942843318
0.9942672253
0.9937003851
0.9916865826
0.9969934225
0.9907622933
0.9935178161
0.9932774901
0.9930132627
0.9925686121
0.9932056665
0.9957540035
0.9906049967
0.9930083752
0.9931325912
0.9949948788
0.9950752258
0.9939720631
0.9928797483
0.9949737787
0.9947103262
0.9948332310
0.9934147596
0.9916858673
0.9936413765
0.9934370518
0.9936795235
0.9946101904
0.9924226999
0.9936749935
0.9934412241
0.9938888550
0.9939174652
0.9928168654
0.9991321564
0.9987249970
0.9985016584
0.9986859560
0.9992025495
0.9989634752
0.9987025261
0.9989359379
0.9987684488
0.9988862872
0.9991235137
0.9991266727
0.9988328815
0.9988049269
0.9985011816
0.9988041520
0.9994792938
0.9990013838
0.9990618229
0.9990283251
0.9983139038
0.9987131357
0.9987003803
0.9992412329
0.9990632534
0.9988799691
0.9988438487
0.9987816811
0.9990561604
0.9991296530
0.9992578626
0.9987061620
0.9983726740
0.9991130829
0.9989135265
0.9991494417
0.9987173080
0.9988861084
0.9986696839
0.9990419149
0.9990950823
0.9989464283
0.9984579682
0.9993752241
0.9987277389
0.9986552596
0.9986268282
0.9993384480
0.9986370802
0.9986333847
0.9991229177
0.9979364872
0.9985551834
0.9981397390
0.9989737272
0.9988949895
0.9986801147
0.9992851615
0.9987784028
0.9986826777
0.9987363815
0.9988301992
0.9989348054
0.9983727932
0.9987668991
0.9987642765
0.9991225004
0.9984028339
0.9989072680
0.9989237785
0.9992951155
0.9985722899
0.9990608692
0.9988633990
0.9990934730
0.9989178777
0.9986668825
0.9991000891
0.9989995360
0.9988715649
0.9987532496
0.9991763234
0.9988251328
0.9989337921
0.9992033243
0.9985264540
0.9992794991
0.9993018508
0.9990386963
0.9992123842
0.9992174506
0.9983812571
0.9984641075
0.9989321232
0.9992092848
0.9989819527
0.9992095828
0.9988874197
0.9988856316
0.9990143776
0.9990006685
0.9992578030
0.9988875389
0.9986255169
0.9990715981
0.9983462095
0.9985448122
0.9994940758
0.9986997247
0.9989843369
0.9989207983
0.9984967709
0.9986407757
0.9989967346
0.9989206791
0.9989246130
0.9989258051
0.9986788034
0.9988488555
0.9992511868
0.9983530045
0.9986922741
0.9983240366
0.9989444613
0.9988245368
0.9985569715
0.9989778996
0.9988069534
0.9989718199
0.9987518191
0.9990763664
0.9992414713
0.9990351200
0.9988656044
0.9994367361
0.9990220070
0.9984002113
0.9992525578
0.9986761808
0.9989218712
0.9988783002
0.9991294742
0.9993197918
0.9989547729
0.9991059303
0.9984364510
0.9989188910
0.9991543293
0.9993408918
0.9990352392
0.9987792373
0.9989221096
0.9987319112
0.9992344379
0.9988906384
0.9987943769
0.9988405704
0.9988695383
0.9987273216
0.9984573126
0.9990438223
0.9986730218
0.9988727570
0.9986978769
0.9989577532
0.9987665415
0.9990867972
0.9989657402
0.9993424416
0.9989502430
0.9990892410
0.9986686707
0.9990699291
0.9989041090
0.9988943338
0.9989610314
0.9986030459
0.9989506602
0.9991960526
0.9987788796
0.9988405108
0.9990245104
0.9988431334
0.9988371134
0.9987978935
0.9984650612
0.9988658428
0.9990305305
0.9993335009
0.9990386963
0.9992390871
0.9993652105
0.9988112450
0.9988379478
0.9989085197
0.9991323948
0.9989839792
0.9988126755
0.9991165400
0.9988758564
0.9989545345
0.9991211891
0.9987487197
0.9989601374
0.9991693497
0.9989409447
0.9993489981
0.9986108541
0.9983658791
0.9989811182
0.9984564781
0.9988468289
0.9992350936
0.9991399646
0.9991073012
0.9989815354
0.9991886616
0.9986330867
0.9990702868
0.9991731644
0.9991053343
0.9988483191
0.9988911748
0.9984965324
0.9988640547
0.9991452098
0.9987662435
0.9989401102
0.9989963770
0.9985660315
0.9986530542
0.9990752935
0.9988961220
0.9986180067
0.9989323616
0.9985330105
0.9991887808
0.9992856979
0.9991527796
0.9986075163
0.9989877939
0.9991482496
0.9992601871
0.9989533424
0.9992814660
0.9991179705
0.9992066026
0.9985647202
0.9986637235
0.9988389015
0.9987342358
0.9990322590
0.9988443255
0.9990369081
0.9990646839
0.9986642003
0.9985284805
0.9989879727
0.9988700151
0.9987717867
0.9988781214
0.9993396997
0.9986955523
0.9989203811
0.9993186593
0.9989998341
0.9992690086
0.9991483688
0.9987632036
0.9989801049
0.9986429811
0.9994915724
0.9988470674
0.9982033968
0.9989436865
0.9991030693
0.9989711046
0.9992423654
0.9987431765
0.9989899397
0.9992825389
0.9988728762
0.9985765815
0.9987710714
0.9990176558
0.9987829328
0.9987190962
0.9984062910
0.9985432625
0.9987826347
0.9981125593
0.9988107681
0.9985003471
0.9985167980
0.9991014004
0.9990361929
0.9989334345
0.9990368485
0.9987359643
0.9988280535
0.9991394281
0.9989895821
0.9987051487
0.9988572598
0.9989535809
0.9993003607
0.9991727471
0.9990195632
0.9988673925
0.9990708232
0.9990224838
0.9989641905
0.9987707138
0.9989355803
0.9989928007
0.9985909462
0.9991704226
0.9989886284
0.9989255667
0.9990292192
0.9988710880
0.9986522198
0.9988510609
0.9993755817
0.9989383817
0.9986803532
0.9989240170
0.9990863800
0.9990103841
0.9990509748
0.9984576702
0.9988896847
0.9990485907
0.9986312985
0.9991225004
0.9991790056
0.9986235499
0.9990453720
0.9989526868
0.9987106323
0.9987306595
0.9982528687
0.9991315603
0.9993534088
0.9992192984
0.9989237189
0.9987099171
0.9985814095
0.9989273548
0.9992005825
0.9988665581
0.9988486767
0.9990939498
0.9988584518
0.9988718033
0.9991599321
0.9990657568
0.9989438057
0.9989498854
0.9989985228
0.9987967014
0.9990414381
0.9988509417
0.9988657236
0.9986046553
0.9985352755
0.9989565015
0.9991405010
0.9988958836
0.9988979697
0.9984337687
0.9991512299
0.9988257885
0.9990819693
0.9990417957
0.9989507198
0.9991932511
0.9988213778
0.9988330603
0.9992852211
0.9992074966
0.9988822341
0.9986102581
0.9987783432
0.9990327954
0.9985737205
0.9989758134
0.9993686080
0.9987586737
0.9990961552
0.9987550974
0.9990348816
0.9991310835
0.9986314774
0.9987472296
0.9988041520
0.9983004332
0.9981908798
0.9990727901
0.9989206791
0.9990680218
0.9985471368
0.9986837506
0.9991919994
0.9987440109
0.9990193844
0.9984470606
0.9987339973
0.9989941120
0.9989724159
0.9990390539
0.9983531237
0.9992121458
0.9985980988
0.9982267618
0.9989206791
0.9984186292
0.9987747073
0.9985724688
0.9988464117
0.9987080097
0.9990077615
0.9991124272
0.9983477592
0.9989508390
0.9988465309
0.9984604120
0.9987795353
0.9992333651
0.9990625978
0.9996416569
0.9985693693
0.9988775253
0.9989883900
0.9983689785
0.9985615015
0.9991151094
0.9986939430
0.9987144470
0.9989066124
0.9985705614
0.9993036985
0.9989573956
0.9989373684
0.9988746643
0.9990488887
0.9992416501
0.9988591671
0.9990369081
0.9986797571
0.9989670515
0.9988284111
0.9990783930
0.9990977049
0.9988660216
0.9985244870
0.9991415739
0.9991766214
0.9988908768
0.9988046885
0.9981896877
0.9990615845
0.9986499548
0.9986701012
0.9988402128
0.9984405041
0.9988104105
0.9987055063
0.9980900288
0.9988156557
0.9987272024
0.9988076687
0.9986503124
0.9991654158
0.9989257455
0.9989500046
0.9990330935
0.9986034632
0.9990373850
0.9988285303
0.9989995956
0.9986853004
0.9995741844
0.9985784292
0.9988899231
0.9984853268
0.9988678098
0.9985275269
0.9984860420
0.9992650747
0.9979311228
0.9985653162
0.9989923239
0.9988443851
0.9992194176
0.9987957478
0.9990013838
0.9989875555
0.9991499186
0.9989923835
0.9986110926
0.9986329079
0.9986666441
0.9990955591
0.9989298582
0.9991203547
0.9986139536
0.9989535809
0.9987968802
0.9988573194
0.9989296198
0.9988034964
