0.5102267861
0.5288438201
0.5390478373
0.5341188312
0.5125866532
0.4752469659
0.4514996409
0.4938755035
0.5059965253
0.5396600366
0.4963049889
0.5549690127
0.5357609987
0.5180142522
0.5241691470
0.5253220201
0.4724473953
0.4868544340
0.5465121865
0.5263456702
0.4617545605
0.5500217080
0.4778225124
0.4699190855
0.4575100243
0.5931332111
0.5327739120
0.4520232379
0.4992387593
0.4978664219
0.4995084405
0.4603869021
0.4696777165
0.5200485587
0.4778222442
0.5457038879
0.4944104254
0.4389050901
0.4721507132
0.5041063428
0.4411028326
0.4023093283
0.4803012908
0.4301662445
0.4687072635
0.4678449035
0.5169625878
0.4787628949
0.4887706041
0.5274327397
0.5518609881
0.4103959203
0.5177816749
0.5963035822
0.4430655837
0.5407987237
0.4540079236
0.5584772229
0.4522103667
0.5669629574
0.6269236207
0.5262706280
0.5871148705
0.4447868466
0.4102345705
0.5178645253
0.4940454364
0.4652628899
0.5261054635
0.4437335730
0.4059752822
0.5435177088
0.5679550171
0.5791258216
0.5236295462
0.4759198129
0.5659493804
0.5477007627
0.4452199936
0.5197774768
0.5200040340
0.4844455719
0.4535520673
0.4495157301
0.4742569923
0.4955013692
0.5377246737
0.5982900858
0.4947789609
0.4556427896
0.4425651729
0.4648832381
0.5153907537
0.4354327917
0.4625720382
0.4249548316
0.5068435073
0.4355882704
0.5376880169
0.4997452796
0.5265495777
0.4632402956
0.5628731847
0.4544276595
0.4604167342
0.4412715435
0.5442856550
0.4854800403
0.4221043289
0.5058115721
0.5390785933
0.4474282861
0.4447789788
0.4791055918
0.4276637137
0.4308623374
0.4424665570
0.5824812651
0.4914909303
0.4976435304
0.4851770997
0.4409467280
0.4875758886
0.4879019260
0.5279927850
0.5129578114
0.4861638844
0.5838834047
0.5861780643
0.4074740410
0.4749493897
0.4733731747
0.5144511461
0.4668115079
0.4697189033
0.5522029400
0.5795874000
0.5804847479
0.4935889244
0.4900214970
0.4617094994
0.4409452677
0.5168498158
0.4226654470
0.5767396688
0.4270249605
0.5143654346
0.4659480155
0.4600800872
0.5276782513
0.5704401731
0.4901050925
0.4393431544
0.4755872488
0.4420472085
0.5448977947
0.5051137805
0.4773900807
0.4348987937
0.3613566756
0.4719901979
0.4791823924
0.4960798621
0.4927852154
0.5216367245
0.4924507439
0.4901130497
0.5455754399
0.5879758596
0.5255704522
0.4855290949
0.5770171881
0.4438602328
0.4733253121
0.5192799568
0.5120717287
0.3990294933
0.4213069975
0.4650031328
0.4575160444
0.5058759451
0.4168068767
0.4767978489
0.5386115909
0.5055067539
0.4020212293
0.4369454682
0.5557684302
0.4656169415
0.5485905409
0.4843714833
0.5452237129
0.5087713003
0.5390656590
0.5263199806
0.5659325719
0.5329748392
0.5764409304
0.4782019556
0.4692620039
0.5415498614
0.5140661001
0.4833433330
0.5974266529
0.5229931474
0.5218138695
0.5599668622
0.5289433002
0.4749874771
0.5068984032
0.5427110791
0.4502798915
0.5686643124
0.5561359525
0.5899887085
0.5574361086
0.4885838628
0.4366337955
0.5409384370
0.4508957863
0.5301800370
0.5134015083
0.5245091319
0.4838518798
0.5575367212
0.5331054330
0.4535468221
0.4860639572
0.4958425164
0.5346015096
0.5500491858
0.5222913027
0.4459986389
0.3948091865
0.4914999306
0.4088027477
0.5342267752
0.5171949863
0.5068717003
0.5711961389
0.4837242365
0.5357700586
0.4387972057
0.5006532073
0.5299559236
0.5185993910
0.4342958927
0.4314962626
0.5698904395
0.4316453338
0.5152794719
0.5071765780
0.4934492111
0.5374861360
0.5100430846
0.4863237143
0.4693700075
0.4458084106
0.4955514669
0.5034422278
0.5024386048
0.4608884454
0.5285834074
0.4986610413
0.5756609440
0.4811370373
0.4689930081
0.4668964446
0.3835216165
0.4664085805
0.4929960370
0.4545165002
0.4188519120
0.4999496043
0.4798076749
0.5063368678
0.4867146015
0.5045657754
0.4794109166
0.5094375014
0.4613522887
0.4676318467
0.5237873793
0.4251025915
0.4892262816
0.5638110042
0.4985235035
0.4788499475
0.4641869068
0.4675993919
0.4452808201
0.4488756359
0.5385561585
0.4696706831
0.5023041368
0.4877115786
0.5224403739
0.5295351148
0.5642587543
0.4650991261
0.4232908189
0.5884237885
0.4590423703
0.4595125616
0.5044376850
0.5132359266
0.4359314442
0.4611164331
0.4606322050
0.5427413583
0.4672188759
0.6062316895
0.4546207488
0.6083866358
0.4894847572
0.3734407723
0.4802658558
0.5269570947
0.5172704458
0.5473599434
0.4056797624
0.4895240068
0.5315482020
0.4401473403
0.5890752077
0.5356754065
0.4561347067
0.4998152852
0.4559796751
0.5178378224
0.5014693141
0.5167804956
0.4962551594
0.4644735456
0.5871224999
0.5391258001
0.4996235669
0.5718398690
0.4753365219
0.5667336583
0.4637566507
0.5630142093
0.5233585238
0.5000704527
0.5927199125
0.5223371387
0.4420716763
0.5364135504
0.4332431853
0.4893634915
0.5030270219
0.4539709389
0.4891636372
0.4839428663
0.3481460810
0.5937428474
0.4888230264
0.4742084444
0.5420711040
0.4082710445
0.5462834835
0.5075101256
0.5571426153
0.5162804723
0.6078648567
0.5818537474
0.5953933001
0.5157807469
0.4707847238
0.5432575941
0.5357435942
0.4615182281
0.4135611951
0.4720551670
0.4934675694
0.5465981960
0.5017232299
0.4969583452
0.5151860118
0.5280169249
0.5606455803
0.4676641226
0.4124963880
0.5149777532
0.5749118328
0.5035635233
0.5620353818
0.4417684078
0.4638847411
0.5307843685
0.5359495282
0.4120510817
0.6236037016
0.4997676313
0.4503443241
0.5251206756
0.5135248303
0.4906746149
0.5670698285
0.4189845026
0.5108693242
0.5678193569
0.4778687060
0.5877273083
0.4290090203
0.5460041761
0.5735759139
0.4767748117
0.4913175702
0.4594014585
0.4788761437
0.4526328444
0.4769700468
0.4637494385
0.5069305301
0.5307601690
0.5408090949
0.5830979943
0.4485228658
0.5208863616
0.5712490678
0.5217832923
0.5500966907
0.5433069468
0.4276688695
0.5114061832
0.4212276936
0.5495809317
0.4127581418
0.5032696128
0.5323437452
0.4382153451
0.4143916667
0.4943208098
0.4816370308
0.5064463615
0.4693874121
0.5103759766
0.4976787269
0.5218019485
0.5231384039
0.5399622917
0.5570802689
0.5431948900
0.5289003253
0.5449024439
0.5279461145
0.4714459479
0.5090651512
0.5065267086
0.5307051539
0.5332846642
0.6252102256
0.5502860546
0.4224810004
0.4474344254
0.5271112919
0.5894548297
0.4866172671
0.4404069185
0.4784220159
0.5025304556
0.4651033878
0.4835459590
0.5342169404
0.5553590655
0.4486347735
0.4939861298
0.5008648634
0.5639312267
0.5154794455
0.5107232928
0.4661695957
0.5388181806
0.5318889022
0.3774710894
0.4360572696
0.4480409026
0.4764499068
0.4749998152
0.4444975257
0.4871817529
0.4870486259
0.5391432643
0.4245789349
0.5926660895
0.5517640114
0.5213390589
0.5595936179
0.5332047343
0.4602594078
0.4695657194
0.4548300207
0.5787022114
0.5265954137
0.5119933486
0.5644040704
0.4958563447
0.5302406549
0.5297863483
0.4274379611
0.4538309276
0.4849587679
0.4598900974
0.4634191692
0.5099354386
0.5459183455
0.3945873082
0.5259192586
0.4304875731
0.4615845382
0.5102666616
0.4764269590
0.4560977519
0.4656302929
0.4706344008
0.4713126421
0.3790210485
0.4351156354
0.4499132335
0.4947408438
0.5609142184
0.4738290608
0.4778624475
0.4874435663
0.5007033944
0.5117744207
0.5150032043
0.5802525878
0.5237680674
0.4642200470
0.5127181411
0.5983691216
0.5320583582
0.5332061648
0.5345965028
0.5273385644
0.4939170778
0.4311726093
0.4881371260
0.4980131686
0.5059712529
0.5574037433
0.5176125169
0.5080761909
0.4728402495
0.5183849335
0.5270931721
0.5598633885
0.5634331107
0.5314187407
0.4451108873
0.5404779911
0.4735270143
0.3870713115
0.4953219593
0.4841528237
0.4625249505
0.5799183249
0.5725253820
0.3972336352
0.5041483641
0.5291771293
0.5463994741
0.4767568111
0.4336715341
0.4315442443
0.5110576153
0.4359204769
0.6137647629
0.4871073961
0.5555004478
0.5562012196
0.4918532968
0.4481410384
0.5007427335
0.4831458330
0.5106447935
0.5607286096
0.5153237581
0.4067871869
0.5231191516
0.5190306306
0.4892090559
0.4749208093
0.5218381882
0.4592648149
0.5484674573
0.5392261147
0.4576551020
0.5330362916
0.4493916631
0.5380386114
0.5664109588
0.4430873990
0.5619353652
0.5392706990
0.4437771440
0.4996048510
0.5068517327
0.4602468312
0.5320799947
0.5101398826
0.4990029335
0.5222921371
0.5405969024
0.5912441015
0.5671809912
0.5146022439
0.5328782201
0.5481797457
0.5373303890
0.5038429499
0.4544999301
0.4573865235
0.4815377593
0.5335621238
0.5430568457
0.5014225841
0.5536271334
0.5317307711
0.5301035047
0.5126002431
0.5434254408
0.4679837525
0.4840193391
0.5375513434
0.5281558037
0.4620023966
0.5389508605
0.5025480390
0.4413469136
0.4671579301
0.5960478187
0.5567233562
0.4514743090
0.5056356192
0.5052516460
0.4835211039
0.4725831449
0.4793864489
0.5186639428
0.4653301537
0.5206924081
0.4982419908
0.4190712273
0.4776702225
0.5035043955
0.4432081580
0.3974071145
0.4885745943
0.4220622778
0.4746723771
0.4884040058
0.4901517332
0.4671218693
0.5006034374
0.5169858932
0.5747002363
0.4073694944
0.5202025175
0.5977259874
0.4531160891
0.5606831908
0.4426491857
0.5734331012
0.4604687989
0.5732334256
0.6337606907
0.5071368814
0.5894704461
0.4454203248
0.4198348522
0.5351714492
0.5037040710
0.4534874856
0.5069230795
0.4353897274
0.4042924941
0.5200706720
0.5792468786
0.5773379207
0.5318325162
0.4569131732
0.5554048419
0.5526277423
0.4398778081
0.5070184469
0.5253759027
0.4552516639
0.4614428282
0.4556778967
0.4796870053
0.4989318252
0.5361512303
0.6078642607
0.4897930920
0.4584511817
0.4225369096
0.4520326853
0.5162917376
0.4601686895
0.4728741050
0.4027238488
0.5074962378
0.4382289946
0.5490900874
0.5189132094
0.5277094245
0.4649962783
0.5831959248
0.4507840872
0.4792358279
0.4244658649
0.5355125070
0.5079315901
0.4118257165
0.4983518720
0.5417171717
0.4467769265
0.4500289559
0.4727731943
0.4211309552
0.4231452346
0.4428695142
0.5789698958
0.5028844476
0.5094306469
0.4752424955
0.4341496229
0.4865320027
0.4781727195
0.5297829509
0.4995509684
0.4845439792
0.5950409174
0.6296024919
0.3960290551
0.4809258282
0.4874219000
0.5112737417
0.4644959569
0.4545010626
0.5906516314
0.5911967754
0.5645808578
0.5102375746
0.4998784065
0.4597189426
0.4862071574
0.5234665871
0.4043688774
0.5793489218
0.4129785299
0.5110490918
0.4708951414
0.4411195815
0.5274085999
0.5738098621
0.4637589157
0.4460237920
0.4639834762
0.4482444525
0.5455464125
0.5193392634
0.4474420547
0.4283676445
0.3540732265
0.4656414092
0.4757983983
0.4961432517
0.4842738509
0.5039306879
0.4849951565
0.4716219306
0.5486292243
0.5919843912
0.5186238885
0.5010230541
0.5756486654
0.4595941603
0.4604262412
0.5122000575
0.5082860589
0.3949267566
0.4160985053
0.4879438877
0.4617460668
0.5254905224
0.3887893558
0.4653839171
0.5314873457
0.5047792196
0.3820129633
0.4429530799
0.5418179631
0.4707931280
0.5572752357
0.4701199830
0.5612735748
0.5285394788
0.5666925311
0.5568291545
0.5816092491
0.5354056358
0.5878485441
0.4675701261
0.4758134186
0.5521880388
0.5335829258
0.5084256530
0.6071365476
0.5214374065
0.5144383311
0.5665028095
0.5338248014
0.4708484113
0.4977823794
0.5522231460
0.4276397824
0.5805662870
0.5473866463
0.5734636188
0.5494363904
0.4946360588
0.4493059218
0.5709788203
0.4266123176
0.5355929136
0.5311242342
0.5220903754
0.4994004071
0.5647218227
0.5674852729
0.4596990347
0.4890959561
0.5078351498
0.5182592273
0.5664043427
0.5319034457
0.4398913682
0.3957154155
0.4753005505
0.4136591554
0.5552339554
0.5053748488
0.5113188028
0.5800751448
0.4722141325
0.5423671603
0.4413112402
0.4865484834
0.5149234533
0.5083300471
0.4445081651
0.4164781570
0.5709662437
0.4311449528
0.5408909917
0.5237280130
0.4862229228
0.5290130973
0.5073829293
0.4792770743
0.4789716601
0.4700687230
0.4904340804
0.4944940209
0.5122700930
0.4539940953
0.5431032181
0.4886391163
0.5778979659
0.4703915119
0.4791210592
0.4495778382
0.3642561138
0.4860433042
0.4836916327
0.4867159128
0.4295475781
0.4763404131
0.4808963537
0.5007941723
0.4890596569
0.4962781072
0.4912996292
0.5178073049
0.4426716864
0.4659705460
0.4973140657
0.4356524050
0.4686916769
0.5660370588
0.4994398057
0.4793049395
0.4772851169
0.4648133218
0.4589898288
0.4516366720
0.5167312622
0.4862863421
0.5162231922
0.4836596847
0.5205278397
0.5454473495
0.5719163418
0.4511885345
0.3950245678
0.5986365080
0.4630187452
0.4563651085
0.4787006378
0.5101556778
0.4322483540
0.4679139555
0.4608528614
0.5389577746
0.4616903961
0.6127688885
0.4544940591
0.6132252216
0.4954774976
0.3685119152
0.4826139808
0.5218622684
0.5370736122
0.5735236406
0.4094829559
0.5059105158
0.5313441753
0.4328585267
0.5815113187
0.5365486145
0.4619969130
0.5032318830
0.4610466957
0.4965745807
0.4855847061
0.5213341117
0.5062610507
0.4706067443
0.5880130529
0.5393983722
0.4906814992
0.5839357376
0.4790689051
0.5634425879
0.4477595985
0.5534369349
0.5208530426
0.5018574595
0.6129809618
0.5301939845
0.4462376535
0.5265178680
0.4503691792
0.4877057970
0.5059288740
0.4498317540
0.4704968929
0.4853246808
0.3264203370
0.5801731348
0.5191099048
0.4689206183
0.5623317361
0.4400784969
0.5388981700
0.5303802490
0.5336598158
0.5224264264
0.6174585223
0.5956217051
0.5831762552
0.5170580149
0.4544723928
0.5365056396
0.5313215256
0.4661698937
0.4194323123
0.4713414907
0.5015296936
0.5697751641
0.5095478296
0.4844297469
0.5152400136
0.5559411645
0.5471287966
0.4737888873
0.3817549944
0.4980062544
0.5942592621
0.4916867018
0.5695901513
0.4264712334
0.4724338651
0.5303931236
0.5324786305
0.3705049157
0.6396716833
0.5135527849
0.4535170794
0.5189980865
0.5166630745
0.4685093760
0.5636648536
0.4217704237
0.5115031004
0.5634204149
0.4672905803
0.5970472693
0.4287180901
0.5426866412
0.5638211370
0.4795571566
0.4873212278
0.4407924712
0.4743515253
0.4512578547
0.4771235883
0.4563649297
0.5207104087
0.5076591969
0.5421992540
0.5994473100
0.4429012239
0.5290411115
0.5580752492
0.5126863122
0.5547080636
0.5121514201
0.4174984097
0.5302808285
0.3914835453
0.5643370748
0.4295043349
0.4922212660
0.5367561579
0.4032685161
0.4096487761
0.5296058059
0.4967297316
0.5322065949
0.4453447759
0.5201603770
0.4852142334
0.5235845447
0.5481010675
0.5589696765
0.5757582784
0.5543965101
0.5128417611
0.5652557015
0.5114353895
0.4602012038
0.5105958581
0.5258424878
0.5527275801
0.5153657198
0.6330091357
0.5385360122
0.4250800908
0.4937566519
0.5297018886
0.6027948856
0.4949206710
0.4398874938
0.4610233903
0.4766639769
0.4875430167
0.4746602476
0.5332775116
0.5646306276
0.4567061961
0.4986656010
0.4941737950
0.5576102734
0.5288683772
0.5317118168
0.4719510972
0.5445341468
0.5318744779
0.3679350615
0.4328366518
0.4671360850
0.4491350651
0.4716114104
0.4565716684
0.4755961299
0.4631274045
0.5768667459
0.4216646552
0.5716295838
0.5675960183
0.5241639614
0.5509466529
0.5260959268
0.4498214722
0.4754317701
0.4665452540
0.5790415406
0.5463268757
0.5054659843
0.5513494611
0.4897561967
0.5310538411
0.5552582145
0.4388560057
0.4412998259
0.4832796454
0.4686431587
0.4645212889
0.5355888009
0.5280787945
0.3798483610
0.5136131644
0.4535202086
0.4248296022
0.5093237162
0.4795658588
0.4547037184
0.4566130936
0.4865901172
0.4749218822
0.3816251457
0.4377853572
0.4281673431
0.4904392064
0.5752956867
0.4954850674
0.4872936010
0.4868768752
0.5020627975
0.5107752681
0.5030808449
0.5980417132
0.5217034817
0.4592242241
0.5049772263
0.6069048643
0.5326890349
0.5280462503
0.5168665051
0.5260437727
0.5039631128
0.4192802012
0.4783032835
0.4828132987
0.5146298409
0.5715618730
0.5166767240
0.5197363496
0.4833495617
0.5116752386
0.5314185023
0.5488129854
0.5682679415
0.5490406752
0.4577191174
0.5421074033
0.4372289479
0.3901374936
0.4786584079
0.4813345671
0.4671997726
0.5946934819
0.5746859312
0.3877751231
0.4979532063
0.5288793445
0.5274417400
0.4711008072
0.4178099930
0.4227558970
0.5204263330
0.4376105368
0.6230098009
0.4795387387
0.5485244989
0.5686252713
0.4758342206
0.4724600911
0.5188862085
0.4648240507
0.5164424777
0.5470087528
0.5202453136
0.4241374135
0.5349284410
0.5487909317
0.4732139111
0.4948722124
0.5412181616
0.4624906480
0.5732526183
0.5213802457
0.4483878016
0.5377711654
0.4572937787
0.5492200255
0.5534731746
0.4525557458
0.5617232323
0.5552138090
0.4245198071
0.4861334264
0.5248220563
0.4571296871
0.5140216947
0.5147572756
0.5051071048
0.5254330039
0.5418750048
0.6025061011
0.5876574516
0.5324901342
0.5316736102
0.5335022807
0.5322057009
0.4995775521
0.4704018533
0.4484485388
0.4914195538
0.5088396072
0.5275362730
0.5146847367
0.5528848767
0.5345972776
0.5298039317
0.5067883134
0.5180560946
0.4727248251
0.4853812158
0.5627146959
0.5306798816
0.4660527706
0.5495593548
0.4899235070
0.4555933177
0.4588132501
0.6102204323
0.5402771831
0.4403231144
0.4956867993
0.5124265552
0.4893195629
0.4703218341
0.4684648812
0.5197104216
0.4685272574
0.5270941257
0.4867902994
0.4460883141
0.4705959558
0.5141100883
0.4399052560
0.3927019238
0.4889202714
0.4343940020
0.4680980146
0.4914548993
0.5105505586
0.4690786600
0.4808934331
0.5170719028
0.5521606207
0.4057283998
0.5234440565
0.5991317630
0.4424308836
0.5499176979
0.4415010214
0.5774631500
0.4635069370
0.5927295089
0.6293069720
0.5201247334
0.5957711935
0.4534891844
0.4100965261
0.5302532315
0.5025042892
0.4593084455
0.5190095901
0.4394807816
0.3926649988
0.5500485301
0.5743213892
0.5963504314
0.5182757378
0.4611056149
0.5421959162
0.5526224375
0.4370380044
0.5344020128
0.5396109819
0.4709975123
0.4504585266
0.4647642970
0.4849759340
0.4946220815
0.5379928350
0.6139401793
0.5030090213
0.4422082007
0.4314763844
0.4590602517
0.5182052851
0.4446183443
0.4808529615
0.4087941051
0.5088239312
0.4290893674
0.5443423390
0.5139741302
0.5216077566
0.4555400312
0.5715313554
0.4477476776
0.4636885524
0.4251621366
0.5473920703
0.4915790260
0.4073429704
0.5119395256
0.5406244993
0.4395588040
0.4460657835
0.4673953950
0.4027587473
0.4052196741
0.4383194149
0.5843881965
0.4874301553
0.5030327439
0.4763553739
0.4266325235
0.4888810813
0.4797786176
0.5269470215
0.5006206036
0.4823107421
0.6029424667
0.6175077558
0.4120460153
0.4781447351
0.4695484638
0.5216403008
0.4754123986
0.4532389045
0.5515348911
0.5932694674
0.5648604631
0.5027757287
0.4973096848
0.4659374654
0.4462388754
0.5222723484
0.4212870598
0.5921860933
0.4144815505
0.5223476291
0.4702001512
0.4580213726
0.5348967314
0.5807429552
0.4895979762
0.4480847716
0.4594158828
0.4440035224
0.5579448342
0.5160472989
0.4658701718
0.4271227717
0.3481959105
0.4634462893
0.4885275662
0.5102170110
0.4863328040
0.5198742151
0.4722908437
0.4838340282
0.5568606853
0.6053702235
0.5111457705
0.4943187237
0.5838749409
0.4505219162
0.4614197910
0.5095821023
0.4965589046
0.3903569281
0.4169811308
0.4694684744
0.4667119980
0.4955813289
0.3921888471
0.4653617442
0.5308531523
0.5027318597
0.3928979337
0.4380056858
0.5711433887
0.4544543922
0.5510090590
0.4785790443
0.5505067706
0.5108947754
0.5473955274
0.5418252349
0.5792640448
0.5392649770
0.5831438303
0.4763136208
0.4685504138
0.5450565219
0.5251394510
0.5011421442
0.6124485731
0.5194437504
0.5194510221
0.5656101704
0.5347059369
0.4780755937
0.5054466128
0.5478151441
0.4407990575
0.5820159912
0.5498430729
0.5928470492
0.5512507558
0.4688784182
0.4365071058
0.5485086441
0.4202538431
0.5371772647
0.5132195354
0.5191516876
0.4913394451
0.5633776188
0.5431840420
0.4527034163
0.4803500772
0.5043920279
0.5273745060
0.5531144142
0.5195989609
0.4611244202
0.3816595674
0.4973205626
0.3837322593
0.5547025800
0.4934060276
0.5243277550
0.5831625462
0.4806446731
0.5332297087
0.4303834736
0.4924968183
0.5355137587
0.5098772645
0.4325525165
0.4059383571
0.5656791329
0.4338905513
0.5205853581
0.5112254620
0.4848452508
0.5196677446
0.5112069249
0.5003597140
0.4872906506
0.4516277909
0.4840722084
0.4990348518
0.5115615129
0.4616435766
0.5366462469
0.5104119182
0.5841093659
0.4661017358
0.4897011817
0.4549893141
0.3767467737
0.4830870628
0.4883732498
0.4625270367
0.4108557105
0.4869114459
0.4913449585
0.5191793442
0.4952370226
0.5031980872
0.4823426604
0.5028907061
0.4605443180
0.4728432894
0.5159989595
0.4266584814
0.4709458649
0.5656991005
0.5065554976
0.4752698541
0.4560386240
0.4650222361
0.4477706850
0.4517493248
0.5338737369
0.4757303298
0.5073747635
0.4855205417
0.5266345143
0.5192611217
0.5825275779
0.4636098444
0.4137465358
0.5946192741
0.4566117227
0.4572086632
0.4820140004
0.5102292895
0.4452015460
0.4489696622
0.4617260098
0.5439499021
0.4546244144
0.6080083847
0.4437060654
0.6142194867
0.4973524213
0.3863535821
0.4732363224
0.5267083645
0.5221180320
0.5649840832
0.4158769250
0.5204408169
0.5229099989
0.4449149966
0.6003059745
0.5368586183
0.4585344493
0.4951877594
0.4511606097
0.5241339207
0.4920988977
0.5318386555
0.4922184646
0.4738205075
0.5837172866
0.5418158770
0.4920102954
0.5922392607
0.4783209860
0.5664029121
0.4548452795
0.5595724583
0.5236740112
0.5092718601
0.6063402295
0.5320056677
0.4262582958
0.5470452309
0.4384136796
0.5006899238
0.5048370361
0.4550728500
0.4765861630
0.4818316400
0.3278452158
0.6207339764
0.4932321310
0.4703141451
0.5510860085
0.4117031693
0.5435382128
0.5291268826
0.5405632854
0.5121745467
0.6139446497
0.5852298141
0.6071162224
0.5051171184
0.4681707323
0.5550318360
0.5363533497
0.4590553045
0.4138236642
0.4642888606
0.4808936417
0.5557166338
0.5052322149
0.4972311854
0.5132765174
0.5259821415
0.5444876552
0.4761759043
0.3921819627
0.5124503970
0.5924332142
0.4957743287
0.5545014739
0.4393301606
0.4624999166
0.5291681290
0.5423734784
0.3865137100
0.6322079897
0.5053636432
0.4469316006
0.5291093588
0.5167594552
0.4777435064
0.5719640851
0.4136731625
0.5165372491
0.5656095743
0.4713655114
0.6004022360
0.4266178012
0.5484455228
0.5692404509
0.5019609928
0.4910054803
0.4493668973
0.4631845951
0.4430368841
0.4690735936
0.4649008214
0.4971188009
0.5265450478
0.5489129424
0.5986151695
0.4228545129
0.5254847407
0.5632634163
0.5175068378
0.5412850976
0.5331356525
0.4142026305
0.5025761127
0.4112233520
0.5627434254
0.4017833471
0.4828034043
0.5256131887
0.4072558582
0.4130554795
0.5170423388
0.4913880527
0.5164407492
0.4646686912
0.5112147927
0.4851070940
0.5221754313
0.5413833261
0.5330798030
0.5762652755
0.5456577539
0.5270352960
0.5646286607
0.5148645043
0.4534600377
0.5119634271
0.5187271833
0.5435497165
0.5276384950
0.6371174455
0.5490443110
0.4150317311
0.4686788917
0.5259925723
0.6060793400
0.5028125644
0.4389004111
0.4799348116
0.4905119538
0.4648209810
0.4668541849
0.5227221847
0.5427007079
0.4564776123
0.5060186386
0.4834464788
0.5670765638
0.5109263659
0.5262588263
0.4718685448
0.5536685586
0.5347290039
0.3660953045
0.4402876496
0.4645947218
0.4555675089
0.4808192551
0.4615171254
0.4796436429
0.4749243855
0.5638664961
0.4245442748
0.5877748132
0.5739006400
0.5245971084
0.5563755035
0.5366887450
0.4592559338
0.4748963714
0.4614165723
0.5959455967
0.5391210914
0.5165954828
0.5578145385
0.4864635766
0.5374376774
0.5340303183
0.4393476248
0.4531911910
0.4928794801
0.4519829750
0.4734991193
0.5276404023
0.5407693386
0.3706978559
0.5202725530
0.4326319993
0.4510276914
0.5153555870
0.4694577456
0.4640119672
0.4467773438
0.4915646911
0.4701146185
0.3721159697
0.4398606718
0.4323474169
0.4712734520
0.5739855766
0.4744785130
0.4812096059
0.4851895273
0.5124293566
0.5060788393
0.5086678267
0.5806806087
0.5467880964
0.4552241266
0.5070057511
0.6158369780
0.5410884023
0.5365910530
0.5240561962
0.5283942223
0.4961676002
0.4237631559
0.4831441343
0.4740857780
0.5056985617
0.5549421310
0.5142316222
0.5221527219
0.4683603644
0.5116332769
0.5193820000
0.5602003336
0.5770331621
0.5442543626
0.4540672302
0.5398834348
0.4665158987
0.3867001534
0.5043588877
0.4950003922
0.4550798237
0.5915828347
0.5682615042
0.3866512179
0.5009974241
0.5184851289
0.5477865338
0.4728867710
0.4227716029
0.4539303780
0.5137964487
0.4290393591
0.6173836589
0.4832400978
0.5517494082
0.5757454634
0.4849213362
0.4528008997
0.4961866140
0.4643034935
0.5156390667
0.5439842343
0.5281422138
0.4089528918
0.5324943662
0.5445814133
0.4787908196
0.4797538221
0.5379638076
0.4633209705
0.5546262264
0.5339576006
0.4547596276
0.5337803364
0.4482483566
0.5414960384
0.5683795214
0.4410774708
0.5668572783
0.5491592884
0.4179865718
0.4986144304
0.5186113715
0.4608785212
0.5343646407
0.5171968937
0.5002103448
0.5299885869
0.5497469306
0.5852744579
0.5822166800
0.5083469152
0.5275905728
0.5234957337
0.5388265252
0.5138078928
0.4588339329
0.4543240964
0.4951576889
0.5142503381
0.5290277600
0.5284144282
0.5478373766
0.5198323131
0.5238102674
0.5138884783
0.5298932195
0.4879570901
0.4872086346
0.5496759415
0.5363694429
0.4792185128
0.5366238356
0.5026862025
0.4457657933
0.4560135901
0.6058264375
0.5317858458
0.4328363240
0.4989744723
0.5060190558
0.5031672716
0.4711017907
0.4733367264
0.5326484442
0.4653689265
0.5318841338
0.4875456989
0.4261980951
0.4735212624
0.5127822161
0.4284396172
0.3857392073
0.4879504442
0.4204209447
0.4744563103
0.4654526711
0.5090036988
0.4822989702
0.4763308764
0.5367842913
0.5738070607
0.3874969482
0.5218228102
0.6000171900
0.4406755567
0.5474970937
0.4535911381
0.5699374676
0.4443660676
0.5847697854
0.6275008917
0.5072060823
0.6004331708
0.4396197796
0.4367304146
0.5364802480
0.5036360025
0.4443972111
0.5168330073
0.4411977530
0.3927393258
0.5540662408
0.5823585391
0.5866881609
0.5318527818
0.4514249563
0.5507888198
0.5341384411
0.4376914501
0.5244293809
0.5122580528
0.4961665571
0.4735752642
0.4486932158
0.4790157974
0.5077361465
0.5549852848
0.6041462421
0.5029964447
0.4607354105
0.4372213185
0.4713708162
0.5254699588
0.4480680823
0.4798129797
0.4057446718
0.4891282022
0.4285987020
0.5490096211
0.5179464817
0.5160550475
0.4627305865
0.5756677389
0.4412141144
0.4685934186
0.4265884161
0.5436589122
0.4919950068
0.4116768837
0.4904839396
0.5149013996
0.4733158648
0.4301004112
0.4699038863
0.4088203907
0.4109151959
0.4460844398
0.5785006285
0.4916849732
0.4809986353
0.4664093852
0.4325903058
0.4890018404
0.4728206694
0.5337665081
0.4941264391
0.4651497602
0.5925462246
0.6144908071
0.3893628120
0.4871784449
0.4799346030
0.4964582324
0.4768285155
0.4601640701
0.5686911941
0.5943369865
0.5636986494
0.5054568052
0.4956894815
0.4563933611
0.4586156309
0.5248222351
0.4294147193
0.5935636759
0.4132462144
0.5162690282
0.4649016559
0.4495190382
0.5274507999
0.5867901444
0.4881420732
0.4428749382
0.4781707227
0.4210323095
0.5540170074
0.5345792174
0.4639971852
0.4400922656
0.3517948985
0.4587416947
0.4848572910
0.4991574883
0.4870226681
0.5057797432
0.4937721789
0.4869150221
0.5559864640
0.5851526856
0.5124096274
0.4905564487
0.5955585241
0.4440703690
0.4561464489
0.5069233179
0.4957748055
0.3892673850
0.4071826339
0.4780172706
0.4763759971
0.5141581893
0.3838799298
0.4732243121
0.5314117670
0.5141794682
0.3901855052
0.4438182116
0.5697789192
0.4450918138
0.5467685461
0.4789740741
0.5480603576
0.5231124759
0.5627859235
0.5345897079
0.5646036863
0.5508593917
0.5713831782
0.4573261738
0.4897277355
0.5470101833
0.5254875422
0.4999852180
0.6184887886
0.5245664120
0.5225821733
0.5586628914
0.5362012386
0.4511430860
0.5078116655
0.5469013453
0.4344278872
0.5758500695
0.5535295010
0.5670543909
0.5621629953
0.4748694599
0.4332116246
0.5453026891
0.4326335490
0.5314292312
0.5140106678
0.5258104801
0.4832814038
0.5560513139
0.5525845289
0.4544162750
0.4925011992
0.4924581349
0.5336484909
0.5508757830
0.5143549442
0.4360135198
0.4094377458
0.4639521241
0.3915019035
0.5541793704
0.5079863071
0.5099942088
0.5954750180
0.4923320115
0.5396844149
0.4331870675
0.4934753478
0.5198000073
0.5265492797
0.4536871016
0.4164564312
0.5675331950
0.4314396381
0.5232525468
0.5131001472
0.4759514332
0.5339995623
0.5014420748
0.4897751212
0.4862186313
0.4710457027
0.4957926571
0.5013077855
0.5026535392
0.4487085938
0.5192649364
0.4863180816
0.5623497367
0.4595623314
0.4819064736
0.4585576355
0.3733820915
0.4679554701
0.4895040691
0.4536551535
0.4258182645
0.4851581454
0.4872123599
0.4889663160
0.5041461587
0.4905036390
0.4867879748
0.5007858872
0.4587211609
0.4500897825
0.4909964204
0.4440578222
0.4565982819
0.5617307425
0.5142965913
0.4721967280
0.4562751055
0.4605607390
0.4436252415
0.4593402445
0.5265333652
0.4727129042
0.5100427270
0.4986169338
0.5292679071
0.5312189460
0.5720927119
0.4499203265
0.4090433121
0.5895104408
0.4533359110
0.4664154947
0.4949847758
0.5354084969
0.4367626905
0.4588740766
0.4460477233
0.5396883488
0.4588013887
0.6050645113
0.4327979088
0.6263151765
0.4982250333
0.3765144646
0.4850604534
0.5354971290
0.5222629905
0.5674076676
0.4128009677
0.4990234375
0.5276683569
0.4435667396
0.5950685740
0.5229625106
0.4648500383
0.5156215429
0.4479794204
0.4909925163
0.4879102111
0.5220419765
0.5005230904
0.4671928883
0.5850681067
0.5445365906
0.4950423837
0.5887910128
0.4743789136
0.5718423724
0.4522814155
0.5610125661
0.5239934921
0.4910346270
0.6131634712
0.5145953894
0.4329243898
0.5388498902
0.4443042874
0.4932083786
0.5005805492
0.4468437433
0.4635639191
0.4733751416
0.3283541203
0.6040642262
0.4956023097
0.4663185179
0.5662356615
0.4288812876
0.5551191568
0.5094249249
0.5510905981
0.5224507451
0.6161835790
0.5892634392
0.5972575545
0.4828335643
0.4802116454
0.5487982631
0.5450581312
0.4585753679
0.4125101566
0.4862527549
0.5028913021
0.5682789087
0.5089988708
0.4826498330
0.5176731348
0.5408356190
0.5480112433
0.4617272615
0.3764890432
0.5002355576
0.6036977768
0.5024093986
0.5587102175
0.4347280264
0.4775967002
0.5161588192
0.5477377176
0.3913727403
0.6324112415
0.5070486069
0.4270334840
0.5310249329
0.5210617185
0.4802511036
0.5595087409
0.4433454871
0.5110739470
0.5589421988
0.4717023671
0.6073173881
0.4309080839
0.5514534712
0.5875911117
0.4841212630
0.4940920472
0.4561527669
0.4507602155
0.4526672065
0.4656371176
0.4617767334
0.5015354156
0.5145407915
0.5449760556
0.5856319666
0.4328575432
0.5272018313
0.5751573443
0.5004930496
0.5490685701
0.5458186269
0.4199904501
0.5191534758
0.3897653818
0.5630245805
0.4039933085
0.4935456812
0.5240560174
0.4217250049
0.4027798772
0.5253866911
0.4790873528
0.5310969949
0.4520025849
0.5122685432
0.4724394083
0.5147599578
0.5350123644
0.5414964557
0.5846620798
0.5538998842
0.5331282616
0.5502976775
0.5178287625
0.4549684823
0.5034792423
0.5304699540
0.5348910093
0.5313407183
0.6430287957
0.5628178716
0.4228479266
0.4712170959
0.5337836742
0.5998725891
0.4873999655
0.4380012155
0.4774528742
0.4873879850
0.4761925638
0.4867788255
0.5342832804
0.5551238656
0.4306199253
0.5037173033
0.5018821359
0.5707272291
0.5193182230
0.5067381263
0.4539615214
0.5319778323
0.5373252034
0.3663010597
0.4469944835
0.4691542387
0.4410839081
0.4765336514
0.4558836222
0.4871765673
0.4701790512
0.5695251822
0.4242484570
0.5868405700
0.5711510181
0.5278956294
0.5453964472
0.5508482456
0.4570822418
0.4624550939
0.4514673352
0.5770908594
0.5231166482
0.5214024186
0.5649951696
0.4984623194
0.5356162786
0.5462734699
0.4191061258
0.4555523396
0.4797973931
0.4571865797
0.4566943347
0.5251712799
0.5342599154
0.3580895662
0.5263887644
0.4336919188
0.4420804381
0.5151532292
0.4766923487
0.4678165615
0.4337535799
0.4940921962
0.4892084002
0.3789665401
0.4538196921
0.4252724051
0.4861935377
0.5740419626
0.4953674674
0.4737578928
0.4991352558
0.5155421495
0.5048203468
0.5106495619
0.6057628393
0.5247206688
0.4538918436
0.5313155651
0.6021819711
0.5219561458
0.5374132991
0.5221661329
0.5242432952
0.4973527193
0.4130008519
0.4751959145
0.4782695770
0.5188771486
0.5640056133
0.5253971815
0.5341041088
0.4752943516
0.5118882060
0.5231302381
0.5614483953
0.5876252055
0.5474817157
0.4648725390
0.5294129252
0.4500579238
0.3845507503
0.4876862764
0.4839520156
0.4737567902
0.5926338434
0.5634328127
0.3948119879
0.4856218398
0.5473913550
0.5456851125
0.4721734524
0.4272584021
0.4344105721
0.5031621456
0.4299194813
0.6217062473
0.4762097895
0.5511062145
0.5603187680
0.4750353396
0.4464051127
0.4951139390
0.4658966064
0.5101907849
0.5689194798
0.5118647218
0.4196178019
0.5410435200
0.5316390991
0.4860309660
0.4745058119
0.5272204280
0.4776148796
0.5644071102
0.5404034853
0.4403338432
0.5271539688
0.4431427419
0.5288758874
0.5563504696
0.4420275688
0.5781350732
0.5471040010
0.4236235023
0.4907113314
0.5084673762
0.4569084942
0.5240113735
0.5213379860
0.4948922694
0.5070931315
0.5570020080
0.5969130993
0.5791379213
0.5163473487
0.5217933655
0.5443768501
0.5338677764
0.5045749545
0.4689515829
0.4457063973
0.5038986802
0.5014611483
0.5410170555
0.5138661265
0.5531505346
0.5366902947
0.5199615359
0.5243725777
0.5307739973
0.4704929292
0.4834822416
0.5656965971
0.5344900489
0.4628232419
0.5470485687
0.4980916977
0.4501894712
0.4422624707
0.6148667336
0.5324965119
0.4268566668
0.4941631854
0.5096791983
0.4984951913
0.4585883915
0.4606608748
0.5210867524
0.4555396438
0.5450193286
0.4873715341
0.4375223517
0.4673589170
0.5105074048
0.4368545711
0.4005440176
0.4865486324
0.4224019349
0.4759477377
0.4671524763
0.5051945448
0.4809773862
0.4806483984
0.5248978138
0.5557517409
0.3963640928
0.5157602429
0.6079426408
0.4376806617
0.5469233990
0.4535222352
0.5720217824
0.4446564913
0.5872151256
0.6366394758
0.5202509761
0.5910919905
0.4391002059
0.4195407033
0.5394368172
0.4992289543
0.4636931717
0.5256025195
0.4413407445
0.3888506293
0.5568729639
0.5740830898
0.5979027748
0.5206457973
0.4676856995
0.5536230803
0.5529116392
0.4447635114
0.5217661858
0.5235537291
0.4834734499
0.4592958391
0.4539716840
0.4822933674
0.4986842871
0.5557805896
0.6225052476
0.4953735769
0.4637166858
0.4368928075
0.4647186399
0.5071713328
0.4400773048
0.4728515744
0.4039831758
0.5012599826
0.4167949855
0.5318687558
0.5116928220
0.5167031288
0.4593908191
0.5699602365
0.4409531653
0.4584816098
0.4261148572
0.5497077107
0.4920505881
0.4139232934
0.5130841732
0.5281689763
0.4463819861
0.4338526726
0.4760158658
0.4096542299
0.4079715610
0.4335395098
0.5873886943
0.4982836545
0.4971845150
0.4754515886
0.4279218912
0.4922451079
0.4779002070
0.5365654826
0.5065313578
0.4712626934
0.5928589702
0.6102688313
0.3914104700
0.4759960473
0.4709626138
0.5082589984
0.4755095840
0.4627583623
0.5529076457
0.5951332450
0.5734729171
0.5050559640
0.4941523075
0.4548822343
0.4375444055
0.5214371681
0.4173201621
0.5935162306
0.4121268690
0.5177788734
0.4686236084
0.4453043342
0.5379398465
0.5848252773
0.4971299767
0.4379024506
0.4618383944
0.4350186288
0.5486240387
0.5127038360
0.4670930505
0.4289328754
0.3480551839
0.4652632475
0.4907209575
0.5122362375
0.4873919487
0.5256127119
0.4829834700
0.4835392833
0.5585715175
0.6061396599
0.5250263214
0.4866110384
0.5922293663
0.4500491917
0.4685076177
0.5156162977
0.4990447164
0.3856656253
0.4043975472
0.4676897824
0.4642094076
0.5018411279
0.3954525590
0.4757825434
0.5387762785
0.5111232400
0.3935807943
0.4278608561
0.5705902576
0.4626255035
0.5557777286
0.4834258854
0.5430624485
0.5213708282
0.5526317954
0.5345765352
0.5744948983
0.5480438471
0.5765762925
0.4782653153
0.4751159847
0.5536829829
0.5218912959
0.4951363802
0.6207870245
0.5159591436
0.5254438519
0.5511858463
0.5371468067
0.4650430083
0.5112303495
0.5500093699
0.4445608258
0.5729670525
0.5460880995
0.5947740078
0.5595724583
0.4625530541
0.4357685447
0.5542894602
0.4293302894
0.5292072892
0.5128088593
0.5312948227
0.4867270887
0.5522572398
0.5409124494
0.4460071921
0.4829142392
0.4931037426
0.5365219116
0.5551196933
0.5190860629
0.4481087923
0.3914245069
0.4761793315
0.3943877220
0.5500063896
0.5070917010
0.5079265833
0.5919541717
0.4969438910
0.5361396670
0.4268937409
0.4886269867
0.5328468680
0.5250468850
0.4420349002
0.4113292098
0.5669453740
0.4361398220
0.5128128529
0.5067266822
0.4786041677
0.5259777904
0.5074692369
0.4883863926
0.4849568009
0.4611912370
0.5023344755
0.4993820190
0.5171594620
0.4498593211
0.5287637711
0.5012779832
0.5775573254
0.4674073458
0.4840896726
0.4545129836
0.3632003963
0.4638450146
0.4991985559
0.4530860186
0.4187707007
0.4874086678
0.4788198769
0.5090625882
0.4992078841
0.5028661489
0.4836229682
0.4986200631
0.4560078084
0.4680208564
0.5122801065
0.4235587120
0.4742504656
0.5653800964
0.5020474195
0.4764370024
0.4538630247
0.4684846401
0.4357904792
0.4522814453
0.5460410118
0.4728938043
0.5076034069
0.4888633490
0.5357450843
0.5124052167
0.5752808452
0.4502246380
0.4112588465
0.6064593792
0.4534399211
0.4476788044
0.4868690073
0.5218083262
0.4465615749
0.4468205869
0.4614316523
0.5354930162
0.4600475132
0.6110351086
0.4443185329
0.6242624521
0.4954933524
0.3695182204
0.4681904018
0.5384864807
0.5190337896
0.5652855039
0.4124151468
0.5022444129
0.5383165479
0.4384022951
0.6002070904
0.5341766477
0.4659301341
0.5064436197
0.4508522749
0.5165160894
0.4932000637
0.5238006115
0.4894673228
0.4726628065
0.5921259522
0.5440180302
0.4865742028
0.5905176401
0.4793580472
0.5661558509
0.4585148394
0.5563960075
0.5372156501
0.4993008971
0.6129705906
0.5182362795
0.4330732822
0.5478579998
0.4358140528
0.4883224964
0.4995565414
0.4310349822
0.4782747328
0.4735470116
0.3309336305
0.6133302450
0.4897344708
0.4689025581
0.5562654138
0.4082706273
0.5512597561
0.4978590310
0.5466150641
0.5229213238
0.6243399382
0.5908331871
0.6101456285
0.5122098923
0.4738067389
0.5459178090
0.5552566051
0.4563283026
0.4258037806
0.4819637835
0.4839424193
0.5601539612
0.4981138408
0.4884729385
0.5195947886
0.5164105296
0.5571308136
0.4673665762
0.3946467042
0.5110489726
0.5997523665
0.4913515151
0.5618024468
0.4401174486
0.4616547525
0.5255258679
0.5416086316
0.3917045295
0.6346246600
0.5061684251
0.4382579923
0.5303761959
0.5213360190
0.4710267782
0.5640514493
0.4151814282
0.5111244917
0.5735993981
0.4782757163
0.5990214348
0.4332922399
0.5497251749
0.5832676291
0.4846623242
0.4997495711
0.4552122355
0.4660526216
0.4505876899
0.4654026330
0.4733906686
0.5012918711
0.5319866538
0.5550495386
0.5899735689
0.4331973791
0.5229141116
0.5759861469
0.5135307312
0.5541948676
0.5443512201
0.4218966663
0.5067797303
0.4062281251
0.5580450892
0.3977157176
0.4911170006
0.5300558805
0.4182747304
0.4081382751
0.5164318681
0.4880720675
0.5177785754
0.4617249966
0.5105975270
0.4920307696
0.5177056193
0.5390821099
0.5356704593
0.5776543021
0.5432226658
0.5480627418
0.5525845885
0.5234910250
0.4554603100
0.5103660822
0.5095722675
0.5342895389
0.5316799283
0.6430122852
0.5546953082
0.4187169969
0.4585406780
0.5359736085
0.6003000140
0.4869558811
0.4376389384
0.4741647243
0.4919140935
0.4674913883
0.4763820171
0.5333003402
0.5414603949
0.4504814446
0.4962528944
0.5009617805
0.5778201818
0.5233651400
0.5081210136
0.4546081722
0.5366244316
0.5366513729
0.3685386777
0.4350401163
0.4642030597
0.4677547216
0.4867952466
0.4515309036
0.4856752455
0.4812498093
0.5618248582
0.4114778042
0.5962727666
0.5620794892
0.5205640197
0.5635906458
0.5456713438
0.4516584873
0.4654629529
0.4421230555
0.5866957307
0.5319476724
0.5086026192
0.5616038442
0.4950198531
0.5361954570
0.5332317352
0.4146600366
0.4519265592
0.4868862927
0.4553492367
0.4633647203
0.5091758966
0.5455880165
0.3666360974
0.5290865898
0.4176044464
0.4493439496
0.5084135532
0.4752199054
0.4525417089
0.4470920861
0.4825118482
0.4767814875
0.3738500774
0.4453020990
0.4356428087
0.4796332121
0.5705948472
0.4869930148
0.4725523293
0.4944180846
0.5013061762
0.5085375309
0.5180128217
0.5956759453
0.5336551666
0.4569955468
0.5236999393
0.6057713032
0.5308001637
0.5424370766
0.5211744905
0.5307039022
0.4914860129
0.4175572097
0.4798841178
0.4822821319
0.5019595027
0.5678524375
0.5227876902
0.5202109218
0.4714195132
0.5229176879
0.5252220631
0.5651605129
0.5765129328
0.5490878820
0.4515868723
0.5522989631
0.4727756083
0.3742935359
0.5002760291
0.4916504025
0.4509203732
0.5922561884
0.5649216175
0.3923676014
0.4967179298
0.5413497686
0.5602275729
0.4779400826
0.4230571389
0.4352915585
0.5142430663
0.4277587533
0.6247439384
0.4772959948
0.5485560298
0.5721671581
0.4856001735
0.4438006580
0.4908536971
0.4637800753
0.5072137117
0.5657987595
0.5092778802
0.4085001051
0.5297094584
0.5346947312
0.4905220866
0.4651455283
0.5356932878
0.4741640091
0.5634762049
0.5331522226
0.4521327913
0.5376998186
0.4442230761
0.5302972794
0.5688455105
0.4387075901
0.5777351856
0.5405253768
0.4327143431
0.5066961646
0.5153083205
0.4686889946
0.5362085700
0.5080628395
0.4923424423
0.5204240084
0.5577137470
0.5943894386
0.5813019872
0.5074475408
0.5035272837
0.5380213261
0.5356678963
0.5173140764
0.4678229094
0.4555807114
0.5067982078
0.5033573508
0.5455844402
0.4968000054
0.5475291014
0.5349885225
0.5195286870
0.5237598419
0.5263766050
0.4772573411
0.4855443835
0.5595042706
0.5335029364
0.4671441913
0.5437422395
0.4896153808
0.4564079642
0.4434896111
0.5950291753
0.5226291418
0.4491696954
0.4890322983
0.5003163218
0.4921044111
0.4511535168
0.4650817811
0.5329557061
0.4786270559
0.5487976074
0.4949598312
0.4409183264
0.4711162448
0.5070353746
0.4382256866
0.4020250738
0.4738918245
0.4399919510
0.4658870995
0.4638594985
0.5102989674
0.4875065982
0.4902384877
0.5267437696
0.5482985377
0.3964960277
0.5188571215
0.6025572419
0.4426860213
0.5398430824
0.4546099007
0.5617034435
0.4574467838
0.5787169933
0.6314674020
0.5259202123
0.5835340619
0.4467312694
0.4226694405
0.5207670331
0.4972693920
0.4582926035
0.5345146656
0.4422309399
0.4023659527
0.5473473072
0.5659074187
0.5789659023
0.5205051899
0.4658783972
0.5681419373
0.5380983949
0.4462027252
0.5178864598
0.5260297656
0.4904082417
0.4561095238
0.4492178559
0.4838457108
0.4974740744
0.5422976613
0.6166361570
0.4968596697
0.4573087096
0.4277123809
0.4692781866
0.5166512728
0.4347648919
0.4651671350
0.4239797592
0.5025641322
0.4264870882
0.5394866467
0.4980151951
0.5185517073
0.4642345309
0.5624343753
0.4469097853
0.4549198449
0.4377051592
0.5406212211
0.4837974906
0.4180374444
0.5013138056
0.5321311355
0.4484547973
0.4449650347
0.4843544066
0.4246049225
0.4258162081
0.4382890463
0.5805867314
0.4895266593
0.4874871373
0.4750274420
0.4408584833
0.4909639657
0.4849929512
0.5320380330
0.5055985451
0.4769002199
0.5932882428
0.5887756944
0.4061922431
0.4698246121
0.4674279392
0.5121300817
0.4733534455
0.4749425948
0.5537214875
0.5905306339
0.5784230232
0.4931232631
0.4957709014
0.4602558315
0.4483081996
0.5202326179
0.4235824943
0.5868262649
0.4224964380
0.5272357464
0.4777808785
0.4608897567
0.5295326114
0.5800606012
0.4919320643
0.4305466712
0.4776385128
0.4424719512
0.5482683778
0.5093054771
0.4719701111
0.4385594130
0.3582575917
0.4768923819
0.4859755635
0.4987477362
0.4867404103
0.5177891254
0.4904111624
0.4899281561
0.5484426618
0.6011905670
0.5218724012
0.4823929965
0.5825573206
0.4416107237
0.4701045752
0.5179211497
0.5084143877
0.3988546729
0.4096753895
0.4622842073
0.4558002651
0.4963116050
0.4108877182
0.4749065936
0.5469657779
0.4991778135
0.3929791451
0.4421074688
0.5575686693
0.4607225060
0.5414326191
0.4933555424
0.5464245677
0.5048171282
0.5400229692
0.5220297575
0.5707807541
0.5315522552
0.5726417303
0.4876857102
0.4759901464
0.5561810136
0.5149521232
0.5017095208
0.6072936058
0.5231528878
0.5238754749
0.5614683032
0.5313667059
0.4648368359
0.5086786151
0.5443654060
0.4481868446
0.5751826763
0.5571447015
0.5919408798
0.5664839745
0.4819226861
0.4362633824
0.5247445107
0.4480462074
0.5326856971
0.5034211874
0.5372481346
0.4945605695
0.5564164519
0.5360335708
0.4501277506
0.4899022877
0.5030157566
0.5324670076
0.5513835549
0.5284292698
0.4419682920
0.3979245126
0.4742046893
0.3965316415
0.5420824885
0.5087808371
0.5010566711
0.5776366591
0.4909577072
0.5420536399
0.4360429347
0.4989856482
0.5319217443
0.5312995911
0.4351785183
0.4295945764
0.5745398998
0.4275310338
0.5055919886
0.5183840990
0.4869819880
0.5341864824
0.5114287734
0.4966794848
0.4800499082
0.4534385204
0.4924106598
0.4959813058
0.5122005343
0.4570348561
0.5110751390
0.4856110811
0.5739792585
0.4732955098
0.4764383733
0.4569201469
0.3708536625
0.4627555013
0.4871314764
0.4586328864
0.4138510525
0.4919243455
0.4722739756
0.5084968805
0.4918521643
0.5031971931
0.4829913676
0.5087686777
0.4602841437
0.4666175842
0.5120594501
0.4294659793
0.4808246791
0.5641868114
0.5005779266
0.4833818376
0.4557340741
0.4563423395
0.4410735965
0.4481631219
0.5401563644
0.4599439204
0.5098181963
0.4814819098
0.5250810385
0.5220245719
0.5596897006
0.4608833194
0.4265557528
0.5837131739
0.4615837038
0.4464685619
0.5100691915
0.5225889683
0.4356838465
0.4505030513
0.4534609318
0.5525367260
0.4681905210
0.5937590003
0.4390185177
0.6103446484
0.4933802485
0.3604869246
0.4698927701
0.5402125120
0.5229308009
0.5489622951
0.4077506661
0.4901453257
0.5396769643
0.4414246976
0.5952639580
0.5276105404
0.4769683480
0.5104498267
0.4586299062
0.5076690316
0.4946074188
0.5188519359
0.4945030510
0.4641805291
0.5881609917
0.5480749011
0.5016299486
0.5698812604
0.4703970253
0.5671905875
0.4607557058
0.5593844652
0.5099741220
0.5004127622
0.6025137305
0.5168493390
0.4364368320
0.5435267091
0.4302699566
0.4874816239
0.4981601834
0.4457521439
0.4822894037
0.4694676697
0.3468019366
0.5943725705
0.5014210939
0.4646484554
0.5453346372
0.3964805007
0.5541968942
0.5024412274
0.5528340340
0.5251206160
0.6068210602
0.5885374546
0.6030059457
0.5043952465
0.4669302106
0.5587126613
0.5459874272
0.4655015469
0.4146222174
0.4843248725
0.4974274635
0.5512345433
0.5008537173
0.4882605672
0.5239386559
0.5164207220
0.5614691973
0.4658320844
0.4110593200
0.5082305670
0.5789605379
0.4909138083
0.5581462383
0.4441939890
0.4666410089
0.5201005340
0.5335784554
0.4122067094
0.6302432418
0.5017566681
0.4380145967
0.5165211558
0.5156805515
0.4872310162
0.5573990941
0.4215871096
0.5068222284
0.5702850223
0.4912108779
0.5937874317
0.4335503578
0.5449287295
0.5774914026
0.4870171249
0.4932472110
0.4531169236
0.4727543890
0.4560974836
0.4761189222
0.4560480118
0.5080835819
0.5359501839
0.5362812281
0.5814030170
0.4481332004
0.5148289800
0.5797545314
0.5179619193
0.5588672161
0.5455327034
0.4229329824
0.5111078620
0.4128958583
0.5436744690
0.4133215845
0.5046172142
0.5320485830
0.4357067347
0.4167139530
0.5056958199
0.4811257720
0.5192313194
0.4635928869
0.5074247122
0.4933590293
0.5197309852
0.5249260068
0.5301303864
0.5638827085
0.5419255495
0.5349572897
0.5401386619
0.5232595205
0.4686198533
0.5071359873
0.5030516982
0.5323902369
0.5381681323
0.6342328787
0.5593218803
0.4234452546
0.4560452700
0.5278182626
0.5978569388
0.4891138673
0.4464093149
0.4697492421
0.4930085838
0.4596380293
0.4896439910
0.5312878489
0.5540513396
0.4418035150
0.4943990707
0.4904628396
0.5762942433
0.5109139085
0.5056567192
0.4513046145
0.5409273505
0.5393797159
0.3709308803
0.4360671639
0.4577210546
0.4785677493
0.4817375839
0.4454307556
0.4899542332
0.4889095128
0.5479736328
0.4189466834
0.6065504551
0.5530258417
0.5203399658
0.5605942011
0.5483493805
0.4567754567
0.4583836794
0.4498957992
0.5729185939
0.5257608294
0.5034068823
0.5620530248
0.4934519827
0.5259994864
0.5259214640
0.4176522195
0.4502383769
0.4811403453
0.4647431970
0.4552015662
0.5096200705
0.5460526943
0.3839555383
0.5288591385
0.4195585251
0.4538672864
0.5095532537
0.4751456082
0.4514350593
0.4554315507
0.4858534634
0.4806071818
0.3832536042
0.4500142932
0.4558120966
0.4982473850
0.5531842709
0.4829597175
0.4668300152
0.4977629483
0.5002175570
0.5142025352
0.5225627422
0.5895078778
0.5266959667
0.4592306316
0.5217351317
0.5964815617
0.5296107531
0.5447360277
0.5429273844
0.5348545313
0.4895021617
0.4327589869
0.4897650778
0.4976622760
0.5018529892
0.5649055243
0.5204487443
0.5126393437
0.4724264741
0.5130395293
0.5309754014
0.5579226613
0.5707746744
0.5401473641
0.4495660365
0.5438862443
0.4765281081
0.3748031259
0.5028647184
0.4819632173
0.4601048827
0.5764557123
0.5600414872
0.3912128210
0.5002118945
0.5318078995
0.5558347106
0.4716878533
0.4290006757
0.4440452754
0.4904526770
0.4376723170
0.6118374467
0.4818637371
0.5510294437
0.5708631873
0.4911797345
0.4399960041
0.4962598979
0.4898795784
0.5028877854
0.5667145252
0.5069466829
0.4053590298
0.5299458504
0.5254989266
0.4872532487
0.4721370935
0.5249565244
0.4715507329
0.5519880652
0.5431556702
0.4470308125
0.5378873944
0.4452241361
0.5286386013
0.5667564273
0.4383194745
0.5737682581
0.5310024619
0.4448035955
0.5091664791
0.5077885985
0.4715743065
0.5288239121
0.5122532248
0.4967019856
0.5273375511
0.5421449542
0.5917311311
0.5677053928
0.5250015855
0.5228354931
0.5427885652
0.5400218368
0.5073655844
0.4645036459
0.4496009946
0.4974297583
0.5072211623
0.5344288349
0.5069421530
0.5546040535
0.5381141901
0.5350688100
0.5203901529
0.5276533961
0.4700619280
0.4872197807
0.5591617227
0.5324779153
0.4663550556
0.5386548638
0.4944425225
0.4484343529
0.4491192400
0.6155341268
0.5310982466
0.4292226732
0.4926786721
0.5119422078
0.4901356101
0.4645515978
0.4708934128
0.5237836242
0.4597281814
0.5376171470
0.4906448722
0.4455202222
0.4768503904
0.5097463131
0.4367429018
0.3966359198
0.4908662736
0.4285272658
0.4755664468
0.4763254821
0.5074345469
0.4748303890
0.4782822430
0.5176420808
0.5548219681
0.4052431583
0.5138093829
0.6028470993
0.4473339915
0.5502058268
0.4520483315
0.5827981234
0.4560722113
0.5878787637
0.6283749342
0.5277122259
0.5932123661
0.4460744560
0.4162025452
0.5333859324
0.5007457137
0.4628047943
0.5268520117
0.4412498176
0.3897395134
0.5539564490
0.5696798563
0.5959519148
0.5138803720
0.4738927186
0.5537343621
0.5430759192
0.4479020834
0.5303153992
0.5203655958
0.4850770533
0.4546793103
0.4522982836
0.4777813554
0.4999780059
0.5528974533
0.6235923767
0.4946919382
0.4532655180
0.4360862374
0.4632048309
0.5070239305
0.4394230545
0.4785902500
0.4126585126
0.5026867986
0.4190317392
0.5440185070
0.5178754330
0.5169753432
0.4654447436
0.5708636642
0.4461047351
0.4564294219
0.4253224730
0.5442322493
0.4948939085
0.4190872908
0.5072685480
0.5249426365
0.4445717335
0.4299139380
0.4740513265
0.4170193374
0.4079741240
0.4365742207
0.5827970505
0.4921901524
0.5028499961
0.4745007753
0.4401004612
0.4818465412
0.4743299484
0.5295125842
0.5121074915
0.4842297137
0.5874567628
0.6083958745
0.4012426734
0.4750053287
0.4711320400
0.5089367032
0.4749217629
0.4618711174
0.5570809245
0.5923656225
0.5749861002
0.5084891319
0.5020688772
0.4577202499
0.4428408742
0.5235888958
0.4199591279
0.5885320902
0.4130553007
0.5254116654
0.4727678597
0.4505075812
0.5347683430
0.5830839872
0.5001935959
0.4375796318
0.4661184549
0.4302257597
0.5546958447
0.5178634524
0.4662418664
0.4212979078
0.3477585018
0.4615087509
0.4948554635
0.5085936189
0.4906320572
0.5192968249
0.4838109016
0.4832764864
0.5624554157
0.5947891474
0.5161494017
0.4903964698
0.5868557692
0.4579369724
0.4666155577
0.5168208480
0.4943089187
0.3934908807
0.4059763551
0.4648262858
0.4706408083
0.5105541945
0.3940488100
0.4783359468
0.5374510288
0.5091810822
0.4034134150
0.4306846261
0.5646035671
0.4573137164
0.5521078706
0.4839953184
0.5467386246
0.5209883451
0.5469467044
0.5355204344
0.5785744190
0.5434105396
0.5759471655
0.4791099727
0.4740071297
0.5474802256
0.5242478848
0.5041509867
0.6158755422
0.5161963105
0.5285508633
0.5593730211
0.5420526266
0.4683593810
0.5067425966
0.5516915917
0.4390339255
0.5773043633
0.5507624149
0.5943011045
0.5641905069
0.4578996897
0.4387199879
0.5457036495
0.4301730990
0.5304386616
0.5130165815
0.5368285775
0.4817979336
0.5581449270
0.5489555597
0.4466609359
0.4826960564
0.4948978424
0.5273172855
0.5584922433
0.5192807913
0.4471277297
0.3902340531
0.4756734967
0.3917427063
0.5539503098
0.5035027266
0.5130335093
0.5849185586
0.4884962142
0.5375275612
0.4357895553
0.4886657000
0.5285049677
0.5263084173
0.4333496690
0.4097403884
0.5645666718
0.4393504858
0.5062842369
0.5195590854
0.4871902168
0.5229237080
0.5107039809
0.4931817651
0.4853064418
0.4570784867
0.4965556562
0.5029048324
0.5148593187
0.4550626576
0.5283985734
0.4979556203
0.5755504370
0.4695964456
0.4784695208
0.4560086727
0.3761739135
0.4701148272
0.4949733615
0.4573128223
0.4176752269
0.4943839908
0.4803953767
0.5081876516
0.4990352988
0.5007186532
0.4919612408
0.4990634620
0.4569095075
0.4548006058
0.5024052262
0.4266010225
0.4739128053
0.5704584718
0.5033239126
0.4664949775
0.4531038105
0.4611955285
0.4454952776
0.4469863176
0.5371745229
0.4790477157
0.5079421997
0.4928892553
0.5274369121
0.5212352872
0.5703800917
0.4588424563
0.4146651030
0.6032254696
0.4525188208
0.4502074420
0.4846205413
0.5169217587
0.4523110986
0.4517398477
0.4598867893
0.5417213440
0.4524644315
0.6026844978
0.4447054863
0.6251492500
0.4904433489
0.3718160987
0.4717848897
0.5349472165
0.5149963498
0.5577647090
0.4142147303
0.5101480484
0.5293142200
0.4417378306
0.6026152968
0.5364024639
0.4734629691
0.5053718686
0.4615657926
0.5169873834
0.4961055219
0.5303262472
0.4913827777
0.4770907462
0.5993613601
0.5441811681
0.4940219522
0.5813766718
0.4794895649
0.5644314885
0.4536742568
0.5627770424
0.5236120224
0.4952836037
0.6164787412
0.5197504759
0.4265885949
0.5364255309
0.4357649088
0.4929875731
0.5027301311
0.4438705146
0.4845223427
0.4718333483
0.3301497400
0.6117745638
0.4855980277
0.4710290432
0.5545246601
0.4132063687
0.5519059300
0.5014224052
0.5354289412
0.5291371942
0.6177933812
0.5856550932
0.6093565822
0.5037999153
0.4687005877
0.5353676081
0.5464569330
0.4548015893
0.4236756563
0.4823175073
0.4889380336
0.5643342733
0.5025094151
0.4961515963
0.5253624320
0.5179492831
0.5563667417
0.4720353782
0.3929420710
0.5048768520
0.6046137810
0.4853228927
0.5537227988
0.4398006499
0.4635918140
0.5152928233
0.5499496460
0.3958028555
0.6390498281
0.5068916678
0.4401140213
0.5280001760
0.5213350654
0.4737966359
0.5610024333
0.4149389863
0.5122849345
0.5569207668
0.4814665616
0.5989065170
0.4333773553
0.5574834347
0.5772641301
0.4940905571
0.5018194914
0.4477887154
0.4653457105
0.4538775384
0.4623175263
0.4667563736
0.4978861213
0.5274580121
0.5554905534
0.5949820280
0.4372274280
0.5166673660
0.5648252964
0.5145568252
0.5482071042
0.5399568081
0.4189873338
0.5125405788
0.4011880457
0.5635780692
0.3979040980
0.4904506207
0.5301997066
0.4193208218
0.4101449251
0.5111672282
0.4863821566
0.5136432648
0.4613281786
0.5069820285
0.4870332181
0.5165093541
0.5425679088
0.5398263931
0.5872194767
0.5455806851
0.5466876626
0.5551193357
0.5244432688
0.4671301842
0.5032037497
0.5202816129
0.5426663160
0.5379018188
0.6423095465
0.5548142195
0.4203171134
0.4612633884
0.5384540558
0.6015495658
0.4932091832
0.4398080707
0.4728922248
0.4976044595
0.4708845913
0.4739178121
0.5384125710
0.5411759019
0.4430871010
0.5010483265
0.4986933768
0.5673766136
0.5261337161
0.5125125051
0.4610358775
0.5316061378
0.5400627851
0.3731142282
0.4411969781
0.4628833234
0.4640108347
0.4858829081
0.4570860565
0.4822476506
0.4786504507
0.5663806796
0.4165152311
0.6003660560
0.5662775040
0.5217964649
0.5538296700
0.5361153483
0.4570274055
0.4727004468
0.4446372986
0.5814910531
0.5319174528
0.5050218701
0.5721042156
0.4852217138
0.5399839878
0.5369657278
0.4290907979
0.4558494985
0.4830590189
0.4522377849
0.4638429880
0.5125505924
0.5465008020
0.3708389699
0.5360539556
0.4293534756
0.4530942142
0.5045747757
0.4711068869
0.4598553777
0.4376685321
0.4796946049
0.4810382724
0.3736540079
0.4411346316
0.4288749397
0.4817023277
0.5670463443
0.4864804149
0.4714422524
0.4886185229
0.5044158697
0.5111842752
0.5125082731
0.5781836510
0.5372878313
0.4557370543
0.5231375694
0.6028248668
0.5236759186
0.5358490944
0.5232485533
0.5372387767
0.4864535034
0.4217543006
0.4823188484
0.4808699787
0.5025930405
0.5664871931
0.5164692402
0.5182038546
0.4740008712
0.5153902173
0.5256367922
0.5613569617
0.5777673125
0.5520589352
0.4485703111
0.5462225080
0.4637020826
0.3758230507
0.4993200302
0.4860649407
0.4500224590
0.5901994705
0.5689642429
0.3932694793
0.5029364824
0.5249183774
0.5540623665
0.4774183929
0.4285452068
0.4405453801
0.5140371323
0.4241583049
0.6153451204
0.4817067981
0.5520497561
0.5713074803
0.4879459441
0.4530182779
0.5001858473
0.4574096203
0.5132042170
0.5531174541
0.5121418834
0.3986929357
0.5319915414
0.5327810645
0.4865051806
0.4605357051
0.5387934446
0.4718877077
0.5576843619
0.5311947465
0.4567051232
0.5328503251
0.4465482831
0.5417424440
0.5679927468
0.4355747998
0.5792117119
0.5452049375
0.4320213497
0.5023186207
0.5143717527
0.4622502029
0.5338715315
0.5114280581
0.4929971397
0.5228504539
0.5540288687
0.5869038105
0.5865876675
