0.9998283386
0.9995355010
0.9994405508
0.9998319149
0.9997809529
0.9998077154
0.9997369051
0.9998294711
0.9997648001
0.9997512698
0.9997761846
0.9998133183
0.9996613860
0.9995822906
0.9997828007
0.9998729229
0.9998644590
0.9997243881
0.9998362064
0.9997774959
0.9998751879
0.9997770786
0.9996947050
0.9997026920
0.9996459484
0.9997931719
0.9998028874
0.9998141527
0.9998568892
0.9995632172
0.9996852875
0.9997104406
0.9996480346
0.9997749925
0.9997072220
0.9996258020
0.9998046160
0.9996442795
0.9996925592
0.9994169474
0.9996663928
0.9998071790
0.9995943308
0.9996652603
0.9997164011
0.9997098446
0.9997428656
0.9996713400
0.9997701049
0.9998420477
0.9997435808
0.9996170998
0.9996539354
0.9998531342
0.9998368025
0.9996638894
0.9996005297
0.9997923374
0.9996534586
0.9998399019
0.9997519255
0.9998004436
0.9998182058
0.9997218847
0.9996314049
0.9996204376
0.9998465776
0.9995571375
0.9997071028
0.9995144010
0.9997346997
0.9996898770
0.9997769594
0.9998770356
0.9998171329
0.9995239973
0.9995808601
0.9998408556
0.9997935295
0.9997265339
0.9998125434
0.9998089075
0.9997287989
0.9998297095
0.9998451471
0.9998360872
0.9995566607
0.9997162819
0.9998198748
0.9998223782
0.9996181726
0.9996920824
0.9997489452
0.9996643662
0.9995081425
0.9995253086
0.9996259212
0.9998304844
0.9997121692
0.9997127652
0.9997172356
0.9995784760
0.9997113943
0.9998191595
0.9997776747
0.9997352362
0.9996690750
0.9996550083
0.9998772144
0.9997977018
0.9998499751
0.9995831251
0.9997574091
0.9996450543
0.9998372793
0.9995973110
0.9997000694
0.9998593330
0.9998101592
0.9998477697
0.9997493029
0.9998098612
0.9998059273
0.9997317791
0.9996837378
0.9997870922
0.9997409582
0.9997563362
0.9998866916
0.9997904301
0.9996196032
0.9997619390
0.9997994304
0.9996394515
0.9996318221
0.9997012019
0.9997787476
0.9997111559
0.9998011589
0.9995839596
0.9996861219
0.9997160435
0.9997352958
0.9995752573
0.9997910857
0.9996197820
0.9995241761
0.9998819828
0.9996569157
0.9996925592
0.9997127652
0.9998525381
0.9997013807
0.9997242689
0.9997155666
0.9997588992
0.9997756481
0.9997091293
0.9997524023
0.9997396469
0.9997032285
0.9997786283
0.9995667338
0.9998303056
0.9996618032
0.9997510910
0.9997797012
0.9996633530
0.9994689226
0.9996556044
0.9995305538
0.9997098446
0.9996401668
0.9998019934
0.9996762276
0.9996480942
0.9997938275
0.9997761250
0.9996787310
0.9997736812
0.9997339249
0.9996284246
0.9996926785
0.9997817278
0.9997432232
0.9995819926
0.9996585250
0.9997491837
0.9997052550
0.9996964335
0.9998368621
0.9996628761
0.9997000694
0.9993892908
0.9997885823
0.9998084307
0.9997633100
0.9997972250
0.9997001290
0.9995170832
0.9997084141
0.9996826649
0.9998035431
0.9997193217
0.9996663332
0.9996110201
0.9998767376
0.9996364117
0.9995684624
0.9997893572
0.9996709824
0.9997411370
0.9996249676
0.9998155832
0.9999241829
0.9995995760
0.9998224378
0.9998331070
0.9998167753
0.9998010397
0.9997336864
0.9998492002
0.9997498393
0.9998081923
0.9997549057
0.9998399019
0.9996892214
0.9998176694
0.9998418093
0.9998824596
0.9996283054
0.9998080730
0.9998184443
0.9997119308
0.9996507168
0.9998939037
0.9996302128
0.9997770786
0.9998682737
0.9997323155
0.9998487234
0.9998072386
0.9997027516
0.9998459816
0.9998729229
0.9997062683
0.9997029305
0.9998040199
0.9997141361
0.9996865988
0.9995808601
0.9997551441
0.9997042418
0.9997120500
0.9998115897
0.9998142719
0.9997413158
0.9996348619
0.9997977018
0.9997893572
0.9997246861
0.9995996356
0.9997425079
0.9997836351
0.9997193217
0.9997689724
0.9998179078
0.9995073080
0.9996802807
0.9997422695
0.9998655319
0.9998160601
0.9998405576
0.9996912479
0.9997566938
0.9997582436
0.9997681975
0.9996699691
0.9998432398
0.9997972250
0.9997085333
0.9997324347
0.9997963905
0.9997488260
0.9998242855
0.9997293353
0.9998488426
0.9996259212
0.9997972250
0.9998061061
0.9998404980
0.9997249246
0.9998425841
0.9997341633
0.9998099208
0.9997013807
0.9997388124
0.9995942712
0.9998416901
0.9997893572
0.9997957945
0.9996371269
0.9997981787
0.9997279644
0.9996602535
0.9998791218
0.9998224378
0.9997484684
0.9997777939
0.9997684360
0.9998121858
0.9998091459
0.9998130798
0.9998034239
0.9997974038
0.9998490810
0.9998865128
0.9997774363
0.9997933507
0.9998414516
0.9998096824
0.9997959137
0.9998021126
0.9997699261
0.9997847080
0.9998080730
0.9997671843
0.9997807741
0.9998007417
0.9998316765
0.9997555614
0.9998402596
0.9998158216
0.9998314381
0.9997922778
0.9998626709
0.9997584820
0.9995772839
0.9996801615
0.9997245669
0.9997271895
0.9997277260
0.9997829795
0.9996582270
0.9998362064
0.9998708963
0.9998283386
0.9996259212
0.9998729229
0.9997968078
0.9996589422
0.9997657537
0.9998329878
0.9998840690
0.9997490644
0.9998025894
0.9996591210
0.9997842312
0.9998038411
0.9998663664
0.9997531176
0.9998176098
0.9998230934
0.9996262789
0.9997488260
0.9997181892
0.9998899102
0.9998529553
0.9996420741
0.9996752739
0.9996380806
0.9997505546
0.9997193813
0.9996812940
0.9998924732
0.9998154640
0.9997020960
0.9997054338
0.9996458888
0.9997190833
0.9998433590
0.9998644590
0.9997770190
0.9998087287
0.9997618198
0.9996546507
0.9997597933
0.9997592568
0.9998196959
0.9998313785
0.9996743798
0.9997539520
0.9997339249
0.9997681975
0.9998160601
0.9997282028
0.9993667603
0.9997462630
0.9997562170
0.9998341799
0.9995871782
0.9997009039
0.9998158216
0.9997453690
0.9998421669
0.9996136427
0.9997735620
0.9997807145
0.9998849034
0.9997100234
0.9997081757
0.9996625781
0.9997366667
0.9997990131
0.9997618198
0.9997819662
0.9997027516
0.9997533560
0.9997823238
0.9997240901
0.9997905493
0.9997857213
0.9997992516
0.9997846484
0.9997974634
0.9995670319
0.9998012781
0.9998229742
0.9998495579
0.9996963739
0.9996901155
0.9997880459
0.9995800853
0.9997555017
0.9998409748
0.9996767044
0.9997326136
0.9998782277
0.9997642636
0.9998534918
0.9997183681
0.9998118877
0.9997283220
0.9998394251
0.9997870922
0.9996803999
0.9997895360
0.9997620583
0.9998542070
0.9996191263
0.9993795753
0.9998332262
0.9997831583
0.9998142719
0.9996712208
0.9997534156
0.9997180700
0.9996854663
0.9997735023
0.9997870922
0.9996410608
0.9997496009
0.9997652173
0.9998303652
0.9998713732
0.9997555017
0.9997879863
0.9997361898
0.9999048710
0.9997465611
0.9996091127
0.9997185469
0.9997003078
0.9998242855
0.9997512102
0.9996733665
0.9997977614
0.9996178150
0.9994759560
0.9997646809
0.9994547367
0.9997146726
0.9997212291
0.9995390773
0.9997357130
0.9996269941
0.9996106625
0.9993709326
0.9997336864
0.9998030066
0.9996518493
0.9996215105
0.9997268319
0.9996422529
0.9996879697
0.9997131824
0.9997643232
0.9998335242
0.9997793436
0.9995102286
0.9996890426
0.9998306036
0.9998296499
0.9995366335
0.9994849563
0.9997647405
0.9996016026
0.9998234510
0.9997601509
0.9997839928
0.9997785091
0.9997816682
0.9995384216
0.9996348619
0.9998594522
0.9995453954
0.9997488260
0.9997059703
0.9997564554
0.9996923208
0.9996877313
0.9998600483
0.9998332262
0.9995406866
0.9996415377
0.9997861385
0.9997632504
0.9997525215
0.9996816516
0.9997805357
0.9995948076
0.9998015165
0.9998399019
0.9998221993
0.9995874166
0.9997281432
0.9997941256
0.9998311996
0.9995086193
0.9996358156
0.9998224378
0.9996829033
0.9994090796
0.9995195866
0.9997146130
0.9997756481
0.9995938540
0.9997109175
0.9997903705
0.9995596409
0.9997515678
0.9997384548
0.9997652173
0.9997927547
0.9996418953
0.9997450709
0.9998909235
0.9997795820
0.9998126626
0.9996945262
0.9997464418
0.9996516705
0.9998127818
0.9996860027
0.9997745752
0.9998670816
0.9997369051
0.9997016191
0.9995517731
0.9997986555
0.9998046160
0.9997730851
0.9997123480
0.9998004436
0.9997449517
0.9997254014
0.9998664856
0.9997541308
0.9996961951
0.9995829463
0.9997987747
0.9996668100
0.9997785687
0.9997773170
0.9997600317
0.9997489452
0.9998028278
0.9995790124
0.9996131659
0.9997746348
0.9996759892
0.9996795654
0.9996699691
0.9996744990
0.9996862411
0.9998839498
0.9995292425
0.9996964335
0.9997059107
0.9998867512
0.9997508526
0.9997563362
0.9996904135
0.9997034669
0.9997777939
0.9997419119
0.9997974634
0.9996771812
0.9997434616
0.9998245239
0.9994896650
0.9997307062
0.9997490644
0.9996166825
0.9996818900
0.9995973706
0.9995770454
0.9996104240
0.9996295571
0.9997441769
0.9997568130
0.9998455644
0.9997142553
0.9996353388
0.9997525215
0.9997451305
0.9997746944
0.9998184443
0.9997422695
0.9997547865
0.9997040033
0.9997732639
0.9997609854
0.9997395873
0.9997440577
0.9998021126
0.9997168183
0.9997973442
0.9998238683
0.9996165633
0.9997320175
0.9996467233
0.9998146296
0.9998062253
0.9998466969
0.9997625351
0.9997014999
0.9995654225
0.9997789860
0.9997260571
0.9997500181
0.9997015595
0.9997445345
0.9996783733
0.9998392463
0.9996811152
0.9996565580
0.9997073412
0.9996702671
0.9998198152
0.9997247458
0.9997954369
0.9998927116
0.9996922016
0.9998017550
0.9998393655
0.9997975230
0.9998214245
0.9997726083
0.9998283982
0.9997284412
0.9998012781
0.9997112155
0.9998496771
0.9997934103
0.9998339415
0.9998365641
0.9998790026
0.9996913671
0.9998295307
0.9998371601
0.9997200966
0.9997626543
0.9998806715
0.9996989965
0.9998490810
0.9998931885
0.9997377396
0.9998868704
0.9998121262
0.9997643232
0.9998503923
0.9998787642
0.9997740984
0.9997373819
0.9997392893
0.9997749329
0.9997580051
0.9997056723
0.9997369051
0.9996672273
0.9996728897
0.9997855425
0.9998509884
0.9998346567
0.9997730255
0.9998285770
0.9997778535
0.9997466803
0.9996986389
0.9997643232
0.9997735620
0.9997689128
0.9997959137
0.9997599125
0.9996981621
0.9996470213
0.9997619987
0.9998797774
0.9998414516
0.9998466372
0.9996057749
0.9997829199
0.9997797012
0.9998041391
0.9997230172
0.9997946024
0.9997900724
0.9997782707
0.9996188879
0.9997633696
0.9997208714
0.9998209476
0.9998265505
0.9998061061
0.9997472763
0.9997796416
0.9998335838
0.9998537898
0.9996703863
0.9998091459
0.9996577501
0.9997915030
0.9997470975
0.9997175932
0.9996960759
0.9998620152
0.9998317957
0.9997519255
0.9996573925
0.9997715354
0.9997489452
0.9996480942
0.9998248816
0.9998106956
0.9998061657
0.9997559786
0.9997680187
0.9998339415
0.9998315573
0.9997763634
0.9998425841
0.9998240471
0.9998425245
0.9998527765
0.9997864962
0.9998352528
0.9998187423
0.9996988773
0.9997813702
0.9997312427
0.9997215271
0.9997456074
0.9998236895
0.9997478127
0.9997810125
0.9997378588
0.9998260140
0.9997606277
0.9998119473
0.9998401999
0.9998072386
0.9997209311
0.9998179078
0.9998434186
0.9996106625
0.9996153116
0.9997195005
0.9996941686
0.9997363091
0.9998281002
0.9996865392
0.9998126030
0.9998024702
0.9998369217
0.9997292757
0.9998540878
0.9997606277
0.9997190237
0.9997349381
0.9997788668
0.9998739958
0.9996285439
0.9998490810
0.9996718168
0.9997270107
0.9998241067
0.9998364449
0.9997445345
0.9997917414
0.9997640848
0.9997068644
0.9998106956
0.9997878075
0.9998434186
0.9998774529
0.9995819330
0.9996257424
0.9995974302
0.9997634888
0.9997191429
0.9996669292
0.9998648167
0.9997926950
0.9996455908
0.9996963143
0.9996829629
0.9997303486
0.9998489618
0.9997905493
0.9997873902
0.9998090267
0.9997314215
0.9996848106
0.9998132586
0.9997674823
0.9998593926
0.9998639822
0.9997686148
0.9996693134
0.9997947216
0.9997365475
0.9997820854
0.9996671677
0.9994997978
0.9996601343
0.9997625351
0.9998503327
0.9996709824
0.9997869730
0.9998006821
0.9997434616
0.9996837378
0.9996172190
0.9998216629
0.9997648001
0.9999090433
0.9995682240
0.9997608662
0.9996362925
0.9997327328
0.9997215271
0.9996951818
0.9997445345
0.9995983839
0.9998096228
0.9997813702
0.9996734262
0.9998136759
0.9997207522
0.9996876717
0.9997637868
0.9997510910
0.9995818138
0.9997393489
0.9998071194
0.9998783469
0.9996694922
0.9996433258
0.9997545481
0.9994678497
0.9996614456
0.9998308420
0.9996383190
0.9997469187
0.9998420477
0.9996404052
0.9997645617
0.9996536970
0.9997547865
0.9997479916
0.9998199344
0.9998223782
0.9995647073
0.9997467995
0.9997410774
0.9998487234
0.9997485280
0.9994961023
0.9998263121
0.9997354150
0.9997594357
0.9996980429
0.9996401668
0.9997563958
0.9996647835
0.9996467233
0.9997236729
0.9996249676
0.9997704029
0.9996855259
0.9997183084
0.9998813868
0.9995510578
0.9995812774
0.9994989634
0.9997999072
0.9997763038
0.9995502234
0.9996660948
0.9996149540
0.9998351932
0.9997272491
0.9996143579
0.9997420311
0.9996485710
0.9994029999
0.9995934963
0.9995683432
0.9996839762
0.9997748137
0.9995164871
0.9995182157
0.9996006489
0.9995536804
0.9996058941
0.9997400045
0.9997422099
0.9994838834
0.9995808601
0.9995931387
0.9997502565
0.9995893240
0.9996629953
0.9996537566
0.9998524189
0.9997767806
0.9994897246
0.9998264313
0.9997282028
0.9997625351
0.9995428324
0.9995802641
0.9995812178
0.9996464252
0.9997630715
0.9996510744
0.9997842312
0.9995625615
0.9998574853
0.9993252754
0.9996884465
0.9998514652
0.9996505380
0.9997437000
0.9997797012
0.9997444153
0.9997495413
0.9996082187
0.9997447729
0.9996631742
0.9997007251
0.9997329712
0.9998480082
0.9996689558
0.9997101426
0.9995605946
0.9996386170
0.9996812344
0.9996101856
0.9996938705
0.9997605085
0.9996070862
0.9997872114
0.9997041821
0.9997530580
0.9995036125
0.9996502995
0.9997285008
0.9997102022
0.9995360374
0.9995546341
0.9997215271
0.9996532202
0.9996291399
0.9995629787
0.9998251796
0.9996479154
0.9996458292
0.9997526407
0.9998642802
0.9998251200
0.9995722771
0.9997302890
0.9998285174
0.9997785091
0.9996054173
0.9997431636
0.9998081923
0.9997026920
0.9996443987
0.9997794628
0.9998053312
0.9998127222
0.9996311069
0.9993591309
0.9997283220
0.9996909499
0.9997977018
0.9997253418
0.9997823238
0.9996786714
0.9997782707
0.9997712374
0.9997781515
0.9996997118
0.9996968508
0.9994264841
0.9998283386
0.9996478558
0.9998534918
0.9998189211
0.9998079538
0.9997784495
0.9997494817
0.9996048212
0.9996296763
0.9998172522
0.9996384978
0.9996900558
0.9995318651
0.9996554852
0.9997863173
0.9998102784
0.9996298552
0.9995805025
0.9997317791
0.9998952150
0.9997289181
0.9997541308
0.9997130036
0.9998009205
0.9997003078
0.9997619390
0.9995795488
0.9995479584
0.9997198582
0.9997669458
0.9995959997
0.9996373653
0.9997798204
0.9995549917
0.9997013211
0.9995518923
0.9997378588
0.9996759892
0.9998586774
0.9996877909
0.9998195171
0.9998452663
0.9996720552
0.9996117353
0.9996271729
0.9996185303
0.9997656345
0.9997384548
0.9997676611
0.9997180104
0.9996026754
0.9997311831
0.9996663928
0.9998581409
0.9996693134
0.9998378754
0.9997637272
0.9998134375
0.9997681379
0.9996581078
0.9998015165
0.9997764826
0.9997972250
0.9997397065
0.9998723269
0.9997520447
0.9996920824
0.9997738600
0.9997941256
0.9996904731
0.9997194409
0.9997318983
0.9996464252
0.9997698069
0.9997267723
0.9997701645
0.9996985197
0.9996932745
0.9998117685
0.9998563528
0.9997724295
0.9997756481
0.9996870756
0.9998027086
0.9997977614
0.9998176098
0.9998514652
0.9997181892
0.9997776747
0.9997704029
0.9997078776
0.9997192621
0.9996584654
0.9997640252
0.9998147488
0.9998535514
0.9997373819
0.9997611046
0.9997182488
0.9996691942
0.9997988939
0.9997533560
0.9997077584
0.9997022748
0.9997467995
0.9997926950
0.9998551607
0.9997148514
0.9998718500
0.9998378754
0.9997875690
0.9998165965
0.9996959567
0.9996447563
0.9996172786
0.9996497631
0.9997065067
0.9997332692
0.9996842146
0.9996409416
0.9996662736
0.9996901751
0.9996944666
0.9998092055
0.9997500181
0.9997849464
0.9997540116
0.9997307062
0.9997313023
0.9997045994
0.9997256398
0.9997747540
0.9997218847
0.9997502565
0.9996582270
0.9996191859
0.9996840358
0.9995713830
0.9997926950
0.9998058677
0.9996704459
0.9995723963
0.9996731281
0.9997223616
0.9996784925
0.9996297359
0.9996469021
0.9996918440
0.9997344017
0.9994881153
0.9996479154
0.9995098114
0.9996583462
0.9997368455
0.9996685386
0.9996061325
0.9996669292
0.9996439219
0.9997763634
0.9996118546
0.9996944666
0.9996016026
0.9996154308
0.9997454882
0.9996848106
0.9997130036
0.9997280836
0.9995812774
0.9997062683
0.9997274280
0.9996625185
0.9996678829
0.9996012449
0.9997495413
0.9997171760
0.9996424913
0.9995970726
0.9994096160
0.9998114109
0.9997968674
0.9994585514
0.9997469187
0.9997714758
0.9997681379
0.9995460510
0.9997195005
0.9998065233
0.9996454716
0.9993962049
0.9997866750
0.9996962547
0.9997534752
0.9995484352
0.9997884035
0.9997794628
0.9996860027
0.9995895624
0.9996736050
0.9996343851
0.9996622801
0.9997179508
0.9997587204
0.9996523857
0.9997540116
0.9997724295
0.9996291995
0.9994258881
0.9997490048
0.9996136427
0.9997487664
0.9997717142
0.9995887280
0.9996477365
0.9997068048
0.9997478724
0.9996737838
0.9997220635
0.9996906519
0.9997559190
0.9996105433
0.9997488856
0.9997700453
0.9996212125
0.9998122454
0.9995568991
0.9993580580
0.9997718930
0.9997810125
0.9996656179
0.9997912645
0.9994916320
0.9997494221
0.9997439981
0.9996253848
0.9997464418
0.9997016788
0.9995315075
0.9996484518
0.9996006489
0.9995549321
0.9995955825
0.9996390343
0.9998109937
0.9996488094
0.9995341897
0.9996368289
0.9995498657
0.9996901155
0.9998010397
0.9996744394
0.9996995926
0.9997944832
0.9995300770
0.9996665120
0.9998425841
0.9997568130
0.9998329878
0.9998328686
0.9998276234
0.9996075630
0.9997844696
0.9996411204
0.9996532202
0.9996638894
0.9997162223
0.9995534420
0.9997153282
0.9997346401
0.9996268153
0.9997450113
0.9995504618
0.9997334480
0.9996153116
0.9995288849
0.9997009635
0.9997056723
0.9998764992
0.9994441867
0.9997473955
0.9994017482
0.9996446967
0.9995744824
0.9997328520
0.9997203350
0.9995678067
0.9997370243
0.9996427298
0.9995833635
0.9997909069
0.9996439219
0.9995474815
0.9995964766
0.9996615648
0.9996803403
0.9995737076
0.9997079372
0.9997863770
0.9996683598
0.9994654059
0.9996172190
0.9994932413
0.9995596409
0.9998141527
0.9996339083
0.9998285770
0.9996812344
0.9994518757
0.9997954369
0.9997006059
0.9996653795
0.9996732473
0.9997724295
0.9997731447
0.9996647835
0.9997446537
0.9994451404
0.9997960329
0.9996196032
0.9995913506
0.9997929335
0.9997394681
0.9997025132
0.9996793866
0.9997549057
0.9996886849
0.9996528625
0.9995785952
0.9997805357
0.9995696545
0.9996674657
0.9996734858
0.9995558262
0.9997719526
0.9995312691
0.9996483326
0.9993697405
0.9996591806
0.9997183084
0.9996034503
0.9996466637
0.9995989799
0.9997699261
0.9997552037
0.9995950460
0.9996560812
0.9995642900
0.9994022846
0.9995280504
0.9996534586
0.9996711016
0.9997694492
0.9994096160
0.9994069338
0.9995988607
0.9995933771
0.9996116161
0.9996573329
0.9997409582
0.9996157885
0.9995735884
0.9996163249
0.9996732473
0.9994797707
0.9995735884
0.9996271133
0.9998397231
0.9996136427
0.9995820522
0.9997134209
0.9996995926
0.9997320771
0.9995679855
0.9997019768
0.9995934963
0.9995982051
0.9997098446
0.9994385242
0.9997228384
0.9994963408
0.9997893572
0.9995217323
0.9995525479
0.9997136593
0.9996541739
0.9996091127
0.9997478724
0.9997743368
0.9996448159
0.9994988441
0.9996969700
0.9995903373
0.9997109175
0.9996594191
0.9998385906
0.9996576905
0.9997051954
0.9996282458
0.9996109009
0.9997437000
0.9995020032
0.9996078014
0.9996967912
0.9994732738
0.9997870922
0.9997270703
0.9996944666
0.9996089339
0.9997456074
0.9997149706
0.9997326732
0.9995209575
0.9995440245
0.9996498227
0.9995323420
0.9996519685
0.9995590448
0.9997348189
0.9996783733
0.9996185303
0.9997804165
0.9998672009
0.9997535944
0.9994307160
0.9995656013
0.9997720122
0.9997439981
0.9996402264
0.9996722937
0.9996474981
0.9996331334
0.9995369315
0.9996254444
0.9997420311
0.9997259378
0.9995715618
0.9994841814
0.9997549057
0.9996881485
0.9997929335
0.9996547699
0.9996843934
0.9995994568
0.9996699095
0.9996548891
0.9997367859
0.9996527433
0.9995211363
0.9996255636
0.9997665882
0.9996099472
0.9996407032
0.9997332096
0.9997354746
0.9997317791
0.9996474981
0.9996012449
0.9996017218
0.9997459650
0.9996146560
0.9995969534
0.9995722175
0.9996482134
0.9996816516
0.9996780753
0.9996630549
0.9995110035
0.9996004105
0.9998539686
0.9996539354
0.9997036457
0.9996142387
0.9997372627
0.9996963739
0.9997665286
0.9995296001
0.9996029735
0.9996373653
0.9997239113
0.9995113015
0.9996699095
0.9996844530
0.9995912313
0.9996556044
0.9996111393
0.9996535778
0.9996306896
0.9998114109
0.9996862411
0.9996911287
0.9997344017
0.9997048378
0.9995840788
0.9997080564
0.9996165037
0.9997001886
0.9996923208
0.9997434616
0.9996055365
0.9994195700
0.9996956587
0.9996140599
0.9997924566
0.9996244907
0.9996639490
0.9997597337
0.9996622801
0.9997141361
0.9995298386
0.9996563792
0.9997201562
0.9997742176
0.9996358156
0.9997885227
0.9997645617
0.9996256828
0.9997198582
0.9996886253
0.9994335175
0.9996371865
0.9996900558
0.9995024204
0.9996585846
0.9996852875
0.9997210503
0.9995350838
0.9997081161
0.9998149872
0.9997140169
0.9996223450
0.9997174740
0.9996350408
0.9995763302
0.9997804165
0.9997515082
0.9998009801
0.9995172024
0.9997456074
0.9996230602
0.9997375011
0.9996984005
0.9995945692
0.9996945262
0.9996917248
0.9997911453
0.9996182323
0.9995806217
0.9996646643
0.9993592501
0.9997242689
0.9996384382
0.9996798038
0.9995954633
0.9997004867
0.9997417927
0.9997538328
0.9996914268
0.9997264147
0.9997916222
0.9996396303
0.9997781515
0.9995514154
0.9993293285
0.9994244576
0.9995424747
0.9994938374
0.9995180368
0.9994747639
0.9994865060
0.9995332360
0.9996160269
0.9995045662
0.9996830225
0.9996581078
0.9996099472
0.9997590780
0.9997721910
0.9995403290
0.9995943308
0.9995566607
0.9995748997
0.9995934963
0.9996998310
0.9995113611
0.9995768070
0.9996739626
0.9994350672
0.9996524453
0.9996101260
0.9995623827
0.9994711280
0.9995926023
0.9996140003
0.9996047020
0.9994792342
0.9995473623
0.9996910095
0.9996909499
0.9994197488
0.9996795654
0.9994858503
0.9995105863
0.9996347427
0.9997119904
0.9994671941
0.9996305704
0.9991557598
0.9996446967
0.9996204376
0.9995301962
0.9995037317
0.9996634126
0.9996774197
0.9995779395
0.9995684028
0.9994047880
0.9993987083
0.9997553825
0.9995836020
0.9995164871
0.9994238019
0.9996402860
0.9997235537
0.9996876717
0.9995211363
0.9995140433
0.9994718432
0.9997543097
0.9996489286
0.9995288849
0.9996902943
0.9996702671
0.9997314215
0.9994944930
0.9996242523
0.9996860027
0.9995388985
0.9994422793
0.9997687340
0.9996176958
0.9996443987
0.9995879531
0.9997581244
0.9996351600
0.9995862246
0.9995658398
0.9995915294
0.9995031357
0.9995779991
0.9995601177
0.9997154474
0.9995605946
0.9997017980
0.9996620417
0.9994778633
0.9993699789
0.9997046590
0.9995084405
0.9996397495
0.9996529818
0.9994949102
0.9996480942
0.9996910095
0.9995967150
0.9994130731
0.9996730089
0.9995895028
0.9997213483
0.9994898438
0.9996931553
0.9997087717
0.9996255636
0.9996587038
0.9995747209
0.9995051026
0.9997041225
0.9997322559
0.9996093512
0.9997154474
0.9994844198
0.9996899962
0.9996066093
0.9995055795
0.9998013377
0.9995873570
0.9995103478
0.9994879961
0.9995170236
0.9995139241
0.9995523095
0.9996345043
0.9997222424
0.9996798635
0.9995561838
0.9995669723
0.9994753599
0.9996123314
0.9997211695
0.9996907711
0.9997147918
0.9997384548
0.9996182919
0.9995114803
0.9997439384
0.9997457862
0.9997073412
0.9997512698
0.9998172522
0.9994895458
0.9997295141
0.9996163845
0.9997031689
0.9996745586
0.9997938275
0.9995584488
0.9996442795
0.9996643066
0.9996533394
0.9996170998
0.9993648529
0.9996138811
0.9995455742
0.9994236827
0.9996467829
0.9996759892
0.9997859001
0.9995691776
0.9996938705
0.9994741678
0.9994927645
0.9996365309
0.9997031689
0.9997349381
0.9995741248
0.9996662140
0.9997220039
0.9996166229
0.9997669458
0.9996680021
0.9996745586
0.9996379614
0.9997097254
0.9997234344
0.9996671677
0.9997534156
0.9996331334
0.9997037649
0.9994429350
0.9996678829
0.9994550943
0.9996062517
0.9996847510
0.9996229410
0.9997068644
0.9996843934
0.9994536638
0.9998247623
0.9996169209
0.9995919466
0.9995318651
0.9997525811
0.9997056723
0.9996408224
0.9995816350
0.9993144274
0.9998584986
0.9996956587
0.9997270107
0.9998496771
0.9997781515
0.9998070002
0.9997808933
0.9998662472
0.9998031855
0.9997847676
0.9998235106
0.9998853207
0.9997183084
0.9997458458
0.9997311831
0.9996857643
0.9997920990
0.9996854067
0.9998270273
0.9996926785
0.9997569323
0.9997563362
0.9997147322
0.9997909069
0.9997300506
0.9998270273
0.9998382330
0.9997503757
0.9998422861
0.9997060895
0.9997674227
0.9996153116
0.9997869134
0.9997820258
0.9997967482
0.9996730089
0.9997437000
0.9997643232
0.9997237921
0.9997044802
0.9998030663
0.9998337030
0.9997647405
0.9997614622
0.9997489452
0.9997429848
0.9997285604
0.9996961355
0.9998000860
0.9998635054
0.9997414351
0.9997505546
0.9997438788
0.9998126030
0.9998578429
0.9997591972
0.9998615980
0.9998111725
0.9997367859
0.9998333454
0.9997009039
0.9998032451
0.9997788668
0.9997639060
0.9997303486
0.9996881485
0.9998179674
0.9997784495
0.9997246265
0.9997804165
0.9998504519
0.9997413158
0.9997732639
0.9997862577
0.9997264743
0.9998283982
0.9996716976
0.9998929501
0.9997763634
0.9998001456
0.9998182058
0.9998073578
0.9998568296
0.9997576475
0.9997820854
0.9997738600
0.9997110367
0.9998452663
0.9998122454
0.9997260571
0.9997352362
0.9998540878
0.9997287393
0.9998354912
0.9996747375
0.9996411800
0.9997873306
0.9997254014
0.9997637272
0.9998087883
0.9997637272
0.9998036623
0.9997850657
0.9998563528
0.9999033213
0.9998065233
0.9996120930
0.9997484684
0.9998368025
0.9998131394
0.9998517036
0.9997626543
0.9996945858
0.9996870160
0.9997286797
0.9996739030
0.9997485876
0.9997962713
0.9997523427
0.9997307658
0.9998351336
0.9997738600
0.9998288155
0.9997670054
0.9997741580
0.9997149706
0.9998000264
0.9997600317
0.9998525381
0.9997571707
0.9996183515
0.9997586012
0.9998422265
0.9997175932
0.9996276498
0.9997006655
0.9997705817
0.9997497797
0.9996711612
0.9997292161
0.9997411370
0.9997702241
0.9997591972
0.9997267723
0.9997547865
0.9996924400
0.9997232556
0.9997746944
0.9997874498
0.9996393919
0.9997094870
0.9998490810
0.9997578859
0.9997431040
0.9996663928
0.9997626543
0.9998122454
0.9997745752
0.9996266365
0.9997801781
0.9997202754
0.9997681379
0.9996387959
0.9998304844
0.9997648001
0.9997725487
0.9997799397
0.9998053312
0.9996612072
0.9997141361
0.9997732639
0.9997327924
0.9997766018
0.9997926354
0.9998100996
0.9996902943
0.9997435808
0.9997431636
0.9997047186
0.9997527003
0.9998326302
0.9996319413
0.9995297194
0.9997601509
0.9997621179
0.9996972680
0.9996595979
0.9996892214
0.9998059273
0.9997526407
0.9997656345
0.9995959997
0.9996715784
0.9997199774
0.9998368025
0.9998043776
0.9997644424
0.9998013973
0.9997432232
0.9996557236
0.9997791052
0.9995214939
0.9998054504
0.9997780919
0.9995334148
0.9996528625
0.9997957945
0.9997024536
0.9996610284
0.9998193383
0.9997788668
0.9996709824
0.9996728897
0.9997481108
0.9998245239
0.9996234775
0.9998121262
0.9997971058
0.9998683333
0.9996703863
0.9997255206
0.9997514486
0.9998071194
0.9998209476
0.9997500181
0.9997913241
0.9996914864
0.9998280406
0.9997594357
0.9997326136
0.9997608662
0.9994972348
0.9997743964
0.9997669458
0.9997309446
0.9997587800
0.9997963905
0.9997795224
0.9998344183
0.9998496771
0.9997243285
0.9998592138
0.9997290373
0.9998861551
0.9996590614
0.9996455908
0.9994775057
0.9996259809
0.9996502995
0.9996689558
0.9996275902
0.9996077418
0.9997693300
0.9996962547
0.9997342229
0.9997034073
0.9997129440
0.9996936321
0.9997901917
0.9997770786
0.9997288585
0.9997985363
0.9996176362
0.9997457266
0.9997794628
0.9996597767
0.9997305870
0.9996409416
0.9997121096
0.9995556474
0.9997481108
0.9997578859
0.9997047782
0.9996222258
0.9997347593
0.9996635914
0.9997346401
0.9996247888
0.9997345209
0.9998250008
0.9997385144
0.9996907711
0.9997760057
0.9996482730
0.9995837212
0.9996293783
0.9998245239
0.9996589422
0.9996412992
0.9992015958
0.9997551441
0.9997497797
0.9996749163
0.9997569323
0.9997084141
0.9996581078
0.9997457266
0.9995025396
0.9995613098
0.9996098876
0.9998652339
0.9996341467
0.9996266365
0.9995799065
0.9997531176
0.9998666048
0.9998300076
0.9996891022
0.9997146726
0.9996200800
0.9997601509
0.9996598959
0.9997324944
0.9998167753
0.9997223020
0.9998223186
0.9997787476
0.9995876551
0.9997538924
0.9996582270
0.9995911717
0.9997990131
0.9997735620
0.9997915030
0.9997471571
0.9998023510
0.9996647835
0.9997096062
0.9996776581
0.9998072982
0.9996622801
0.9997693300
0.9996619821
0.9998589754
0.9997259378
0.9997975826
0.9997928739
0.9996902943
0.9995516539
0.9997278452
0.9997307062
0.9997651577
0.9997658730
0.9998050928
0.9998398423
0.9998358488
0.9997062683
0.9995252490
0.9998313189
0.9995863438
0.9998054504
0.9997521639
0.9998703003
0.9998365045
0.9997420311
0.9997604489
0.9996875525
0.9996740818
0.9997631311
0.9997974634
0.9997051954
0.9997797012
0.9996662736
0.9997202158
0.9997425079
0.9996936917
0.9999004602
0.9997458458
0.9996451139
0.9996520877
0.9997370839
0.9996674061
0.9996937513
0.9997292757
0.9997928143
0.9997723103
0.9996910691
0.9996664524
0.9996646643
0.9997655153
0.9998260736
0.9998403788
0.9997327328
0.9998044968
0.9997718334
0.9996308088
0.9998145103
0.9998335838
0.9998342991
0.9998301268
0.9998258352
0.9997329712
0.9997776747
0.9998219013
0.9997898340
0.9997694492
0.9997811317
0.9996445179
0.9996705055
0.9997382164
0.9997682571
0.9995491505
0.9995999336
0.9997498989
0.9997795820
0.9996305704
0.9997863770
0.9997891188
0.9998860359
0.9998450279
0.9997446537
0.9997230768
0.9996765852
0.9997665882
0.9998427629
0.9997426271
0.9996387362
0.9997358918
0.9998317361
0.9997522235
0.9998499751
0.9997509718
0.9998139143
0.9997677803
0.9997918606
0.9998363256
0.9998461008
0.9998903871
0.9997941256
0.9998034239
0.9997386932
0.9998203516
0.9997096062
0.9997757673
0.9998304248
0.9997187853
0.9997884035
0.9998295307
0.9997464418
0.9998927116
0.9997894168
0.9998232126
0.9997667670
0.9997997284
0.9998263717
0.9997547269
0.9997434616
0.9996448755
0.9996086359
0.9991531372
0.9992244244
0.9996055365
0.9992241859
0.9994586706
0.9994742870
0.9997399449
0.9994314909
0.9995239973
0.9995523691
0.9997189045
0.9992231131
0.9993157387
0.9994088411
0.9995698929
0.9995727539
0.9993422031
0.9995723367
0.9994655848
0.9996472597
0.9994379282
0.9993987083
0.9994586706
0.9992601871
0.9994935989
0.9996895790
0.9995400906
0.9996584654
0.9993435144
0.9994194508
0.9990392923
0.9992087483
0.9996004701
0.9993668795
0.9992312789
0.9994277954
0.9994865656
0.9991634488
0.9990825653
0.9993333817
0.9995199442
0.9988965988
0.9994370937
0.9993985891
0.9994710684
0.9993870258
0.9994708300
0.9995367527
0.9996509552
0.9993779659
0.9990029335
0.9991619587
0.9997050762
0.9995969534
0.9994925261
0.9993008971
0.9996051788
0.9988334775
0.9995551109
0.9993706942
0.9992965460
0.9995713830
0.9994432926
0.9993960857
0.9990688562
0.9995714426
0.9992045164
0.9992605448
0.9988756180
0.9996415973
0.9989762902
0.9993263483
0.9996261001
0.9995251894
0.9991410971
0.9990820885
0.9994903803
0.9996445179
0.9994839430
0.9995902777
0.9993712902
0.9994857907
0.9995530844
0.9995657802
0.9995950460
0.9990265369
0.9991885424
0.9996839762
0.9994556904
0.9989261627
0.9994289875
0.9992637634
0.9995269775
0.9987527132
0.9991904497
0.9993368387
0.9994854927
0.9991084933
0.9995514154
0.9992641211
0.9989466667
0.9994204044
0.9995098710
0.9996306896
0.9992460012
0.9992619753
0.9992748499
0.9996440411
0.9995099306
0.9997026324
0.9991819859
0.9990272522
0.9987329245
0.9995239377
0.9989022017
0.9991032481
0.9994874001
0.9996953607
0.9996041656
0.9992731810
0.9995169640
0.9995422363
0.9994368553
0.9991590977
0.9994567633
0.9995446205
0.9990912676
0.9996941090
0.9993932843
0.9992107153
0.9996056557
0.9993515611
0.9991924167
0.9987956285
0.9991052151
0.9994614124
0.9993167520
0.9994623065
0.9993060827
0.9991759062
0.9993911386
0.9994260669
0.9984892607
0.9995058775
0.9992190003
0.9993072748
0.9991693497
0.9989454746
0.9992780685
0.9992471933
0.9997751713
0.9991787672
0.9992884398
0.9992502928
0.9994527102
0.9994074106
0.9993025661
0.9992568493
0.9993541241
0.9993002415
0.9994162917
0.9989398718
0.9996376038
0.9992498159
0.9995055795
0.9993236065
0.9991706610
0.9989416003
0.9993922114
0.9987485409
0.9994011521
0.9992252588
0.9994542599
0.9995045662
0.9989027381
0.9996132851
0.9994491339
0.9992561340
0.9992434382
0.9992938042
0.9991347790
0.9993163347
0.9995715618
0.9994016290
0.9990093708
0.9992861152
0.9993816614
0.9993161559
0.9990686774
0.9993437529
0.9989929199
0.9989989996
0.9989766479
0.9995482564
0.9995079041
0.9995694160
0.9994635582
0.9993968010
0.9985884428
0.9994655848
0.9992038608
0.9994413853
0.9995436668
0.9989427328
0.9990597367
0.9994763732
0.9992687702
0.9990435243
0.9991842508
0.9990512729
0.9994624853
0.9986848831
0.9995326996
0.9997867346
0.9991497993
0.9995786548
0.9995968938
0.9995468855
0.9994943142
0.9994789362
0.9996154904
0.9996224642
0.9994933605
0.9993390441
0.9996826649
0.9987454414
0.9994984865
0.9995621443
0.9995331168
0.9992957115
0.9994534850
0.9994217157
0.9993882179
0.9992910624
0.9995989799
0.9994795918
0.9993695617
0.9996583462
0.9992966652
0.9994821548
0.9994258881
0.9990795851
0.9995415807
0.9995675087
0.9993696809
0.9989265203
0.9994342327
0.9991820455
0.9991034269
0.9987311959
0.9992823601
0.9994181395
0.9989822507
0.9994444847
0.9993977547
0.9989886284
0.9988775849
0.9994338751
0.9993046522
0.9994473457
0.9992411137
0.9990854263
0.9996032715
0.9994001985
0.9994859695
0.9995858669
0.9994965792
0.9992530942
0.9990819693
0.9997091293
0.9993743896
0.9995269179
0.9992882013
0.9992503524
0.9993918538
0.9994422793
0.9989618063
0.9996418953
0.9996532202
0.9991946220
0.9994775057
0.9991701841
0.9992201924
0.9993203878
0.9990233183
0.9994823933
0.9991589785
0.9992873669
0.9990336895
0.9996603727
0.9993727207
0.9995448589
0.9990669489
0.9996047020
0.9993555546
0.9993499517
0.9993153811
0.9994491935
0.9994469881
0.9996198416
0.9989826083
0.9995588660
0.9994509816
0.9993372560
0.9995036125
0.9994313717
0.9993067384
0.9994498491
0.9993878603
0.9994397163
0.9993993044
0.9994145632
0.9994096756
0.9995177388
0.9996688366
0.9996729493
0.9993156195
0.9996237755
0.9993568659
0.9994668365
0.9993065596
0.9994499087
0.9995546937
0.9995052814
0.9994720817
0.9993773699
0.9995796680
0.9995336533
0.9994815588
0.9995787144
0.9994988441
0.9994037151
0.9996227026
0.9994676113
0.9997318983
0.9994165897
0.9992506504
0.9993485212
0.9994143844
0.9992238283
0.9993867278
0.9992208481
0.9994305968
0.9993919134
0.9995881915
0.9996895194
0.9989945292
0.9997465611
0.9994117022
0.9992856383
0.9994825125
0.9997018576
0.9997253418
0.9992672205
0.9995467067
0.9992924929
0.9995975494
0.9996023774
0.9995815754
0.9994528294
0.9993367791
0.9994371533
0.9993023276
0.9994566441
0.9994815588
0.9997421503
0.9996323586
0.9991956353
0.9994478226
0.9991836548
0.9995324612
0.9994600415
0.9994702935
0.9996026754
0.9996070862
0.9993190765
0.9994344115
0.9994114637
0.9993928671
0.9994693995
0.9995877743
0.9995484352
0.9995058775
0.9995836020
0.9989213347
0.9994395375
0.9995230436
0.9995473027
0.9996211529
0.9992864728
0.9994317293
0.9993187189
0.9994825125
0.9997096062
0.9993815422
0.9988340139
0.9991787672
0.9992545843
0.9996096492
0.9992552400
0.9990150332
0.9994913340
0.9994304180
0.9995685816
0.9990845919
0.9996160269
0.9993935823
0.9995546341
0.9995599985
0.9994176626
0.9995336533
0.9990313649
0.9995148182
0.9995501041
0.9995273352
0.9993642569
0.9994243383
0.9994044304
0.9994364977
0.9994920492
0.9995719194
0.9997107387
0.9992532730
0.9995366931
0.9991852045
0.9996080399
0.9996011257
0.9996786118
0.9994915128
0.9992399216
0.9994325638
0.9989333749
0.9994498491
0.9996293187
0.9995390773
0.9991035461
0.9996983409
0.9996569753
0.9995874166
0.9993224740
0.9995143414
0.9994497299
0.9995771646
0.9994387627
0.9993222952
0.9994075894
0.9991491437
0.9997706413
0.9995370507
0.9994538426
0.9998185039
0.9997087717
0.9997488260
0.9997456074
0.9998093843
0.9997199774
0.9997531772
0.9997591972
0.9998157024
0.9995404482
0.9996110201
0.9997482896
0.9998645186
0.9998430610
0.9996243715
0.9997898340
0.9997097254
0.9998260140
0.9997541308
0.9996612668
0.9997297525
0.9995547533
0.9997301102
0.9997946024
0.9998220801
0.9998324513
0.9994928837
0.9997310638
0.9996267557
0.9996384978
0.9997688532
0.9996162057
0.9996161461
0.9997745752
0.9996493459
0.9996504784
0.9994237423
0.9995668530
0.9997611046
0.9994828701
0.9997022152
0.9996235371
0.9997159839
0.9997240305
0.9996771812
0.9997434616
0.9998134375
0.9997248650
0.9995860457
0.9995712042
0.9998126030
0.9998183250
0.9997372627
0.9996018410
0.9997618794
0.9995008111
0.9998018742
0.9996638894
0.9997422695
0.9997962713
0.9997363091
0.9996563196
0.9995555878
0.9998008013
0.9995651841
0.9996219277
0.9993194938
0.9997311831
0.9995612502
0.9997748137
0.9998394251
0.9998046160
0.9995785952
0.9995048046
0.9998327494
0.9997956753
0.9996700287
0.9998254776
0.9997369051
0.9997552633
0.9998046160
0.9998029470
0.9998213053
0.9994484186
0.9996114969
0.9997960925
0.9997649789
0.9995704889
0.9996629953
0.9995341301
0.9996694326
0.9994238615
0.9995387197
0.9995749593
0.9998148680
0.9996525645
0.9996824861
0.9996486902
0.9994716644
0.9996790290
0.9997884035
0.9998097420
0.9996043444
0.9995839596
0.9995548725
0.9998235106
0.9997532964
0.9998192787
0.9995156527
0.9996141195
0.9995228648
0.9997848272
0.9995043278
0.9995911121
0.9998061657
0.9997894764
0.9998555183
0.9997493625
0.9997570515
0.9997838736
0.9997018576
0.9996342659
0.9997302294
0.9997497797
0.9996684790
0.9998733997
0.9997459650
0.9996061325
0.9997416735
0.9997344017
0.9995245934
0.9995071888
0.9995748997
0.9997708797
0.9996815920
0.9997676611
0.9995784760
0.9996088743
0.9996763468
0.9997609854
0.9993834496
0.9997880459
0.9995920658
0.9994269609
0.9998119473
0.9996438622
0.9996600151
0.9996660948
0.9998605847
0.9995927811
0.9996863008
0.9995875359
0.9997470379
0.9997379184
0.9996808767
0.9996709824
0.9997118711
0.9996806383
0.9997022152
0.9995850921
0.9998447895
0.9995869398
0.9997718334
0.9997684956
0.9996064901
0.9994394183
0.9996676445
0.9994566441
0.9996203184
0.9995781183
0.9997693300
0.9996504784
0.9995220900
0.9997816086
0.9997139573
0.9996312857
0.9996396899
0.9996412396
0.9994800091
0.9996550083
0.9997677803
0.9996951818
0.9994663000
0.9995548725
0.9996513724
0.9996259809
0.9995813370
0.9997518063
0.9995618463
0.9996621013
0.9992987514
0.9997566938
0.9997349977
0.9996873140
0.9997545481
0.9996387362
0.9994091392
0.9997053742
0.9996296167
0.9997775555
0.9997324944
0.9994583130
0.9994734526
0.9998450875
0.9996330142
0.9994335175
0.9996765852
0.9996032715
0.9996907711
0.9994482994
0.9998098612
0.9999157190
0.9995838404
0.9998391867
0.9998258352
0.9997935295
0.9997645617
0.9997313619
0.9998247623
0.9997522831
0.9997617006
0.9997297525
0.9998112917
0.9994722605
0.9997433424
0.9997842312
0.9997946024
0.9996769428
0.9997466803
0.9997737408
0.9997115135
0.9995660782
0.9998524785
0.9996502399
0.9996426105
0.9998503923
0.9996659756
0.9997640848
0.9997866750
0.9995630980
0.9997657537
0.9998095632
0.9996013045
0.9996471405
0.9997515678
0.9995800853
0.9995728731
0.9993745089
0.9996614456
0.9997301102
0.9995706677
0.9997696877
0.9997664690
0.9995882511
0.9994370937
0.9997233152
0.9996727705
0.9997279048
0.9995084405
0.9996702671
0.9997659326
0.9996172786
0.9997372627
0.9997828603
0.9994262457
0.9996728897
0.9996051788
0.9998612404
0.9997345805
0.9998049736
0.9996759295
0.9996539354
0.9996888041
0.9996775389
0.9995365143
0.9998209476
0.9997969270
0.9995815754
0.9997142553
0.9996626377
0.9996651411
0.9997540712
0.9995558858
0.9998201132
0.9994509220
0.9997198582
0.9996726513
0.9998151064
0.9996690750
0.9998147488
0.9996701479
0.9997909665
0.9996372461
0.9996899366
0.9995940328
0.9998061657
0.9996843934
0.9998053908
0.9994953871
0.9998096824
0.9997056723
0.9996303320
0.9998574257
0.9997517467
0.9997102022
0.9997248650
0.9997181296
0.9997365475
0.9997564554
0.9997607470
0.9997118711
0.9997573495
0.9998393059
0.9998745322
0.9997175932
0.9997925162
0.9997791648
0.9997695088
0.9997429848
0.9997720718
0.9997571707
0.9997045994
0.9997193813
0.9997408986
0.9997372031
0.9997820854
0.9997364283
0.9997299314
0.9997770786
0.9997095466
0.9998101592
0.9997619390
0.9998516440
0.9996620417
0.9995793104
0.9996777773
0.9997130036
0.9996471405
0.9997090101
0.9996962547
0.9995961189
0.9997756481
0.9998503923
0.9998254776
0.9995089769
0.9998742342
0.9997518063
0.9996135235
0.9997426271
0.9998369217
0.9998505116
0.9996997714
0.9997488856
0.9996799231
0.9997779131
0.9997749329
0.9998370409
0.9997091293
0.9997395277
0.9997593164
0.9995338917
0.9996852875
0.9996479750
0.9998741150
0.9997985959
0.9996407628
0.9997181892
0.9995469451
0.9996739030
0.9996618032
0.9996582866
0.9998704195
0.9997820854
0.9996796250
0.9996650219
0.9996300936
0.9996680617
0.9997514486
0.9998223186
0.9997588396
0.9997451305
0.9997634292
0.9995664358
0.9996994734
0.9997398853
0.9997914433
0.9998100400
0.9995737076
0.9997537136
0.9996221066
0.9997038841
0.9998172522
0.9997227192
0.9992815852
0.9996434450
0.9997098446
0.9998195171
0.9995484352
0.9995895624
0.9997513890
0.9997057915
0.9998324513
0.9995120764
0.9997102618
0.9997331500
0.9998169541
0.9997339249
0.9996348023
0.9996462464
0.9996579885
0.9997786283
0.9997327924
0.9997363091
0.9996874332
0.9996381998
0.9997180700
0.9996624589
0.9997012615
0.9997842312
0.9998226762
0.9997022152
0.9997961521
0.9995412827
0.9997975826
0.9997793436
0.9998209476
0.9996737242
0.9996378422
0.9997475743
0.9995255470
0.9997355342
0.9998245239
0.9997088909
0.9996634722
0.9998847246
0.9998036027
0.9998292923
0.9996858835
0.9997950792
0.9996911287
0.9998351932
0.9997197390
0.9996421933
0.9997564554
0.9996846914
0.9997764826
0.9994783401
0.9993164539
0.9997931123
0.9997516870
0.9997832775
0.9995832443
0.9997472763
0.9996440411
0.9996638298
0.9997227192
0.9997327328
0.9995891452
0.9996260405
0.9996798038
0.9998012781
0.9998273849
0.9996572733
0.9997681379
0.9996590614
0.9998474121
0.9997000694
0.9995422363
0.9996461868
0.9996668100
0.9997607470
0.9996831417
0.9996992350
0.9997925162
0.9995478392
0.9994728565
0.9996724129
0.9994418621
0.9996513724
0.9996539354
0.9994282126
0.9996567965
0.9995503426
0.9995661974
0.9993064404
0.9997019172
0.9997647405
0.9995679855
0.9994643927
0.9996337891
0.9995740652
0.9996367693
0.9996061921
0.9997410774
0.9998015165
0.9996831417
0.9994015694
0.9996416569
0.9998063445
0.9997704625
0.9995133281
0.9994634986
0.9996695518
0.9995475411
0.9997789860
0.9997209907
0.9997044802
0.9997360706
0.9997102022
0.9995106459
0.9994956255
0.9998420477
0.9994835258
0.9997080564
0.9995609522
0.9997086525
0.9996614456
0.9996234179
0.9998383522
0.9997526407
0.9993700981
0.9995042682
0.9997704029
0.9996728897
0.9997086525
0.9996788502
0.9997372627
0.9995899200
0.9997557402
0.9997856617
0.9997751713
0.9994772077
0.9996582270
0.9997345209
0.9998052716
0.9994815588
0.9995844364
0.9997501373
0.9995938540
0.9993025064
0.9994384646
0.9995885491
0.9997328520
0.9995844364
0.9996610880
0.9996880293
0.9994940758
0.9996613264
0.9997361898
0.9997302294
0.9997318387
0.9995937347
0.9996591806
0.9998462200
0.9997295737
0.9997648001
0.9995750189
0.9996854067
0.9995802641
0.9997813702
0.9996169209
0.9996776581
0.9998435974
0.9997061491
0.9997037053
0.9995685816
0.9997675419
0.9997316599
0.9996734858
0.9996258616
0.9997710586
0.9996777177
0.9997026920
0.9998419285
0.9997360706
0.9995448589
0.9996111393
0.9997650981
0.9995881319
0.9996798635
0.9997189641
0.9996424913
0.9996591210
0.9997314215
0.9995073080
0.9995368123
0.9997149706
0.9995851517
0.9996216297
0.9996389151
0.9995390177
0.9995322824
0.9998588562
0.9994786978
0.9996092319
0.9996293783
0.9998198152
0.9996896982
0.9996588230
0.9996112585
0.9996654391
0.9997190237
0.9996774197
0.9996931553
0.9996344447
0.9996815920
0.9997531176
0.9993853569
0.9997103810
0.9996516109
0.9995661974
0.9996597767
0.9995884895
0.9994353056
0.9995779991
0.9995783567
0.9996815324
0.9996701479
0.9997991323
0.9996585846
0.9996052980
0.9997385144
0.9996849298
0.9996808767
0.9997563362
0.9997085333
0.9996507168
0.9996219277
0.9997289181
0.9996802807
0.9996348619
0.9996403456
0.9997406006
0.9996117949
0.9996832609
0.9997905493
0.9994831085
0.9996182323
0.9994885921
0.9997709990
0.9997211099
0.9997881055
0.9997557402
0.9996706247
0.9994624853
0.9996916056
0.9996231794
0.9996904135
0.9996120930
0.9996600151
0.9995269775
0.9998093843
0.9996349216
0.9994896650
0.9997102022
0.9995881915
0.9997242689
0.9996338487
0.9997344017
0.9998598099
0.9996107817
0.9997354746
0.9997591972
0.9997662306
0.9997342825
0.9996725321
0.9998008609
0.9996384978
0.9997412562
0.9996634722
0.9998102188
0.9997067451
0.9997838736
0.9998022318
0.9998401403
0.9994879365
0.9997717142
0.9997697473
0.9996228218
0.9996130466
0.9998505116
0.9996175766
0.9997879267
0.9998558760
0.9996581078
0.9998311996
0.9997937679
0.9997117519
0.9998344183
0.9998240471
0.9996907711
0.9996177554
0.9997570515
0.9997020960
0.9996461868
0.9995558858
0.9996827245
0.9996033311
0.9996510744
0.9997559786
0.9997870922
0.9997346997
0.9996633530
0.9997755289
0.9997316599
0.9996511340
0.9995248318
0.9996932745
0.9997227192
0.9997029305
0.9997388124
0.9997401237
0.9995535612
0.9996112585
0.9996924400
0.9998332262
0.9998019338
0.9997969866
0.9995620251
0.9997198582
0.9997061491
0.9997233152
0.9995760918
0.9997577667
0.9997438192
0.9996826649
0.9995681643
0.9997785091
0.9996699095
0.9997808337
0.9997373819
0.9997762442
0.9996681213
0.9997173548
0.9997859597
0.9998102188
0.9996507168
0.9997941852
0.9996526837
0.9997761250
0.9996477365
0.9996325970
0.9995639324
0.9998033047
0.9997581244
0.9996988177
0.9995545149
0.9997118115
0.9996645451
0.9995718002
0.9998234510
0.9997751713
0.9997193217
0.9996982813
0.9997087121
0.9997833967
0.9997626543
0.9997131824
0.9997910857
0.9997681975
0.9998010993
0.9998250008
0.9997025728
0.9997601509
0.9997811317
0.9996846914
0.9997469187
0.9997074604
0.9996557236
0.9997496605
0.9997754693
0.9996751547
0.9997127056
0.9997100830
0.9997987747
0.9996853471
0.9997825623
0.9997907877
0.9997801781
0.9996751547
0.9997991920
0.9997749925
0.9994744062
0.9995130301
0.9996604919
0.9996542931
0.9996418953
0.9997464418
0.9995917678
0.9997743368
0.9997979403
0.9997497797
0.9996410608
0.9998200536
0.9997265339
0.9995831251
0.9996642470
0.9997526407
0.9998481274
0.9996488690
0.9997820854
0.9995843172
0.9996762276
0.9997595549
0.9997906685
0.9997059107
0.9997552037
0.9997367263
0.9996078014
0.9997500777
0.9996730089
0.9998447895
0.9998109341
0.9994925261
0.9995419979
0.9995352030
0.9996827841
0.9996533394
0.9995683432
0.9998338223
0.9997190237
0.9995967746
0.9996050596
0.9995510578
0.9996877909
0.9997919798
0.9997902513
0.9997234344
0.9997580647
0.9996430278
0.9995993972
0.9997667074
0.9996970892
0.9998123646
0.9998193383
0.9996583462
0.9996117353
0.9997090101
0.9997105002
0.9997129440
0.9996175170
0.9993439913
0.9996222258
0.9996680021
0.9997953176
0.9995259643
0.9996986389
0.9997396469
0.9996947050
0.9997239113
0.9995161295
0.9997480512
0.9996818900
0.9998658895
0.9995775223
0.9996793270
0.9995762110
0.9996335506
0.9997203350
0.9996506572
0.9996986389
0.9995654821
0.9997491837
0.9997298121
0.9996097088
0.9997537136
0.9996590614
0.9996949434
0.9997261763
0.9996832013
0.9994745255
0.9997067451
0.9997723103
0.9998230934
0.9995846748
0.9996023178
0.9997092485
0.9994098544
0.9996087551
0.9997868538
0.9995210171
0.9996740818
0.9998044968
0.9996065497
0.9997658730
0.9996089935
0.9997012019
0.9996757507
0.9997600317
0.9997513294
0.9995403290
0.9996996522
0.9996639490
0.9998378754
0.9996392727
0.9993785024
0.9998195171
0.9997657537
0.9997596145
0.9996430874
0.9996905327
0.9997131824
0.9996397495
0.9997348785
0.9997227788
0.9995878339
0.9997386932
0.9997296333
0.9997991323
0.9998756647
0.9996887445
0.9997366667
0.9996450543
0.9998770952
0.9997121096
0.9995303154
0.9996640682
0.9996476173
0.9998109341
0.9996834993
0.9996067286
0.9997643232
0.9995741844
0.9993883371
0.9997217655
0.9994033575
0.9996538162
0.9997148514
0.9994505048
0.9996427298
0.9995709658
0.9995619655
0.9993217587
0.9997034073
0.9997540712
0.9995813370
0.9995614886
0.9996516705
0.9996140003
0.9996297359
0.9996641874
0.9997205734
0.9998124242
0.9997581244
0.9994509220
0.9997082949
0.9997975826
0.9998011589
0.9995106459
0.9994809628
0.9996871948
0.9995709658
0.9997808337
0.9997104406
0.9997534156
0.9997198582
0.9997904301
0.9994183779
0.9996163845
0.9998560548
0.9994889498
0.9997249246
0.9997089505
0.9997122884
0.9996783733
0.9995864630
0.9998306036
0.9997960925
0.9995179176
0.9996299744
0.9997690916
0.9996838570
0.9997220039
0.9995493293
0.9997445941
0.9995754957
0.9997147322
0.9998043180
0.9997753501
0.9995315075
0.9997295141
0.9997321367
0.9998120666
0.9994528294
0.9995865822
0.9997792840
0.9996297359
0.9993977547
0.9994750023
0.9996986985
0.9997069836
0.9995909929
0.9996473789
0.9997838736
0.9995608330
0.9996973276
0.9997052550
0.9997524023
0.9997839928
0.9996229410
0.9997214079
0.9998687506
0.9997749329
0.9997475147
0.9996594191
0.9997639060
0.9996574521
0.9997787476
0.9996948242
0.9997520447
0.9998379350
0.9996472597
0.9995590448
0.9995673895
0.9997508526
0.9997601509
0.9997494817
0.9997110367
0.9997648001
0.9997103214
0.9997379780
0.9998352528
0.9997086525
0.9996793270
0.9994453192
0.9998015165
0.9996207952
0.9998109341
0.9997718334
0.9997504354
0.9997478724
0.9997597933
0.9995642900
0.9995813370
0.9997935295
0.9996489286
0.9996873736
0.9996135235
0.9996157885
0.9996863008
0.9998700619
0.9995204210
0.9996384978
0.9996998310
0.9998782873
0.9997494221
0.9997369051
0.9996715188
0.9997148514
0.9997317791
0.9997075200
0.9997243881
0.9996149540
0.9997260571
0.9997823238
0.9994840622
0.9996656179
0.9997371435
0.9995493889
0.9996181726
0.9995335937
0.9996158481
0.9995648861
0.9996604919
0.9996820092
0.9997810125
0.9998514652
0.9996529818
0.9996343851
0.9996755123
0.9996795058
0.9997512102
0.9997894168
0.9997398853
0.9997195601
0.9996657372
0.9997346997
0.9997177720
0.9997844696
0.9997063279
0.9997816086
0.9997141361
0.9997820854
0.9998078942
0.9995626211
0.9997280240
0.9996365309
0.9997880459
0.9997628331
0.9998198152
0.9997217655
0.9996825457
0.9996117949
0.9997693300
0.9997045994
0.9997160435
0.9996634722
0.9996903539
0.9996521473
0.9998040795
0.9996595383
0.9996181726
0.9996840358
0.9997147322
0.9998155832
0.9997336864
0.9997619390
0.9998279810
0.9997059107
0.9998061657
0.9998145103
0.9997999668
0.9998007417
0.9997173548
0.9998046160
0.9996408224
0.9997649789
0.9996669888
0.9998066425
0.9997855425
0.9998278618
0.9997999668
0.9998646379
0.9996576309
0.9998022318
0.9998108149
0.9997049570
0.9997284412
0.9998453856
0.9996889830
0.9998282194
0.9998787642
0.9997148514
0.9998818040
0.9997823834
0.9997541308
0.9998350143
0.9998375177
0.9997471571
0.9997193813
0.9997030497
0.9997618198
0.9997320175
0.9996993542
0.9996815920
0.9996265173
0.9996563792
0.9997488260
0.9998469353
0.9997938871
0.9997728467
0.9997988939
0.9997428656
0.9997270107
0.9996619225
0.9997187853
0.9997537136
0.9997531176
0.9997564554
0.9997098446
0.9996399879
0.9996145964
0.9997184873
0.9998493195
0.9998265505
0.9998010397
0.9995442629
0.9997243881
0.9997410178
0.9997842908
0.9996906519
0.9997242689
0.9997283220
0.9997482300
0.9995121360
0.9997099638
0.9996483922
0.9997851253
0.9998136759
0.9997510910
0.9997016191
0.9997342825
0.9998087287
0.9998103380
0.9996148348
0.9997747540
0.9996302128
0.9997215271
0.9997104406
0.9996793270
0.9996752739
0.9998232126
0.9997853041
0.9997028708
0.9996566176
0.9997345209
0.9996873140
0.9995880723
0.9997950792
0.9997816086
0.9997555017
0.9997251034
0.9996447563
0.9998131990
0.9997997880
0.9997001290
0.9998049736
0.9997710586
0.9998043776
0.9997862577
0.9997366071
0.9997907877
0.9997768998
0.9995924234
0.9997591376
0.9997007251
0.9997010231
0.9996383190
0.9997864962
0.9997218847
0.9997376204
0.9996546507
0.9997638464
0.9997110367
0.9997385144
0.9997948408
0.9997524023
0.9996666312
0.9997811317
0.9998316765
0.9995825291
0.9994965792
0.9997261167
0.9996534586
0.9997245073
0.9997966886
0.9995820522
0.9997740984
0.9997590780
0.9997853041
0.9997076988
0.9997894764
0.9997192621
0.9997026324
0.9996901751
0.9997544885
0.9998523593
0.9995723963
0.9998409748
0.9995864630
0.9996063709
0.9997947812
0.9997977018
0.9996860623
0.9997618198
0.9996627569
0.9996826649
0.9997831583
0.9997180104
0.9997880459
0.9998345375
0.9994990230
0.9995455742
0.9995667934
0.9996885061
0.9996473789
0.9996090531
0.9998381138
0.9997018576
0.9995651245
0.9996412992
0.9996011853
0.9996942282
0.9998284578
0.9997126460
0.9997476935
0.9997885227
0.9996342659
0.9996495247
0.9998135567
0.9997437596
0.9998543262
0.9998373985
0.9997700453
0.9996445179
0.9997741580
0.9997214079
0.9997205734
0.9996460080
0.9995071888
0.9995990992
0.9997092485
0.9998006821
0.9996198416
0.9997599125
0.9997218847
0.9997196198
0.9996244907
0.9995808601
0.9998022914
0.9996988773
0.9998990297
0.9994540215
0.9997164607
0.9995658398
0.9996649027
0.9996764660
0.9996573925
0.9997019768
0.9995149374
0.9997572303
0.9997074604
0.9995699525
0.9997913837
0.9996645451
0.9995907545
0.9996840954
0.9996786714
0.9995498657
0.9996522665
0.9997652769
0.9998533726
0.9995995760
0.9995456934
0.9996798038
0.9994222522
0.9995555878
0.9998079538
0.9996113777
0.9997811317
0.9997790456
0.9994954467
0.9997478127
0.9996404648
0.9997125864
0.9996947050
0.9997916222
0.9997799993
0.9995581508
0.9997495413
0.9996430874
0.9998525381
0.9997230768
0.9996546507
0.9998597503
0.9998530149
0.9998207092
0.9998612404
0.9998462796
0.9997410774
0.9998015165
0.9995740652
0.9998345375
0.9996421337
0.9997489452
0.9997825027
0.9997232556
0.9998834133
0.9996803999
0.9997428656
0.9996705055
0.9998143315
0.9998543262
0.9997236729
0.9998338819
0.9997466803
0.9998548031
0.9998440742
0.9997829199
0.9997930527
0.9996131659
0.9995785952
0.9996851683
0.9998041391
0.9997754693
0.9998663068
0.9996597171
0.9996978641
0.9997503161
0.9997875690
0.9997633696
0.9996762276
0.9997887015
0.9996585846
0.9996574521
0.9997633696
0.9998379946
0.9996517301
0.9997144938
0.9997427464
0.9999209642
0.9997633696
0.9996922016
0.9998189211
0.9997546673
0.9998152852
0.9996671081
0.9997997880
0.9997348189
0.9996631145
0.9997830391
0.9995758533
0.9998768568
0.9995628595
0.9998760223
0.9996228218
0.9997156858
0.9997839332
0.9997398853
0.9997663498
0.9998194575
0.9998228550
0.9997913837
0.9997646213
0.9998166561
0.9997191429
0.9998220205
0.9997898340
0.9999002814
0.9998042583
0.9997779131
0.9998046160
0.9996929765
0.9998374581
0.9997621775
0.9997074008
0.9998342991
0.9995679259
0.9998463392
0.9998425245
0.9997398257
0.9997789860
0.9997720718
0.9997704625
0.9998258948
0.9996024966
0.9996597767
0.9996693134
0.9997990131
0.9998026490
0.9996565580
0.9998098016
0.9997694492
0.9997332096
0.9998893738
0.9999239445
0.9998172522
0.9995967150
0.9996212721
0.9998191595
0.9998471737
0.9997349977
0.9997883439
0.9998410940
0.9997919798
0.9997094870
0.9997237921
0.9998354912
0.9998787642
0.9997862577
0.9997146130
0.9998843074
0.9998111725
0.9998861551
0.9996840358
0.9997085333
0.9997329712
0.9997876883
0.9997689128
0.9998387098
0.9997666478
0.9996464849
0.9997467995
0.9997931123
0.9997382164
0.9997276664
0.9998345375
0.9998813868
0.9998345971
0.9998123646
0.9996954203
0.9997621775
0.9998112917
0.9997792244
0.9996972084
0.9997780919
0.9997870326
0.9997569323
0.9998184443
0.9997881651
0.9996891022
0.9997642040
0.9999120235
0.9997772574
0.9998055696
0.9997646809
0.9998327494
0.9998174906
0.9998609424
0.9997297525
0.9996971488
0.9997752905
0.9997943640
0.9997316599
0.9998332262
0.9997801781
0.9998182058
0.9998517036
0.9996633530
0.9997909069
0.9997500777
0.9998735785
0.9998006821
0.9997748137
0.9998139739
0.9997694492
0.9997020960
0.9998172522
0.9997730255
0.9997665286
0.9997706413
0.9998698235
0.9996496439
0.9996461272
0.9998133779
0.9996626377
0.9998602867
0.9997673035
0.9997651577
0.9998706579
0.9997775555
0.9998241663
0.9997755289
0.9998587370
0.9997984767
0.9998363256
0.9998096824
0.9998446107
0.9998530149
0.9997649193
0.9998645782
0.9997437000
0.9996253252
0.9997583628
0.9998090863
0.9997014403
0.9998079538
0.9997985363
0.9998164177
0.9997562170
0.9997912645
0.9998879433
0.9998397827
0.9997175932
0.9998544455
0.9998067617
0.9997367859
0.9998424053
0.9998618364
0.9998644590
0.9996603727
0.9998717308
0.9998037815
0.9998534322
0.9997872114
0.9997323751
0.9997925758
0.9997437000
0.9998373985
0.9996847510
0.9996919632
0.9997829199
0.9996725321
0.9998828173
0.9998193979
0.9998156428
0.9997628927
0.9997558594
0.9998376966
0.9998255372
0.9997831583
0.9998270869
0.9998847246
0.9998027086
0.9998425245
0.9997760057
0.9995263815
0.9996210337
0.9997950792
0.9995267391
0.9996838570
0.9995486140
0.9997241497
0.9996974468
0.9997442961
0.9997285604
0.9998239875
0.9997922182
0.9996629357
0.9998019338
0.9998450875
0.9995899200
0.9996862411
0.9997776151
0.9997384548
0.9996287227
0.9998405576
0.9997240901
0.9996352196
0.9998043776
0.9996462464
0.9997920990
0.9997633100
0.9997467995
0.9997230768
0.9997580051
0.9997227192
0.9997309446
0.9996333122
0.9997704029
0.9997718334
0.9998052716
0.9996461868
0.9997833967
0.9996403456
0.9997438788
0.9997308254
0.9998328686
0.9995502234
0.9997821450
0.9994913936
0.9997631311
0.9997705817
0.9997109771
0.9996653795
0.9998188019
0.9998030663
0.9996707439
0.9997503161
0.9996594191
0.9994205236
0.9998409152
0.9997241497
0.9997220039
0.9996603131
0.9997906685
0.9998611808
0.9998170733
0.9996565580
0.9997417927
0.9996497631
0.9998598099
0.9997851849
0.9997165799
0.9998403192
0.9998146296
0.9998148084
0.9996249676
0.9997526407
0.9997780323
0.9997654557
0.9996939898
0.9998459220
0.9997944236
0.9997954369
0.9997056723
0.9998390675
0.9998012781
0.9997094870
0.9997593164
0.9997345209
0.9996777773
0.9997456074
0.9997581244
0.9998199940
0.9997076988
0.9998613000
0.9996982813
0.9995809793
0.9996379614
0.9997470379
0.9996932149
0.9997824430
0.9997771978
0.9995604753
0.9997144938
0.9997756481
0.9997437000
0.9996576309
0.9998316765
0.9998218417
0.9998233318
0.9996486902
0.9998183846
0.9998328686
0.9998273253
0.9997646809
0.9997313023
0.9996562600
0.9998223782
0.9998698831
0.9997278452
0.9998075366
0.9996751547
0.9997910261
0.9996708035
0.9996591210
0.9998933077
0.9996411800
0.9997267723
0.9997110367
0.9996805191
0.9996429682
0.9997262359
0.9997067451
0.9998715520
0.9998332262
0.9996845722
0.9997357726
0.9996230006
0.9998133183
0.9998311996
0.9998139143
0.9998491406
0.9998570681
0.9997277260
0.9997050762
0.9997621775
0.9998176694
0.9997642636
0.9997904301
0.9998866916
0.9996825457
0.9998172522
0.9996814728
0.9998036027
0.9998006821
0.9998310804
0.9997278452
0.9997833967
0.9997897148
0.9997290969
0.9997922182
0.9996517897
0.9996887445
0.9997149706
0.9996236563
0.9997234344
0.9998489618
0.9998912811
0.9996697307
0.9998303652
0.9996187687
0.9997237921
0.9997866750
0.9998155832
0.9998521805
0.9997769594
0.9997974038
0.9997935295
0.9997688532
0.9997985363
0.9997779131
0.9998019934
0.9998543859
0.9998625517
0.9997997284
0.9997699261
0.9998189211
0.9996954203
0.9998159409
0.9995115399
0.9998029470
0.9997089505
0.9997227192
0.9998099804
0.9997698069
0.9997984171
0.9997867346
0.9997086525
0.9998959899
0.9997376204
0.9997473955
0.9996978045
0.9998702407
0.9998004436
0.9997688532
0.9996857643
0.9995323420
0.9997878075
0.9996070266
0.9995894432
0.9997733831
0.9997246265
0.9996714592
0.9996777773
0.9998062849
0.9996823072
0.9996815920
0.9996272326
0.9998013377
0.9995576143
0.9996255636
0.9996592999
0.9995321035
0.9997067451
0.9995851517
0.9996718168
0.9994315505
0.9996500015
0.9996898770
0.9996067286
0.9996820688
0.9996207356
0.9997383356
0.9997646809
0.9996027946
0.9996786118
0.9995128512
0.9995296001
0.9995073676
0.9997024536
0.9996666908
0.9997608662
0.9994518757
0.9995696545
0.9996482134
0.9996120930
0.9995942116
0.9996524453
0.9997496605
0.9996303320
0.9995800853
0.9996445179
0.9996367693
0.9995349646
0.9995586872
0.9996521473
0.9998229742
0.9995832443
0.9996250868
0.9996329546
0.9996836782
0.9997560978
0.9996076822
0.9997473955
0.9997006655
0.9996033907
0.9997094870
0.9993907213
0.9996942282
0.9995825291
0.9997256994
0.9996048212
0.9994987249
0.9997096062
0.9996808767
0.9995921850
0.9997178316
0.9997787476
0.9996291399
0.9995048642
0.9996879697
0.9996155500
0.9997341633
0.9996129274
0.9998470545
0.9996657372
0.9996792078
0.9997413158
0.9996628761
0.9997830391
0.9995428920
0.9996172786
0.9996926188
0.9995297194
0.9997625351
0.9997149706
0.9996402860
0.9996416569
0.9997810125
0.9996713996
0.9997674227
0.9995320439
0.9995115995
0.9996740818
0.9995735884
0.9996659756
0.9996679425
0.9996901155
0.9996933937
0.9996424317
0.9997798800
0.9998603463
0.9997126460
0.9994027615
0.9996007681
0.9997465611
0.9997268915
0.9997084141
0.9996571541
0.9995493889
0.9995909929
0.9995780587
0.9995583296
0.9996659756
0.9996912479
0.9995726347
0.9995797873
0.9997515678
0.9996995926
0.9997777939
0.9996734858
0.9996898174
0.9995923638
0.9996583462
0.9995830655
0.9997671843
0.9996414185
0.9994964600
0.9996493459
0.9997704625
0.9996078014
0.9995239973
0.9996384382
0.9996862411
0.9997158051
0.9995974302
0.9996272922
0.9996117949
0.9996884465
0.9996538162
0.9995477200
0.9995734692
0.9996126890
0.9996185303
0.9996553659
0.9997007847
0.9994936585
0.9995733500
0.9998114109
0.9996246099
0.9996469021
0.9995557070
0.9996640086
0.9997146130
0.9997277260
0.9994962215
0.9996560812
0.9996337295
0.9997011423
0.9994847775
0.9997199178
0.9996869564
0.9996423721
0.9996887445
0.9996572733
0.9996012449
0.9996287823
0.9997477531
0.9996473789
0.9996613264
0.9997036457
0.9996945858
0.9995207787
0.9997093081
0.9996126890
0.9996410012
0.9996711016
0.9997383952
0.9995018244
0.9993193150
0.9996888041
0.9996043444
0.9996778965
0.9995492101
0.9995582104
0.9997298717
0.9996056557
0.9996794462
0.9994435310
0.9996125698
0.9996293783
0.9997711778
0.9996478558
0.9997252822
0.9997639656
0.9996229410
0.9996169806
0.9996828437
0.9993417859
0.9996825457
0.9996834397
0.9994436502
0.9996103048
0.9997091889
0.9996615648
0.9995393753
0.9997206926
0.9997594357
0.9996114969
0.9995335340
0.9997063875
0.9997175932
0.9994261265
0.9997690320
0.9997180700
0.9997944832
0.9994856119
0.9997017384
0.9996010065
0.9997444153
0.9996747971
0.9995952845
0.9996950626
0.9996058941
0.9997472763
0.9996004105
0.9995166063
0.9996587038
0.9993764162
0.9996885061
0.9996294975
0.9996747375
0.9995874166
0.9996889830
0.9997114539
0.9997372031
0.9997099042
0.9996231794
0.9997693300
0.9995756745
0.9998013973
0.9995204806
0.9993425012
0.9993377924
0.9994634986
0.9994750023
0.9994855523
0.9994185567
0.9994487762
0.9995589852
0.9995877147
0.9995011091
0.9996640086
0.9996116757
0.9995484352
0.9997153282
0.9997252226
0.9995131493
0.9996610880
0.9995176792
0.9995906353
0.9996209741
0.9996609688
0.9994906187
0.9995277524
0.9996426105
0.9994138479
0.9996074438
0.9995961189
0.9995456934
0.9994681478
0.9995964766
0.9995602369
0.9995725155
0.9993977547
0.9995745420
0.9997211695
0.9996887445
0.9994478226
0.9996813536
0.9995167255
0.9994469881
0.9995703101
0.9997696877
0.9994286299
0.9995862246
0.9989740252
0.9996218681
0.9996184111
0.9995260239
0.9995669127
0.9996709824
0.9996429682
0.9996060133
0.9994457960
0.9993864894
0.9993981123
0.9998030663
0.9994792938
0.9994821548
0.9993469715
0.9996635914
0.9997582436
0.9997377396
0.9995149374
0.9995857477
0.9995009899
0.9996820092
0.9995636940
0.9996238947
0.9996879101
0.9995990992
0.9997078776
0.9995712638
0.9995621443
0.9996914864
0.9995303154
0.9994289279
0.9997642040
0.9996333122
0.9996572137
0.9996014833
0.9997404814
0.9995676279
0.9996114373
0.9995757341
0.9995931387
0.9994872212
0.9996107817
0.9995291233
0.9997704029
0.9995577931
0.9996862411
0.9996393323
0.9994584322
0.9993556738
0.9996753931
0.9995217323
0.9996309280
0.9996343851
0.9996241331
0.9997349977
0.9997253418
0.9995873570
0.9993066788
0.9996899366
0.9994876385
0.9997085929
0.9995377064
0.9997418523
0.9997397065
0.9996185303
0.9996305704
0.9996064901
0.9995658398
0.9996976852
0.9997013807
0.9995959997
0.9996951222
0.9995225668
0.9996246696
0.9996262193
0.9995130301
0.9998431206
0.9995925426
0.9995131493
0.9994759560
0.9995572567
0.9994850755
0.9995371103
0.9996355176
0.9996936321
0.9997020960
0.9995934963
0.9995359182
0.9994903803
0.9996329546
0.9997236729
0.9997394085
0.9996838570
0.9997141361
0.9996180534
0.9994652271
0.9997007251
0.9997446537
0.9997140169
0.9997434616
0.9997932911
0.9995228648
0.9997006655
0.9996722341
0.9997280240
0.9996711612
0.9997565746
0.9995082617
0.9995862246
0.9995976686
0.9996234775
0.9994440079
0.9993817806
0.9995687008
0.9996076822
0.9994156957
0.9996545315
0.9996792078
0.9997842908
0.9996784925
0.9996776581
0.9995406866
0.9994984865
0.9996855259
0.9997327328
0.9997106791
0.9995377064
0.9996360540
0.9997702837
0.9996560216
0.9997671843
0.9996749163
0.9997153282
0.9996424913
0.9997230768
0.9997517467
0.9997268319
0.9997830391
0.9996287227
0.9997104406
0.9995093346
0.9997044802
0.9994953275
0.9996613264
0.9996706247
0.9996142387
0.9996333122
0.9997149706
0.9995872974
0.9998347163
0.9996236563
0.9996632338
0.9995800853
0.9997249842
0.9997340441
0.9996269941
0.9995535612
0.9994153976
