0.5282772779
0.4770460725
0.5179808140
0.6226956844
0.5227344036
0.5361475348
0.4359952211
0.5077313185
0.5136755705
0.5379443765
0.4892230332
0.5929408669
0.3703627288
0.4725827575
0.4175463021
0.5089105964
0.4814774394
0.4871727526
0.4824410677
0.4846517742
0.5350059271
0.4976874888
0.5109285712
0.5515083671
0.4102025926
0.4892364442
0.5290105939
0.4321988225
0.6205210686
0.5414467454
0.5841214657
0.5332890153
0.4077022076
0.4206729829
0.4231252074
0.4872400463
0.4572109282
0.5575699806
0.4646908045
0.4760209620
0.5509538054
0.5000707507
0.4476619661
0.5342333317
0.5656279922
0.5301216841
0.4976671636
0.4767318368
0.5279190540
0.4284777045
0.4228053689
0.4036442041
0.4666729569
0.4755280614
0.5065990090
0.4776967764
0.4728204012
0.4344295263
0.5206494331
0.5320891142
0.4564428926
0.4528971910
0.5264793038
0.4719393551
0.4438607693
0.5137287378
0.4996713996
0.5168129206
0.4608404040
0.4188146889
0.4799266756
0.4483134449
0.4993530512
0.4366855025
0.6251121163
0.4552954137
0.4945836067
0.5345077515
0.5458692908
0.4764549136
0.4956445694
0.4347888827
0.4985259771
0.4835141301
0.4340053201
0.4877865314
0.5196258426
0.5592811108
0.6242667437
0.4404084682
0.5115376711
0.5349147916
0.5623368621
0.5581196547
0.5620899200
0.4890810251
0.5107669234
0.4966269433
0.5545361042
0.4377535284
0.5169880986
0.4495936334
0.5315826535
0.4446170032
0.5436756611
0.5057794452
0.4454680383
0.4989320040
0.4327551723
0.5669676661
0.4407969117
0.3991450369
0.4773527980
0.6056317091
0.5289037824
0.5661550760
0.4916539788
0.5037022233
0.4899638593
0.5360913277
0.4245966971
0.4936308861
0.4439737499
0.5250170827
0.6003715396
0.5288748145
0.4754391909
0.4923747480
0.5097147822
0.4970996082
0.5204871893
0.5092217922
0.4766748846
0.5705290437
0.5204664469
0.5256848931
0.4704085588
0.4884597957
0.4893437624
0.4175692201
0.5366162062
0.4916383624
0.4945398569
0.4329341054
0.5194121599
0.5494675636
0.5633311272
0.5309721231
0.4466060102
0.4554067552
0.4376534224
0.5565990210
0.4343639612
0.5661721230
0.4465027153
0.5139046311
0.4784674048
0.4560858309
0.4449480772
0.5467147827
0.4645323753
0.5691246986
0.5398527980
0.4374421835
0.5393139720
0.5338327885
0.5154816508
0.4013412297
0.5012007952
0.4394779801
0.5124215484
0.5714178085
0.4746169150
0.5179315805
0.4953888655
0.4293390512
0.3963557780
0.5397800207
0.4632637203
0.4932799339
0.4045255184
0.4149968624
0.5842060447
0.3847632706
0.4879295230
0.5089949369
0.5035306811
0.5160356760
0.5192707181
0.4273337126
0.4579124451
0.5107786655
0.5126211643
0.4843257964
0.5173040628
0.5295394659
0.5915302038
0.5104762912
0.5544204712
0.4562281966
0.5230598450
0.5502879620
0.5050814748
0.4466243386
0.4110570252
0.5354860425
0.4973294139
0.5507671833
0.5276153088
0.4894034266
0.4844616055
0.5673593879
0.6337695718
0.5351426601
0.5654881597
0.5192158818
0.3966680765
0.4890104532
0.4991510212
0.5164077282
0.5422940254
0.4930169880
0.5465874672
0.4617707729
0.5244157910
0.4895093441
0.5316833854
0.5513005853
0.4866173863
0.5348616838
0.5375467539
0.5061852336
0.4961248338
0.5988871455
0.5406299233
0.4756481051
0.4926759303
0.5514311194
0.5252720118
0.4351856411
0.5212956071
0.5645035505
0.5144744515
0.4712398648
0.5314021707
0.5775980949
0.5009688139
0.3862624168
0.4359180033
0.5198441744
0.4268054366
0.5261250734
0.5471053123
0.5516194701
0.5118988156
0.5420968533
0.5157897472
0.5382575393
0.4495071769
0.4626496136
0.4524034262
0.5440918803
0.4539176822
0.4436932504
0.4810521901
0.5276539922
0.5535894036
0.4890839159
0.4239688516
0.4635888338
0.5717166662
0.4476913512
0.5447468162
0.4493387938
0.5040071607
0.5617163181
0.5661343336
0.6067803502
0.5371737480
0.5105220675
0.5605992675
0.5236476660
0.5031360388
0.4792558849
0.4838099778
0.5715137124
0.4805518985
0.5533956289
0.5044313669
0.4510975182
0.5297350883
0.4461117089
0.5025379062
0.6050346494
0.4891543090
0.5228599906
0.4961071610
0.5125567913
0.4527472556
0.5251395702
0.4717058241
0.3784806728
0.5729714036
0.5646115541
0.5119497180
0.6331079006
0.5536128879
0.5088199973
0.5625509024
0.5053619742
0.4390157461
0.4959256947
0.4524789453
0.3507456183
0.4146488011
0.4637247324
0.4979860783
0.4970411062
0.5363717675
0.3886465132
0.4848795533
0.4178049564
0.5216488838
0.5376921892
0.4925205112
0.4876585305
0.4815914929
0.5091109276
0.4440470934
0.4359789789
0.4630043507
0.4720252752
0.5425688624
0.4855705500
0.5335546732
0.4867942333
0.5002533793
0.4929583669
0.4657168686
0.3928446770
0.5266339779
0.5354564786
0.5196567178
0.4968834519
0.5172371864
0.4173749089
0.4369540215
0.4890011549
0.4530023038
0.4324854016
0.5450624228
0.5174032450
0.4445657730
0.3648458719
0.4965948164
0.5289632082
0.4078298807
0.4844186008
0.4350526929
0.5700981021
0.4974764884
0.4865478873
0.4677614272
0.5077759027
0.5236371756
0.4350700974
0.4154380262
0.5199214816
0.4631100595
0.4752793610
0.4437636137
0.4799199998
0.4032128155
0.4796665907
0.4854194522
0.4197570086
0.4851411283
0.5336308479
0.4344940186
0.5023949742
0.5222638845
0.5524019003
0.4612022638
0.4775854945
0.4551388025
0.5068913102
0.5111809373
0.5332932472
0.5667052865
0.4454238713
0.5434512496
0.5614693165
0.5372490883
0.5763425231
0.5401865840
0.4677024484
0.4871326685
0.4812466502
0.5629110932
0.5856451988
0.5194095373
0.4641830325
0.4131808579
0.5129745007
0.5154826045
0.4858333170
0.4900332391
0.4884936213
0.4451403022
0.5320526361
0.6003523469
0.4300391078
0.5290919542
0.4488946795
0.4687983394
0.5748851299
0.4183112681
0.5737170577
0.4506222308
0.5117861032
0.5024361014
0.4771247208
0.6290735006
0.5345575809
0.5462445617
0.3905316889
0.5640960932
0.4319536686
0.5800050497
0.5079563856
0.5058738589
0.4529804587
0.5138871074
0.5993722081
0.4897517562
0.5385959148
0.5715965033
0.4708718061
0.4611520767
0.5286315680
0.5124317408
0.5279518962
0.4538276494
0.5469663143
0.5128575563
0.4682563245
0.5033608675
0.4933111370
0.4861915708
0.4808578491
0.5644838214
0.5264871120
0.5309891701
0.4289946854
0.6028654575
0.4292472899
0.5625014901
0.4637169242
0.5338206291
0.5301347375
0.4826483727
0.5113878250
0.5051199198
0.5445337892
0.4525454938
0.5308911800
0.5350308418
0.5371583104
0.5201618075
0.5452206135
0.4829722643
0.4986068904
0.5726584196
0.5817424655
0.3999698758
0.5104150772
0.4887124300
0.4754745662
0.4810471237
0.4978779256
0.4646604061
0.5615828037
0.4828716516
0.5222911239
0.4041131437
0.4902383685
0.5139605403
0.5069854856
0.5626873374
0.4315533638
0.4753573835
0.5130409598
0.5245506167
0.5060264468
0.4910397232
0.5001940131
0.4819163978
0.4890699983
0.4668358564
0.4533556104
0.4550099373
0.5671523213
0.4867299199
0.5135396719
0.6038029194
0.4080166221
0.4857412577
0.5353956819
0.5237309337
0.4687421918
0.4676317275
0.4969964325
0.3960416913
0.4999234676
0.4942605197
0.5187891126
0.5149799585
0.4442554712
0.4072568119
0.4610006213
0.5762527585
0.5350391865
0.4052653611
0.4657946527
0.4698406160
0.5225700736
0.4843581915
0.5458808541
0.4830214083
0.4555832148
0.5324264765
0.4501201808
0.5133644342
0.4961667359
0.4197066128
0.5484066010
0.3891528845
0.5376206040
0.5077514648
0.4964305460
0.5560305715
0.4799825549
0.4351275563
0.5282864571
0.4968155622
0.4318562746
0.4792502522
0.4491835833
0.5195683837
0.4168284535
0.4239394665
0.5339614153
0.5308874249
0.4528332055
0.5618166327
0.4594140649
0.5303930640
0.4929908216
0.5736297369
0.5498261452
0.5814289451
0.5699905157
0.4641473889
0.4430483878
0.4995797575
0.5075031519
0.4754861295
0.5203793049
0.4774729013
0.5838028789
0.5083221793
0.4497581720
0.5752311349
0.5556473136
0.4744924605
0.5554664135
0.4939485192
0.5346100330
0.4627083242
0.4885804355
0.5141206980
0.3724974394
0.5050319433
0.4466238022
0.5062371492
0.4841729999
0.4857140183
0.5315595865
0.5049127936
0.4901257157
0.4129016995
0.4605376124
0.5610480905
0.4599722624
0.4540704191
0.4159538448
0.5264312625
0.4753635526
0.4624883235
0.5406949520
0.5708249807
0.4539911449
0.4812585413
0.4187505245
0.5047756433
0.5154402256
0.5025950074
0.5024369955
0.5370355844
0.5611676574
0.5070493221
0.6035606861
0.6004565358
0.4975687265
0.5784216523
0.5902555585
0.5000349283
0.4977601171
0.3996485174
0.4846858084
0.6055030823
0.5335527658
0.5737536550
0.5068531036
0.5266923308
0.5037181377
0.4886524975
0.5320194364
0.5071678162
0.4333977997
0.4620803893
0.4637425542
0.5350115299
0.3953319788
0.5340126157
0.6612879634
0.5312263370
0.4589468241
0.4820348024
0.5151821971
0.6290820241
0.4664635956
0.5167335272
0.5660209656
0.6007434726
0.4930885732
0.5828721523
0.4817660153
0.4600336552
0.4805887640
0.5233415365
0.4919062853
0.4958299100
0.4784548283
0.4636547267
0.4423599541
0.5313464999
0.5034235120
0.5250236988
0.4696508944
0.4567744732
0.4594357014
0.4754341841
0.5247901082
0.5711231828
0.4735760689
0.4624932706
0.4244408607
0.4510188699
0.5830700397
0.5116969943
0.4576964676
0.4668407440
0.5740209222
0.4712100625
0.5077440739
0.3581705689
0.4407216907
0.4769363403
0.4356734157
0.4597705603
0.5447492599
0.4300040305
0.5472949147
0.4685401320
0.4999828637
0.5337187648
0.5156148672
0.4103798270
0.4506790042
0.5546674132
0.4525424242
0.5642095208
0.5371208787
0.4623331428
0.5212653279
0.5563030839
0.5979353786
0.4791301787
0.4425309300
0.4546322227
0.5563154221
0.4981513917
0.5270140767
0.5085968971
0.4747393131
0.5028451681
0.4666860700
0.6117272973
0.3849872351
0.5580719709
0.5105478168
0.5594198108
0.5581314564
0.5647608042
0.5774429440
0.5267693996
0.5609177351
0.6254472733
0.4201036990
0.4606062770
0.4553064406
0.6169492006
0.4328849316
0.5171418786
0.5052111149
0.5298198462
0.5010370016
0.5346792936
0.5172952414
0.4708489776
0.5099468827
0.5113610029
0.6125605702
0.4580017328
0.5138393641
0.5551044941
0.5228673220
0.5145908594
0.4534774721
0.4903333485
0.5103501678
0.5669546723
0.4619017243
0.5435643196
0.4953436553
0.5363729000
0.5255026221
0.4893527031
0.5758036375
0.4365180433
0.4738907218
0.4320658445
0.5879124999
0.5734081268
0.5367208719
0.4811330140
0.5125864148
0.4829218984
0.4417461753
0.3684496880
0.4859037101
0.5148669481
0.5360287428
0.5039868355
0.5123981833
0.5504323244
0.4843103588
0.4776234329
0.4739693999
0.5268897414
0.5491001010
0.5428712368
0.4331694245
0.5127402544
0.4722583890
0.4373387396
0.5180200934
0.5068066716
0.4520044029
0.4771867692
0.5188795328
0.5296764970
0.4790488780
0.4552154541
0.4215241671
0.4895422757
0.4479685426
0.5666097403
0.3951783180
0.5220614672
0.4760975540
0.4538559616
0.5020971894
0.3966304958
0.4747624695
0.4991048276
0.5195814967
0.4890256226
0.4418435395
0.5158600807
0.4861164987
0.4832491279
0.5079998970
0.5138037205
0.5293985605
0.4821279049
0.5527623892
0.5661696196
0.5591505766
0.5032651424
0.5806349516
0.4374030828
0.4780011475
0.5575764179
0.5124376416
0.4973520339
0.4579220712
0.5353554487
0.4936208427
0.5198251009
0.5593589544
0.4904234409
0.5061008334
0.4982330203
0.5807613134
0.5595934391
0.4300673902
0.5281575918
0.5173628330
0.5643045306
0.5137031674
0.5343738794
0.4799839854
0.5182633400
0.6123528481
0.5305722356
0.5343008637
0.4273915887
0.4969729781
0.5139415264
0.5406152010
0.4906998277
0.5953965783
0.3681776524
0.4612414241
0.4156395197
0.5080407858
0.4762658477
0.4843841195
0.4800113738
0.4806491733
0.5356266499
0.5022261143
0.5061081648
0.5617697239
0.4052342772
0.4987079203
0.5221890807
0.4315395355
0.6244559288
0.5437090397
0.5942444801
0.5345512033
0.4098764062
0.4300720394
0.4221459329
0.4864393175
0.4575141370
0.5588003397
0.4645187855
0.4855592549
0.5582097173
0.5018382668
0.4551371634
0.5347263217
0.5670943260
0.5251197219
0.4954948425
0.4848269820
0.5289241076
0.4279781878
0.4198136330
0.4090048671
0.4687508941
0.4746176898
0.5046143532
0.4714817107
0.4677883685
0.4217188060
0.5247262120
0.5349417925
0.4572815597
0.4485620558
0.5305029154
0.4657179117
0.4502647519
0.5163025260
0.4990398884
0.5153719187
0.4538607597
0.4133143127
0.4730343819
0.4544984996
0.4968989491
0.4337604046
0.6307505369
0.4499641061
0.4874301553
0.5391142368
0.5436025858
0.4711786807
0.4853556752
0.4377939999
0.4948585629
0.4816546440
0.4380406439
0.4895187020
0.5236272216
0.5541793704
0.6233894825
0.4447019696
0.5083158016
0.5406142473
0.5577390194
0.5599604249
0.5649299622
0.4910090566
0.5105970502
0.5020297766
0.5595512986
0.4383406043
0.5181643367
0.4470282495
0.5392234325
0.4429701865
0.5482507944
0.4957801998
0.4348208606
0.5010859966
0.4312508404
0.5707385540
0.4392777681
0.3992826343
0.4814833999
0.6187993288
0.5200846791
0.5702483654
0.4915283918
0.5085686445
0.4938861132
0.5257080793
0.4239664674
0.4905851483
0.4449504614
0.5202204585
0.5947581530
0.5232632160
0.4653167427
0.4936244190
0.5112894773
0.4904795885
0.5278219581
0.5092504025
0.4738738537
0.5783696175
0.5153436661
0.5296485424
0.4661092162
0.4836024046
0.4902194142
0.4153616428
0.5376893282
0.4825190604
0.5048936605
0.4351221323
0.5144554377
0.5549975038
0.5632054806
0.5233606100
0.4450719655
0.4531847537
0.4345100224
0.5529683828
0.4340902865
0.5771059990
0.4418092966
0.5232696533
0.4715473950
0.4425330758
0.4504359066
0.5548015237
0.4596125484
0.5749157071
0.5404090881
0.4400222003
0.5519798994
0.5271075964
0.5136634707
0.4000439942
0.4997785389
0.4474353790
0.5083947778
0.5662909150
0.4694068134
0.5255044103
0.4933444858
0.4176097512
0.3961931467
0.5444612503
0.4614429474
0.4947977066
0.4097371995
0.4137749374
0.5813946128
0.3819401264
0.4842710197
0.5096138120
0.5015673041
0.5136705041
0.5170142055
0.4282498062
0.4638116956
0.5103484392
0.5148874521
0.4899828434
0.5119568706
0.5282403231
0.5955857038
0.5104107261
0.5518403053
0.4659620225
0.5260131955
0.5487923622
0.5106222034
0.4460250139
0.4117406905
0.5398321748
0.4984923005
0.5452359915
0.5450355411
0.4848466516
0.4856474698
0.5636464357
0.6443262100
0.5457020998
0.5690828562
0.5102244020
0.3874294460
0.4887186885
0.5020186901
0.5067859888
0.5417488217
0.4833364189
0.5531631708
0.4614447355
0.5155426264
0.4879226983
0.5309630632
0.5508309007
0.4911008775
0.5326654911
0.5315735340
0.4976289868
0.4906358719
0.6002863646
0.5434918404
0.4771605432
0.4919674993
0.5480664372
0.5283105969
0.4375238121
0.5139318705
0.5566333532
0.5044881701
0.4680447578
0.5229624510
0.5813712478
0.4969542623
0.3928841352
0.4371246397
0.5178332925
0.4304437041
0.5256744623
0.5569499731
0.5560449362
0.5230385065
0.5315923095
0.5172593594
0.5320383310
0.4571278691
0.4684816897
0.4469124377
0.5398152471
0.4490167499
0.4392040968
0.4860641956
0.5281557441
0.5577623248
0.4905790985
0.4194995463
0.4609319568
0.5689480305
0.4380113184
0.5393217206
0.4517702460
0.5068908334
0.5628118515
0.5777018666
0.5973621011
0.5356675386
0.5103926063
0.5627374053
0.5293596387
0.5074128509
0.4774630070
0.4804473817
0.5687413812
0.4853793979
0.5671005845
0.5015745759
0.4386949837
0.5385093689
0.4324355125
0.5028685331
0.6064771414
0.4872227311
0.5190846920
0.4894270003
0.5163542032
0.4466184676
0.5285685658
0.4724255502
0.3739874363
0.5629273653
0.5692822337
0.5180913210
0.6411901712
0.5483697653
0.5140290856
0.5656772852
0.5034899116
0.4407962859
0.4979737997
0.4446213841
0.3410823345
0.4124175310
0.4563699663
0.4973792434
0.4978977740
0.5396262407
0.3859282732
0.4943466187
0.4142208099
0.5239303708
0.5408673882
0.4867095053
0.4878516495
0.4838152230
0.5072809458
0.4358384609
0.4378040135
0.4627196789
0.4726098776
0.5455957055
0.4903679490
0.5308415294
0.4816551507
0.4889667928
0.4827060699
0.4618879259
0.3857896328
0.5273481607
0.5412761569
0.5293088555
0.4946118593
0.5203837752
0.4166598916
0.4342706800
0.4968520105
0.4572024941
0.4295266867
0.5431074500
0.5246496797
0.4340478778
0.3611912727
0.5036972165
0.5292057395
0.4102042615
0.4718239307
0.4389015138
0.5735834241
0.4907647073
0.4790498614
0.4666448534
0.5085340142
0.5206866860
0.4419539869
0.4158401787
0.5159388781
0.4633407295
0.4688246250
0.4440319240
0.4833283126
0.4034586847
0.4813765883
0.4891255796
0.4248212576
0.4825255871
0.5372486711
0.4348636568
0.5142452717
0.5269798636
0.5549844503
0.4580595493
0.4763639271
0.4571593702
0.5035703778
0.5195293427
0.5328174829
0.5633674860
0.4498946071
0.5475120544
0.5533016324
0.5390103459
0.5788036585
0.5446814299
0.4643886089
0.4883443117
0.4836569130
0.5619025230
0.5891227126
0.5181728005
0.4709983766
0.4093797505
0.5092864037
0.5211848021
0.4794545174
0.4875104129
0.4868334830
0.4458738565
0.5362036228
0.6052846313
0.4288288653
0.5318649411
0.4410544634
0.4700871706
0.5740864277
0.4132535458
0.5785211325
0.4522535503
0.5170292854
0.4949753284
0.4734045267
0.6309148669
0.5418520570
0.5447915792
0.3928858638
0.5656085610
0.4294623435
0.5780432224
0.5175350308
0.5084888339
0.4506845176
0.5235036016
0.5997872353
0.4997065067
0.5374441743
0.5720082521
0.4684095085
0.4580862224
0.5326622725
0.5164339542
0.5291140676
0.4520810843
0.5483852625
0.5073543787
0.4718797207
0.5062129498
0.4913716316
0.4908603132
0.4848957658
0.5574536920
0.5278251767
0.5317314863
0.4265384078
0.6077885628
0.4149802327
0.5663639307
0.4616456926
0.5386084318
0.5300508142
0.4814647734
0.5055312514
0.5051832795
0.5508211851
0.4477202892
0.5361334682
0.5399875045
0.5376299620
0.5247022510
0.5446413755
0.4814736545
0.5069215894
0.5858940482
0.5839531422
0.3978796005
0.5111594796
0.4924605489
0.4766265750
0.4759432971
0.4973524511
0.4715138674
0.5587197542
0.4780382514
0.5163114667
0.3986448646
0.4865686297
0.5235236287
0.5084666014
0.5640076399
0.4281535745
0.4659256339
0.5153217316
0.5171268582
0.5048037767
0.4815371335
0.4975031614
0.4777609408
0.4888825715
0.4704874158
0.4440550208
0.4529540539
0.5655050874
0.4845124185
0.5050015450
0.6122522354
0.4150108397
0.4783943295
0.5274013281
0.5330783725
0.4740933478
0.4746359885
0.5036591291
0.3965337873
0.4976437688
0.4910720885
0.5077571273
0.5082569718
0.4434866607
0.3991624415
0.4715864658
0.5854522586
0.5348833799
0.3963828385
0.4583954811
0.4666827619
0.5211383700
0.4886364341
0.5490540266
0.4835802615
0.4578196108
0.5316681266
0.4541081190
0.5147008896
0.4964977205
0.4077970982
0.5445942879
0.3860781789
0.5422734618
0.5137808919
0.5005257726
0.5611612797
0.4781263769
0.4301646650
0.5320318937
0.4927962124
0.4321380258
0.4690339267
0.4545119405
0.5155881047
0.4093254209
0.4290183187
0.5273261666
0.5319212675
0.4561351836
0.5677797794
0.4675066769
0.5263902545
0.4854779541
0.5729122162
0.5452365875
0.5976949930
0.5707535744
0.4659526646
0.4406031370
0.5053400993
0.5203301907
0.4743911028
0.5280243158
0.4753782749
0.5820776820
0.5099796057
0.4419133961
0.5791190863
0.5495068431
0.4754656553
0.5523039103
0.4916761220
0.5303729177
0.4552435279
0.4840442836
0.5118438005
0.3646204472
0.5007147193
0.4466003180
0.5127189159
0.4869408011
0.4864110649
0.5328840017
0.5059327483
0.4932940006
0.4117147028
0.4617430866
0.5516596437
0.4587977529
0.4519495070
0.4157437384
0.5257501006
0.4732863605
0.4632908702
0.5440331697
0.5832877755
0.4518900514
0.4777541161
0.4239333272
0.5027422905
0.5078842640
0.5038622022
0.4971445501
0.5356812477
0.5497011542
0.5071725845
0.6095107198
0.5960248709
0.4952706397
0.5857750177
0.5953774452
0.5070237517
0.5025539994
0.4039339125
0.4853981435
0.6050411463
0.5243962407
0.5780320764
0.5126315355
0.5321570039
0.5133370161
0.4850157797
0.5348979831
0.5028588772
0.4387874901
0.4523627758
0.4644753635
0.5367590785
0.3971786201
0.5300807953
0.6697876453
0.5321471095
0.4630118012
0.4742965698
0.5177820921
0.6301113963
0.4751649499
0.5101482868
0.5672479272
0.5949668884
0.4835558832
0.5884956121
0.4880211949
0.4626534581
0.4839280248
0.5209801197
0.5048617721
0.4930322170
0.4764755666
0.4683502316
0.4408680797
0.5339037180
0.5073749423
0.5318316221
0.4695109129
0.4618915915
0.4654779732
0.4749748111
0.5267882943
0.5744270086
0.4726498127
0.4595555365
0.4232717156
0.4567514062
0.5831556320
0.5156179070
0.4566777050
0.4613230526
0.5734719634
0.4701265693
0.5040311813
0.3528753221
0.4337711334
0.4756858945
0.4339128137
0.4519862235
0.5410400629
0.4311128259
0.5421518087
0.4648891687
0.5023216009
0.5397952795
0.5152602196
0.4025719762
0.4514313936
0.5525307655
0.4580902755
0.5630128384
0.5345009565
0.4569465220
0.5167481303
0.5521519780
0.5967689753
0.4766886532
0.4395591617
0.4532521367
0.5574831367
0.5050744414
0.5298905969
0.5159844756
0.4755301178
0.5120571852
0.4645884037
0.6144110560
0.3844514489
0.5675066113
0.5106273293
0.5581648350
0.5582866073
0.5691881180
0.5766565204
0.5376933217
0.5565747023
0.6323067546
0.4204862118
0.4632300436
0.4646995366
0.6105653644
0.4328987300
0.5190396905
0.4960488677
0.5280867815
0.5082320571
0.5320951343
0.5117419958
0.4708291292
0.5041947365
0.5079164505
0.6143476963
0.4640257359
0.5126076937
0.5540884137
0.5178913474
0.5144036412
0.4568060637
0.4951460660
0.5052906871
0.5662518144
0.4573739171
0.5460731387
0.4954687357
0.5441150069
0.5172535777
0.4851778746
0.5856301785
0.4305290878
0.4678370953
0.4273099303
0.5944504142
0.5734747052
0.5316469669
0.4799676538
0.5053570867
0.4710260630
0.4332501292
0.3616599441
0.4798502326
0.5186558962
0.5382083654
0.4985077679
0.5188619494
0.5511415005
0.4753149450
0.4719597101
0.4769016802
0.5324510932
0.5459592938
0.5421038866
0.4330707192
0.5075224042
0.4653222263
0.4330877364
0.5128894448
0.5130983591
0.4559868574
0.4775917530
0.5184112787
0.5301690698
0.4841228724
0.4605732560
0.4330062866
0.4993106127
0.4438454211
0.5646808743
0.3916680217
0.5207726955
0.4715687633
0.4604741335
0.4903354049
0.3919821978
0.4755672514
0.4957889020
0.5190215707
0.4874759018
0.4409115016
0.5155444145
0.4879673421
0.4848811030
0.5108437538
0.5206320286
0.5375359654
0.4841977060
0.5579347014
0.5668920279
0.5545737147
0.5040515065
0.5844113231
0.4315764904
0.4762961268
0.5568665266
0.5161516666
0.5014312863
0.4548505247
0.5357811451
0.4879860282
0.5137879252
0.5640189052
0.4960292280
0.5047254562
0.5059052706
0.5931001902
0.5582774878
0.4280303717
0.5258414149
0.5166856050
0.5740756392
0.5175120234
0.5187358260
0.4811132550
0.5166997313
0.5933018327
0.5327093601
0.5410488248
0.4321432710
0.4924983382
0.5060320497
0.5436475277
0.4906405807
0.5909057260
0.3640696406
0.4686619639
0.4278374910
0.5002956986
0.4900692701
0.4733069539
0.4784123898
0.4772628248
0.5329092145
0.5016786456
0.5014365911
0.5639070868
0.3931296766
0.5095320344
0.5094363689
0.4313257933
0.6129727364
0.5370224714
0.5924586058
0.5368076563
0.4130342901
0.4392656088
0.4245538116
0.4836682081
0.4661837518
0.5645519495
0.4556263685
0.4980573058
0.5502632260
0.4947145581
0.4536898732
0.5281419754
0.5549530983
0.5270475745
0.4960647225
0.4824726284
0.5276527405
0.4249800146
0.4219090044
0.4085940421
0.4610925019
0.4832768440
0.5119668841
0.4723389447
0.4705694914
0.4161064625
0.5209559798
0.5376591086
0.4601371288
0.4553244710
0.5251719356
0.4694373012
0.4592229724
0.5085434318
0.4953584969
0.5107109547
0.4573505521
0.4169719219
0.4821275473
0.4549835026
0.4962932467
0.4263480306
0.6267600656
0.4353836477
0.4848523438
0.5350805521
0.5340809822
0.4781811833
0.4894468486
0.4410225451
0.4924250841
0.4904099703
0.4331087470
0.4967595041
0.5222262740
0.5570653677
0.6151322126
0.4543348551
0.5097276568
0.5421426892
0.5567194819
0.5499438047
0.5628658533
0.4770509601
0.5146699548
0.4991320372
0.5590490103
0.4376526773
0.5199614763
0.4493798316
0.5441766977
0.4510357380
0.5462654233
0.4916707277
0.4424426258
0.5055246949
0.4400634468
0.5728414059
0.4463908076
0.4174198210
0.4907869101
0.6154620647
0.5104376674
0.5611016154
0.4951873124
0.5062903166
0.4947926700
0.5199097395
0.4313238859
0.4868218601
0.4450210333
0.5165569782
0.5810043812
0.5258092284
0.4681403041
0.5043505430
0.5051478148
0.4983875453
0.5351939201
0.5087414980
0.4810748398
0.5770192742
0.5151975751
0.5231996179
0.4695211351
0.4815856218
0.4943106771
0.4296683669
0.5224816799
0.4730261564
0.5038907528
0.4300242066
0.5165788531
0.5477048755
0.5563537478
0.5107941031
0.4358121157
0.4625661075
0.4322633147
0.5463874340
0.4407234788
0.5762702823
0.4394893348
0.5145872235
0.4630750418
0.4432345629
0.4518305659
0.5420659781
0.4521400928
0.5691112876
0.5342230797
0.4300367236
0.5421605706
0.5240257978
0.5094712377
0.4127962291
0.4903057814
0.4534812570
0.5094530582
0.5646187067
0.4680326581
0.5212948918
0.4998290837
0.4288271368
0.4012999833
0.5428084135
0.4495376348
0.4823139012
0.4131655693
0.4233711362
0.5783642530
0.3808169663
0.4867649972
0.5071634650
0.5120603442
0.5225896239
0.5096992254
0.4312286079
0.4704885483
0.5119271278
0.5167551637
0.4875860810
0.4955992997
0.5367232561
0.5963027477
0.5067256689
0.5553144217
0.4625858665
0.5275912285
0.5423862934
0.5086933970
0.4460062385
0.4186068177
0.5314667225
0.4958183169
0.5369044542
0.5402817726
0.4838364720
0.4817367196
0.5634915233
0.6488645077
0.5492620468
0.5681175590
0.5153909922
0.3970077038
0.4889069200
0.5028960109
0.4951092601
0.5409198999
0.4998928607
0.5456249118
0.4516215324
0.5160012245
0.4865692854
0.5386136174
0.5517624021
0.4930133224
0.5380951762
0.5320740938
0.4798427522
0.4907040596
0.5997887850
0.5362251401
0.4778326154
0.4958395064
0.5409501195
0.5202786326
0.4380888939
0.5107068419
0.5753006339
0.5041783452
0.4635287523
0.5137430429
0.5935880542
0.4956057966
0.4138709605
0.4465422034
0.5206126571
0.4336189628
0.5285173655
0.5579665899
0.5491586924
0.5300686359
0.5195520520
0.5129010081
0.5318465829
0.4518288076
0.4810780287
0.4444736242
0.5346058011
0.4477874041
0.4473810494
0.4846679568
0.5361882448
0.5608775616
0.4955235720
0.4236552715
0.4602972269
0.5739853978
0.4408887327
0.5383000374
0.4503012598
0.5096459985
0.5497503877
0.5721883774
0.5960150957
0.5245801210
0.5150800943
0.5607167482
0.5352056026
0.5009264946
0.4781034589
0.4872540534
0.5715054870
0.4805706143
0.5702447891
0.4973697066
0.4392512739
0.5453588367
0.4361087978
0.4946144223
0.6116343141
0.4992414117
0.5303289294
0.4951713383
0.5268949270
0.4490084648
0.5229226351
0.4780846834
0.3678446412
0.5547338128
0.5646235943
0.5197875500
0.6437629461
0.5479768515
0.5221771002
0.5687205791
0.5027854443
0.4410470128
0.5061144233
0.4417383671
0.3393286467
0.4038712382
0.4538452029
0.5057852268
0.4963074028
0.5346134901
0.3917677999
0.5019626617
0.4226838648
0.5136774182
0.5450880527
0.4878380001
0.4867533147
0.4824396968
0.5023925900
0.4340931773
0.4214664400
0.4712285995
0.4598109424
0.5506531596
0.4868557155
0.5287630558
0.4848354161
0.4886231422
0.4638898373
0.4566162527
0.3966093957
0.5234559774
0.5399040580
0.5202488303
0.4875953794
0.5126104951
0.4100920558
0.4255142808
0.5049225688
0.4646320045
0.4301393628
0.5362171531
0.5236762762
0.4305628836
0.3626742363
0.5033136010
0.5363450050
0.4217731953
0.4682269394
0.4332932830
0.5706743598
0.4941014051
0.4839986563
0.4648102522
0.5115845203
0.5131275058
0.4473010600
0.4160972238
0.5095108151
0.4646381736
0.4591163099
0.4437655807
0.4857374728
0.4147974551
0.4704322815
0.4824016094
0.4165039957
0.4910667241
0.5368453860
0.4421088696
0.5081529021
0.5343840122
0.5620898008
0.4584746361
0.4841012955
0.4668993652
0.5038991570
0.5172789693
0.5318295360
0.5586990118
0.4554857612
0.5507746935
0.5536156893
0.5350599289
0.5798684359
0.5452269316
0.4561488032
0.4894940257
0.4846508205
0.5584257245
0.5911688805
0.5236594677
0.4767121971
0.4271966815
0.5149049163
0.5207743645
0.4747774601
0.4896093607
0.4857998788
0.4510381818
0.5380047560
0.6001644731
0.4171876907
0.5261028409
0.4344924390
0.4654126465
0.5768501759
0.4199226499
0.5821872950
0.4472168982
0.5076255202
0.4880224764
0.4751819372
0.6302404404
0.5482845306
0.5571534634
0.3971858025
0.5540272593
0.4331723452
0.5733845830
0.5189462304
0.5045645833
0.4500330985
0.5136524439
0.5953106880
0.4895591140
0.5526165366
0.5702856183
0.4690914750
0.4578598738
0.5482050180
0.5119078755
0.5286730528
0.4554572403
0.5497117043
0.5045582652
0.4679072499
0.5066975951
0.4943423569
0.4850642681
0.4864527583
0.5539453030
0.5258119106
0.5275922418
0.4272199869
0.5994538069
0.4183568954
0.5681152940
0.4598662555
0.5319696665
0.5248221755
0.4774199724
0.5062032342
0.5072946548
0.5524970293
0.4479490817
0.5366383195
0.5476850867
0.5385285616
0.5247132182
0.5494345427
0.4870461524
0.5062863231
0.5793827772
0.5858849883
0.4083722234
0.5118226409
0.4930951297
0.4786207676
0.4637463987
0.4898262024
0.4627707899
0.5475623012
0.4842827022
0.5101004243
0.4003777206
0.4825977087
0.5260312557
0.5090423822
0.5622395277
0.4244350195
0.4705306590
0.5192170739
0.5148109198
0.5074840784
0.4777450860
0.4837679267
0.4814079404
0.4969377220
0.4813509881
0.4366134405
0.4475049675
0.5644142628
0.4868438244
0.4994982779
0.6036977768
0.4164581299
0.4819627702
0.5303705335
0.5341165662
0.4742544293
0.4807015061
0.4937230051
0.3950033188
0.4938080311
0.4933841527
0.5060440898
0.5023971796
0.4406050146
0.3927454352
0.4772948027
0.5867828727
0.5426501036
0.3950889707
0.4624077976
0.4650552571
0.5179815888
0.4793379009
0.5620927215
0.4791438580
0.4632642269
0.5279666781
0.4629682302
0.5173714161
0.4831992984
0.3978060186
0.5526090860
0.3767569065
0.5449942350
0.5080485940
0.5026831031
0.5644069910
0.4866210222
0.4270435274
0.5328791738
0.4925651252
0.4261513650
0.4630068839
0.4540143311
0.5129089355
0.4193612337
0.4261706471
0.5244582295
0.5201942921
0.4564718306
0.5603168011
0.4662185311
0.5298773050
0.4926235676
0.5711137652
0.5354032516
0.5938265324
0.5659564734
0.4741691649
0.4470864534
0.5016419291
0.5275877118
0.4832831323
0.5175278783
0.4743482769
0.5793310404
0.5065253973
0.4391586781
0.5801139474
0.5461887717
0.4769391119
0.5528026819
0.4964930415
0.5307579041
0.4573689997
0.4785632193
0.5088448524
0.3626891375
0.4995440841
0.4408239126
0.5150490999
0.4896304309
0.4792821407
0.5371408463
0.4970691204
0.4939726591
0.4095427990
0.4741612673
0.5582278967
0.4584206939
0.4699300230
0.4197333455
0.5314228535
0.4787925780
0.4579322040
0.5449492335
0.5881389380
0.4501799345
0.4721865654
0.4179741740
0.4855823815
0.5038576126
0.4937887490
0.4891116619
0.5417498946
0.5385188460
0.5081123114
0.6138517261
0.5887651443
0.5021700859
0.5937126279
0.5997292399
0.5049751997
0.5055275559
0.4222169518
0.4800249636
0.5916143060
0.5304152369
0.5790476799
0.5014598966
0.5270223618
0.5105292201
0.4809303582
0.5381099582
0.5009542704
0.4464109242
0.4569654763
0.4649257660
0.5390629768
0.3969168067
0.5343926549
0.6695163846
0.5305001140
0.4547978342
0.4773118794
0.5121226907
0.6354578733
0.4779849350
0.5040271878
0.5693968534
0.5990436077
0.4762310088
0.5932973027
0.4881330431
0.4615618885
0.5006944537
0.5091447830
0.5037958026
0.4993818402
0.4790093303
0.4718771279
0.4416894615
0.5330579281
0.5039096475
0.5276341438
0.4700343609
0.4708654583
0.4844644368
0.4762315750
0.5171870589
0.5758655071
0.4850121439
0.4636782110
0.4289833605
0.4573166370
0.5759723186
0.5051711202
0.4648982882
0.4664276838
0.5730597377
0.4803515077
0.5016769767
0.3478004336
0.4243938625
0.4848029017
0.4354865253
0.4625682235
0.5326958299
0.4244515300
0.5413464308
0.4595065117
0.4921417832
0.5334940553
0.4984594882
0.4099316597
0.4545758367
0.5352289677
0.4565319121
0.5698652267
0.5333865285
0.4498003125
0.5172598958
0.5483131409
0.5881826878
0.4717923999
0.4381379783
0.4569306374
0.5425686240
0.5126973391
0.5346290469
0.5193380117
0.4874405861
0.5157975554
0.4588236511
0.6234780550
0.3942465782
0.5652636886
0.5164399147
0.5626652837
0.5480510592
0.5675072670
0.5748640299
0.5469410419
0.5568420887
0.6313925982
0.4314273298
0.4576928914
0.4689138830
0.6117565632
0.4401798844
0.5120743513
0.4965215623
0.5278800130
0.5101245046
0.5247171521
0.5094033480
0.4764609635
0.5143780112
0.5093200207
0.6031419635
0.4759868979
0.5018388033
0.5486456156
0.5293180943
0.5168209076
0.4426113069
0.4983582497
0.5092378855
0.5562664270
0.4619991183
0.5455284715
0.5018191934
0.5418333411
0.5220475793
0.4867631197
0.5793700814
0.4479627609
0.4664248526
0.4335645735
0.5932154059
0.5668507814
0.5393015146
0.4672494829
0.4938684702
0.4687083066
0.4403623641
0.3679962158
0.4888643324
0.5212992430
0.5403739214
0.5002091527
0.5228487253
0.5558500886
0.4851237237
0.4748789966
0.4816669822
0.5292097330
0.5417323709
0.5470899343
0.4282547235
0.5065512657
0.4593800902
0.4406431019
0.5145287514
0.5129341483
0.4661442637
0.4755587280
0.5239663720
0.5244551897
0.4946400821
0.4556737244
0.4325388074
0.4984693825
0.4481175542
0.5584194660
0.3786075115
0.5107050538
0.4639869928
0.4704906344
0.4745541215
0.3973046541
0.4829854071
0.4976300001
0.5223386288
0.4898839593
0.4432834983
0.5088877082
0.4757087827
0.4812303185
0.5156520605
0.5154575109
0.5404588580
0.4834850729
0.5629717112
0.5619949102
0.5537761450
0.5058767200
0.5755060911
0.4422231019
0.4725032151
0.5554010272
0.5157118440
0.4998539388
0.4447566867
0.5335675478
0.4811488390
0.5163252950
0.5593589544
0.5037897229
0.5026313066
0.5027105808
0.5996170044
0.5585773587
0.4261001647
0.5246480107
0.5179093480
0.5698819757
0.5096963048
nan
nan
nan
nan
nan
nan
nan
nan
nan
nan
nan
nan
nan
nan
nan
nan
nan
nan
nan
nan
nan
nan
nan
nan
nan
nan
nan
nan
nan
nan
nan
nan
nan
nan
nan
nan
nan
nan
nan
nan
nan
nan
nan
nan
nan
nan
nan
nan
nan
nan
nan
nan
nan
nan
nan
nan
nan
nan
nan
nan
nan
nan
nan
nan
nan
nan
nan
nan
nan
nan
nan
nan
nan
nan
nan
nan
nan
nan
nan
nan
nan
nan
nan
nan
nan
nan
nan
nan
nan
nan
nan
nan
nan
nan
nan
nan
nan
nan
nan
nan
nan
nan
nan
nan
nan
nan
nan
nan
nan
nan
nan
nan
nan
nan
nan
nan
nan
nan
nan
nan
nan
nan
nan
nan
nan
nan
nan
nan
nan
nan
nan
nan
nan
nan
nan
nan
nan
nan
nan
nan
nan
nan
nan
nan
nan
nan
nan
nan
nan
nan
nan
nan
nan
nan
nan
nan
nan
nan
nan
nan
nan
nan
nan
nan
nan
nan
nan
nan
nan
nan
nan
nan
nan
nan
nan
nan
nan
nan
nan
nan
nan
nan
nan
nan
nan
nan
nan
nan
nan
nan
nan
nan
nan
nan
nan
nan
nan
nan
nan
nan
nan
nan
nan
nan
nan
nan
nan
nan
nan
nan
nan
nan
nan
nan
nan
nan
nan
nan
nan
nan
nan
nan
nan
nan
nan
nan
nan
nan
nan
nan
nan
nan
nan
nan
nan
nan
nan
nan
nan
nan
nan
nan
nan
nan
nan
nan
nan
nan
nan
nan
nan
nan
nan
nan
nan
nan
nan
nan
nan
nan
nan
nan
nan
nan
nan
nan
nan
nan
nan
nan
nan
nan
nan
nan
nan
nan
nan
nan
nan
nan
nan
nan
nan
nan
nan
nan
nan
nan
nan
nan
nan
nan
nan
nan
nan
nan
nan
nan
nan
nan
nan
nan
nan
nan
nan
nan
nan
nan
nan
nan
nan
nan
nan
nan
nan
nan
nan
nan
nan
nan
nan
nan
nan
nan
nan
nan
nan
nan
nan
nan
nan
nan
nan
nan
nan
nan
nan
nan
nan
nan
nan
nan
nan
nan
nan
nan
nan
nan
nan
nan
nan
nan
nan
nan
nan
nan
nan
nan
nan
nan
nan
nan
nan
nan
nan
nan
nan
nan
nan
nan
nan
nan
nan
nan
nan
nan
nan
nan
nan
nan
nan
nan
nan
nan
nan
nan
nan
nan
nan
nan
nan
nan
nan
nan
nan
nan
nan
nan
nan
nan
nan
nan
nan
nan
nan
nan
nan
nan
nan
nan
nan
nan
nan
nan
nan
nan
nan
nan
nan
nan
nan
nan
nan
nan
nan
nan
nan
nan
nan
nan
nan
nan
nan
nan
nan
nan
nan
nan
nan
nan
nan
nan
nan
nan
nan
nan
nan
nan
nan
nan
nan
nan
nan
nan
nan
nan
nan
nan
nan
nan
nan
nan
nan
nan
nan
nan
nan
nan
nan
nan
nan
nan
nan
nan
nan
nan
nan
nan
nan
nan
nan
nan
nan
nan
nan
nan
nan
nan
nan
nan
nan
nan
nan
nan
nan
nan
nan
nan
nan
nan
nan
nan
nan
nan
nan
nan
nan
nan
nan
nan
nan
nan
nan
nan
nan
nan
nan
nan
nan
nan
nan
nan
nan
nan
nan
nan
nan
nan
nan
nan
nan
nan
nan
nan
nan
nan
nan
nan
nan
nan
nan
nan
nan
nan
nan
nan
nan
nan
nan
nan
nan
nan
nan
nan
nan
nan
nan
nan
nan
nan
nan
nan
nan
nan
nan
nan
nan
nan
nan
nan
nan
nan
nan
nan
nan
nan
nan
nan
nan
nan
nan
nan
nan
nan
nan
nan
nan
nan
nan
nan
nan
nan
nan
nan
nan
nan
nan
nan
nan
nan
nan
nan
nan
nan
nan
nan
nan
nan
nan
nan
nan
nan
nan
nan
nan
nan
nan
nan
nan
nan
nan
nan
nan
nan
nan
nan
nan
nan
nan
nan
nan
nan
nan
nan
nan
nan
nan
nan
nan
nan
nan
nan
nan
nan
nan
nan
nan
nan
nan
nan
nan
nan
nan
nan
nan
nan
nan
nan
nan
nan
nan
nan
nan
nan
nan
nan
nan
nan
nan
nan
nan
nan
nan
nan
nan
nan
nan
nan
nan
nan
nan
nan
nan
nan
nan
nan
nan
nan
nan
nan
nan
nan
nan
nan
nan
nan
nan
nan
nan
nan
nan
nan
nan
nan
nan
nan
nan
nan
nan
nan
nan
nan
nan
nan
nan
nan
nan
nan
nan
nan
nan
nan
nan
nan
nan
nan
nan
nan
nan
nan
nan
nan
nan
nan
nan
nan
nan
nan
nan
nan
nan
nan
nan
nan
nan
nan
nan
nan
nan
nan
nan
nan
nan
nan
nan
nan
nan
nan
nan
nan
nan
nan
nan
nan
nan
nan
nan
nan
nan
nan
nan
nan
nan
nan
nan
nan
nan
nan
nan
nan
nan
nan
nan
nan
nan
nan
nan
nan
nan
nan
nan
nan
nan
nan
nan
nan
nan
nan
nan
nan
nan
nan
nan
nan
nan
nan
nan
nan
nan
nan
nan
nan
nan
nan
nan
nan
nan
nan
nan
nan
nan
nan
nan
nan
nan
nan
nan
nan
nan
nan
nan
nan
