0.9997421503
0.9997535348
0.9998177290
0.9996737242
0.9995970726
0.9996389151
0.9997350574
0.9997926354
0.9997859001
0.9997410774
0.9997885823
0.9997826219
0.9997607470
0.9997153878
0.9997571111
0.9996720552
0.9996564984
0.9997591972
0.9997667074
0.9996876717
0.9998909235
0.9998507500
0.9998351336
0.9998153448
0.9997556210
0.9998161793
0.9998053312
0.9998599291
0.9998103380
0.9998714924
0.9997196198
0.9997887611
0.9998164177
0.9997864962
0.9997709990
0.9997947216
0.9997810721
0.9998151064
0.9997776747
0.9998172522
0.9997271299
0.9998636842
0.9997176528
0.9997122884
0.9997875690
0.9997118711
0.9998422861
0.9998364449
0.9996278882
0.9997341037
0.9998136759
0.9998291731
0.9998497963
0.9997330904
0.9998023510
0.9998393059
0.9998229742
0.9998258352
0.9997759461
0.9998192787
0.9997788668
0.9998450279
0.9996466637
0.9997732639
0.9997616410
0.9998367429
0.9997332096
0.9997917414
0.9998009801
0.9997369051
0.9998292923
0.9997477531
0.9998273253
0.9997513294
0.9996348619
0.9997837543
0.9997623563
0.9998419285
0.9998109341
0.9998662472
0.9997578859
0.9996607304
0.9997034073
0.9997420311
0.9997315407
0.9996986985
0.9997962713
0.9998414516
0.9998001456
0.9996498823
0.9997690320
0.9997201562
0.9997117519
0.9997150302
0.9997785091
0.9997848272
0.9997799397
0.9997782707
0.9998189807
0.9998685122
0.9997929931
0.9997720718
0.9997884035
0.9998379946
0.9998224974
0.9997762442
0.9997158051
0.9998160005
0.9997621775
0.9998074770
0.9998379946
0.9997580051
0.9997445345
0.9997154474
0.9998055696
0.9997676611
0.9998037815
0.9998286963
0.9998039007
0.9997885227
0.9997427464
0.9998590946
0.9997895956
0.9996441603
0.9998226762
0.9998645782
0.9997982979
0.9997230768
0.9998012781
0.9998340607
0.9997857809
0.9997246265
0.9998668432
0.9997892380
0.9998030663
0.9997659326
0.9997884035
0.9997866154
0.9997564554
0.9996930361
0.9997146726
0.9998170733
0.9998980761
0.9997097254
0.9997875690
0.9997032285
0.9998199940
0.9997718334
0.9997729659
0.9998514056
0.9998321533
0.9998458624
0.9997825623
0.9998354316
0.9996857643
0.9997668266
0.9998108149
0.9997934699
0.9998359084
0.9997500181
0.9996987581
0.9997221231
0.9997360110
0.9997985363
0.9997698665
0.9997180700
0.9996306896
0.9997419715
0.9998082519
0.9997684956
0.9998366833
0.9998285770
0.9996951818
0.9997559786
0.9998238087
0.9997977018
0.9997733831
0.9997622967
0.9997384548
0.9998086095
0.9997833967
0.9997081757
0.9998645782
0.9996414185
0.9997004867
0.9997609854
0.9997350574
0.9997839928
0.9997564554
0.9997420311
0.9996863604
0.9998126626
0.9996938705
0.9997842312
0.9997729063
0.9998031259
0.9997447729
0.9997835159
0.9998061657
0.9996341467
0.9997597933
0.9997439384
0.9996440411
0.9997417331
0.9997723103
0.9998062849
0.9998209476
0.9997993708
0.9997760057
0.9996623993
0.9997035265
0.9997115135
0.9997816086
0.9998092055
0.9997235537
0.9998075962
0.9996904731
0.9997673035
0.9996709824
0.9997316003
0.9997347593
0.9997351170
0.9997712374
0.9997769594
0.9996600747
0.9996407032
0.9996322393
0.9997279644
0.9997314215
0.9997274876
0.9996976852
0.9997361898
0.9997940660
0.9998120666
0.9997835159
0.9996855259
0.9996876717
0.9998452663
0.9997559786
0.9996759892
0.9996356964
0.9996447563
0.9998503923
0.9997344017
0.9997004271
0.9997888207
0.9996082187
0.9996246099
0.9997754097
0.9996396303
0.9998183846
0.9997903109
0.9998351336
0.9998048544
0.9997625351
0.9997075796
0.9997490644
0.9997203350
0.9998441935
0.9997487068
0.9996731281
0.9998179674
0.9997565746
0.9997796416
0.9997258186
0.9998081923
0.9996653795
0.9999001026
0.9997857809
0.9997684360
0.9997664690
0.9998196363
0.9998378754
0.9996162653
0.9996553659
0.9998096228
0.9997299910
0.9997581244
0.9996783733
0.9998006821
0.9997677803
0.9997512102
0.9996488094
0.9996150732
0.9997605085
0.9998015165
0.9997304678
0.9996761084
0.9997131824
0.9998458624
0.9998052716
0.9997437596
0.9997779131
0.9997621775
0.9996732473
0.9997113943
0.9997156858
0.9998046160
0.9998283386
0.9997810721
0.9997789264
0.9997828007
0.9997733235
0.9996614456
0.9997618198
0.9997839928
0.9997542500
0.9997547269
0.9998023510
0.9996478558
0.9998408556
0.9996702671
0.9997873306
0.9997868538
0.9997930527
0.9996597767
0.9996594191
0.9997133017
0.9997924566
0.9996733665
0.9997014999
0.9997509122
0.9997667074
0.9997621775
0.9997223020
0.9997695684
0.9997051954
0.9998033047
0.9997892380
0.9997350574
0.9998435974
0.9997317195
0.9996883273
0.9998459816
0.9998707771
0.9997103214
0.9998322129
0.9998265505
0.9997385144
0.9997682571
0.9997692108
0.9997493625
0.9997262955
0.9997898936
0.9997484684
0.9998084903
0.9997307062
0.9997698069
0.9997159243
0.9998061657
0.9997435212
0.9997267723
0.9997661114
0.9998422861
0.9998160601
0.9997718930
0.9998478889
0.9998186231
0.9998484850
0.9998314381
0.9997887611
0.9998458624
0.9997060299
0.9997290373
0.9998351336
0.9997830391
0.9997650385
0.9997018576
0.9998127222
0.9997592568
0.9997620583
0.9997273684
0.9997431040
0.9996552467
0.9998191595
0.9996608496
0.9998039007
0.9996935129
0.9997564554
0.9997076988
0.9998631477
0.9997355938
0.9997920394
0.9998590946
0.9996761084
0.9996101856
0.9997206330
0.9997976422
0.9998152852
0.9998652935
0.9998233318
0.9998480082
0.9998208284
0.9998301864
0.9998270273
0.9997141361
0.9997402430
0.9998164177
0.9998177886
0.9998147488
0.9997854233
0.9997825623
0.9998109341
0.9997482300
0.9997406006
0.9997396469
0.9998054504
0.9998163581
0.9997652769
0.9998117089
0.9996768236
0.9997260571
0.9998643398
0.9998582602
0.9997508526
0.9998307228
0.9997439384
0.9997040033
0.9997594357
0.9997819662
0.9997973442
0.9997326136
0.9997614026
0.9997818470
0.9997558594
0.9997925758
0.9997706413
0.9997156858
0.9996955395
0.9997866154
0.9997522235
0.9997322559
0.9998621345
0.9997759461
0.9997551441
0.9998329878
0.9997067451
0.9997570515
0.9997324944
0.9998148680
0.9997768402
0.9997635484
0.9996563196
0.9997529984
0.9998192787
0.9998058081
0.9997524023
0.9997624159
0.9998426437
0.9997447729
0.9997910261
0.9998440146
0.9998291731
0.9998352528
0.9996754527
0.9997425079
0.9998354316
0.9996355772
0.9997339249
0.9997819066
0.9996622801
0.9998196959
0.9996781349
0.9998045564
0.9995814562
0.9997859597
0.9996964931
0.9996725321
0.9996938109
0.9997528791
0.9998126626
0.9998117685
0.9998224974
0.9997865558
0.9997650385
0.9996607304
0.9998174310
0.9997574091
0.9997401237
0.9996345639
0.9997414947
0.9997485280
0.9996690750
0.9997923374
0.9997118711
0.9997676611
0.9997562170
0.9997818470
0.9996733665
0.9997819066
0.9996387959
0.9996465445
0.9997700453
0.9997327924
0.9996933937
0.9996167421
0.9998285770
0.9998008013
0.9996525645
0.9996452928
0.9996944666
0.9997627735
0.9997284412
0.9996881485
0.9996216297
0.9997214079
0.9998016357
0.9996575117
0.9996817112
0.9998277426
0.9997243881
0.9998174906
0.9997310638
0.9996820688
0.9998093843
0.9998276830
0.9997303486
0.9998146296
0.9997193813
0.9997866154
0.9998034239
0.9997410774
0.9995206594
0.9997985959
0.9997845888
0.9997007847
0.9997302294
0.9997842312
0.9997189045
0.9997866154
0.9997489452
0.9998087883
0.9997645617
0.9998049736
0.9997999072
0.9998100996
0.9996234179
0.9997849464
0.9997458458
0.9996836185
0.9997645617
0.9997814894
0.9996945858
0.9997946024
0.9996302128
0.9997830987
0.9997177124
0.9997517467
0.9998147488
0.9996424913
0.9998322725
0.9998184443
0.9998072386
0.9997971058
0.9997216463
0.9997805357
0.9995927811
0.9997355938
0.9997487664
0.9997458458
0.9996896982
0.9998587370
0.9998068810
0.9997937679
0.9997800589
0.9996773005
0.9997611642
0.9997902513
0.9996726513
0.9997925162
0.9997805357
0.9996773005
0.9997072220
0.9997150302
0.9996959567
0.9997678399
0.9996194839
0.9997366667
0.9996424913
0.9998134375
0.9997869730
0.9997775555
0.9998099804
0.9998120666
0.9997574091
0.9998390675
0.9997901320
0.9997670650
0.9997628331
0.9997107983
0.9997347593
0.9998247623
0.9998347759
0.9998013377
0.9997729659
0.9998335242
0.9997407198
0.9996702671
0.9997475147
0.9998014569
0.9997094274
0.9997603893
0.9998263121
0.9997476935
0.9997256994
0.9998176098
0.9998999834
0.9998344183
0.9998052120
0.9996808171
0.9996690750
0.9997500777
0.9996254444
0.9998118877
0.9998582602
0.9997259378
0.9998014569
0.9997545481
0.9998363256
0.9997762442
0.9996678829
0.9998316765
0.9997501373
0.9998405576
0.9997555017
0.9996633530
0.9997409582
0.9998528957
0.9997686148
0.9997577667
0.9996998310
0.9997651577
0.9997851849
0.9997352958
0.9997422099
0.9998154640
0.9998067617
0.9996533394
0.9998092055
0.9998199344
0.9996603727
0.9997236133
0.9998213053
0.9998283386
0.9998060465
0.9997571707
0.9998530149
0.9997947812
0.9998731613
0.9998193383
0.9997961521
0.9997721910
0.9997794628
0.9997043610
0.9997357130
0.9998152256
0.9997726679
0.9998440742
0.9998643398
0.9996932745
0.9997830391
0.9997411966
0.9997829199
0.9997707605
0.9997404814
0.9997109771
0.9997428656
0.9998208880
0.9997948408
0.9997012019
0.9998290539
0.9998022318
0.9998241067
0.9997972250
0.9998445511
0.9997012019
0.9997016191
0.9997082949
0.9998233914
0.9996551275
0.9998422265
0.9997771978
0.9997076988
0.9997099638
0.9997192621
0.9997302890
0.9997861981
0.9998677969
0.9998466969
0.9998686314
0.9998387098
0.9996370077
0.9997710586
0.9997946024
0.9997596741
0.9998036027
0.9998157024
0.9997699857
0.9997860193
0.9998154640
0.9998009801
0.9998143911
0.9997632504
0.9997947216
0.9998481274
0.9998590350
0.9997963905
0.9998170137
0.9998226166
0.9997251034
0.9997770786
0.9998095036
0.9998472929
0.9997684360
0.9997431040
0.9997999668
0.9997420311
0.9997022152
0.9997998476
0.9997686148
0.9996520281
0.9998106360
0.9997618198
0.9997272491
0.9997226000
0.9997975826
0.9998117685
0.9997392893
0.9997560382
0.9996595979
0.9997606277
0.9997839332
0.9998238087
0.9997979403
0.9997413158
0.9997632504
0.9997969866
0.9996357560
0.9997477531
0.9997732043
0.9998482466
0.9997951984
0.9997526407
0.9997419119
0.9997322559
0.9998361468
0.9996833801
0.9998611212
0.9997777939
0.9996479750
0.9997467995
0.9997702837
0.9997128248
0.9997835159
0.9997212291
0.9997667074
0.9997673035
0.9997841120
0.9997534752
0.9997776747
0.9997986555
0.9998146296
0.9996588230
0.9996695518
0.9998829365
0.9997611642
0.9997462034
0.9998399019
0.9998477697
0.9997837543
0.9996724129
0.9997779131
0.9998303056
0.9997333288
0.9998670816
0.9998503923
0.9997851253
0.9997671843
0.9997974634
0.9998369217
0.9998458624
0.9997590780
0.9998322725
0.9996755719
0.9997464418
0.9998661280
0.9996756315
0.9998297691
0.9998373985
0.9997657537
0.9997606874
0.9998861551
0.9996745586
0.9997272491
0.9997540712
0.9997906089
0.9997285604
0.9998265505
0.9997377396
0.9997423887
0.9983566999
0.9979669452
0.9984577894
0.9984843135
0.9976028204
0.9979513288
0.9983034134
0.9978387952
0.9985371828
0.9977848530
0.9982290268
0.9980075359
0.9981925488
0.9985891581
0.9979882240
0.9976709485
0.9979913235
0.9979936481
0.9981365204
0.9975957274
0.9988189936
0.9977842569
0.9979618788
0.9982337952
0.9979090095
0.9984981418
0.9976916313
0.9983633757
0.9981489182
0.9980727434
0.9980744123
0.9980992079
0.9980741739
0.9983646274
0.9974682927
0.9982361794
0.9984120131
0.9983658791
0.9985401630
0.9986448288
0.9973692894
0.9986966848
0.9978709221
0.9978559613
0.9982690215
0.9968121648
0.9983664155
0.9983067513
0.9970458746
0.9977680445
0.9978819489
0.9988588095
0.9983432293
0.9985316992
0.9986539483
0.9983393550
0.9977847338
0.9986373186
0.9986947179
0.9986361265
0.9979941845
0.9978771806
0.9982346892
0.9977525473
0.9985557795
0.9983699322
0.9978430867
0.9979872704
0.9975640774
0.9978008866
0.9983056784
0.9977630973
0.9980771542
0.9980546236
0.9980428219
0.9973956347
0.9974505305
0.9981656075
0.9986001849
0.9980524182
0.9971257448
0.9976524115
0.9970266819
0.9971947670
0.9981178641
0.9965823889
0.9987860918
0.9983432889
0.9979858994
0.9963829517
0.9977679253
0.9967640638
0.9980418086
0.9980667830
0.9981200695
0.9978551865
0.9976992607
0.9982692003
0.9982163906
0.9985665679
0.9981168509
0.9981665611
0.9978753328
0.9983505011
0.9980832934
0.9982659817
0.9984615445
0.9984483123
0.9977911711
0.9983146787
0.9984155893
0.9981389046
0.9983240366
0.9979740381
0.9983225465
0.9974529147
0.9978243709
0.9981594086
0.9981310368
0.9976416826
0.9982618093
0.9984747171
0.9977358580
0.9981142282
0.9977178574
0.9985642433
0.9982531071
0.9976379871
0.9982686043
0.9983224869
0.9978538156
0.9980798960
0.9985024929
0.9988412261
0.9985420704
0.9984230995
0.9982214570
0.9984847307
0.9980201721
0.9981558323
0.9974896312
0.9975090027
0.9988150001
0.9981000423
0.9982595444
0.9979735613
0.9983813167
0.9977842569
0.9979691505
0.9977300763
0.9983077645
0.9988549948
0.9990594387
0.9988921881
0.9981172085
0.9984924793
0.9986093044
0.9982250929
0.9984005094
0.9977864027
0.9982666969
0.9977731705
0.9985102415
0.9983357191
0.9977079630
0.9982841015
0.9974393845
0.9978336096
0.9980136156
0.9977286458
0.9980642796
0.9988733530
0.9983794689
0.9984456897
0.9981966019
0.9980491400
0.9981962442
0.9985169172
0.9981769323
0.9984519482
0.9979006052
0.9980826974
0.9987554550
0.9983036518
0.9980388284
0.9980021119
0.9979834557
0.9983522892
0.9979690909
0.9976702929
0.9981900454
0.9977774024
0.9979411364
0.9981458187
0.9981194735
0.9979804158
0.9983597994
0.9977441430
0.9981180429
0.9980021119
0.9982893467
0.9976015687
0.9980494976
0.9981878400
0.9984793663
0.9985932112
0.9984186292
0.9989263415
0.9977366328
0.9985790253
0.9983215332
0.9976392984
0.9979382753
0.9985337257
0.9982773066
0.9986611009
0.9984642267
0.9980757236
0.9974336624
0.9979915023
0.9984976053
0.9978035688
0.9980067015
0.9978533983
0.9977762699
0.9985733032
0.9977319241
0.9984791279
0.9980599880
0.9978902936
0.9979721308
0.9980275631
0.9981496930
0.9980926514
0.9986466169
0.9981552362
0.9982176423
0.9980511665
0.9984675646
0.9983379841
0.9976564050
0.9977716208
0.9983880520
0.9983029366
0.9982093573
0.9978454709
0.9968503714
0.9982100725
0.9984138012
0.9983453155
0.9983286858
0.9974325895
0.9986238480
0.9985148907
0.9982351065
0.9974620342
0.9977481365
0.9976562262
0.9984483123
0.9984740019
0.9969303608
0.9981906414
0.9984871745
0.9983303547
0.9981718063
0.9979321957
0.9978221655
0.9986326098
0.9982212782
0.9987045527
0.9984399080
0.9985835552
0.9972277880
0.9972926378
0.9981406927
0.9984570742
0.9985874295
0.9979190826
0.9978845716
0.9982613325
0.9981353283
0.9978734851
0.9974833727
0.9984713793
0.9983206987
0.9985743761
0.9976795316
0.9971045852
0.9979346395
0.9978089929
0.9986847639
0.9982882142
0.9983678460
0.9982003570
0.9981953502
0.9976171851
0.9977408648
0.9974844456
0.9982543588
0.9985594749
0.9979552031
0.9983417988
0.9982734323
0.9980916381
0.9982361794
0.9976404905
0.9975461960
0.9983128905
0.9979018569
0.9977000952
0.9981304407
0.9984177351
0.9980640411
0.9979584217
0.9983286858
0.9971690178
0.9976036549
0.9983106852
0.9981623888
0.9981654286
0.9978933334
0.9982966185
0.9983819723
0.9974296093
0.9976645708
0.9987188578
0.9980291724
0.9973965883
0.9976115227
0.9980044365
0.9980146289
0.9970927835
0.9978138208
0.9982770681
0.9981201291
0.9975119233
0.9978657961
0.9980527163
0.9978266358
0.9978771210
0.9984271526
0.9983093739
0.9982042313
0.9977995753
0.9983725548
0.9982014298
0.9973455667
0.9976092577
0.9979360104
0.9986679554
0.9975489378
0.9982110262
0.9983595610
0.9982219934
0.9983355403
0.9977948666
0.9983114004
0.9971799850
0.9984037280
0.9989007711
0.9974459410
0.9984496832
0.9976652861
0.9979235530
0.9984069467
0.9984001517
0.9975737333
0.9977657199
0.9983582497
0.9976884127
0.9974563122
0.9975361824
0.9976024628
0.9976443052
0.9980861545
0.9969097376
0.9980524182
0.9981586933
0.9975880384
0.9981281757
0.9988325238
0.9972384572
0.9986504316
0.9979510307
0.9970169067
0.9969975352
0.9980094433
0.9986086488
0.9982708693
0.9980660677
0.9978873730
0.9984694123
0.9976605773
0.9983476996
0.9981042743
0.9982458949
0.9976140261
0.9977915287
0.9977926612
0.9981812239
0.9975579381
0.9983307123
0.9980607033
0.9976748824
0.9975770712
0.9979985952
0.9975796938
0.9973381162
0.9971311092
0.9983266592
0.9976965189
0.9978592396
0.9985969067
0.9978419542
0.9969419241
0.9974274039
0.9970114231
0.9984403849
0.9976165295
0.9978066087
0.9975121617
0.9977127314
0.9975218773
0.9977375269
0.9974113107
0.9981673360
0.9978074431
0.9974251986
0.9981085062
0.9984115958
0.9975624084
0.9980368018
0.9983155727
0.9984981418
0.9982373118
0.9986656904
0.9973415136
0.9976332784
0.9980939031
0.9984233379
0.9986625314
0.9984797239
0.9981474876
0.9981015921
0.9983912706
0.9986743927
0.9982737303
0.9982202053
0.9987826943
0.9980565310
0.9979250431
0.9980397224
0.9981441498
0.9984771013
0.9980183840
0.9979327917
0.9989498854
0.9983984828
0.9986656904
0.9981486201
0.9982143641
0.9983472824
0.9984591007
0.9988617897
0.9976669550
0.9972460270
0.9984747171
0.9979889393
0.9985839128
0.9977986813
0.9979103804
0.9988228083
0.9982149601
0.9977973104
0.9986182451
0.9987583160
0.9987279177
0.9983953834
0.9984352589
0.9982430935
0.9984596968
0.9987784624
0.9986776114
0.9985957742
0.9986509085
0.9979088306
0.9980897307
0.9978371859
0.9983875751
0.9978169203
0.9975044727
0.9983900785
0.9987830520
0.9977523088
0.9983879924
0.9983031750
0.9984701276
0.9986517429
0.9981667995
0.9974569082
0.9983062744
0.9986255169
0.9980798960
0.9982072115
0.9975724220
0.9974909425
0.9978202581
0.9986388683
0.9983246326
0.9982418418
0.9984595776
0.9985896349
0.9983976483
0.9974102974
0.9979866743
0.9983915091
0.9983001351
0.9987713099
0.9978876114
0.9983081818
0.9983773232
0.9984916449
0.9979044199
0.9982887506
0.9982823133
0.9978250265
0.9978672266
0.9978173375
0.9979684949
0.9988397956
0.9979823828
0.9980116487
0.9980521202
0.9983285666
0.9984528422
0.9985662699
0.9976416826
0.9981361032
0.9976808429
0.9973601103
0.9975651503
0.9985885620
0.9982080460
0.9983836412
0.9981266260
0.9987213612
0.9978117347
0.9976034164
0.9980974197
0.9985193014
0.9978838563
0.9979504347
0.9983059168
0.9984395504
0.9975291491
0.9979900718
0.9976157546
0.9981900454
0.9988461733
0.9983451366
0.9986100197
0.9987610579
0.9980111122
0.9981601238
0.9984990358
0.9987300634
0.9979507923
0.9984004498
0.9981708527
0.9985303879
0.9980003834
0.9983269572
0.9983505011
0.9979361296
0.9983100295
0.9983873367
0.9972090721
0.9980551004
0.9977245331
0.9975537062
0.9980424643
0.9986562133
0.9980808496
0.9985716939
0.9979704618
0.9976863861
0.9972361326
0.9978183508
0.9983630776
0.9981200695
0.9979845285
0.9974549413
0.9983110428
0.9980024099
0.9976844192
0.9984154701
0.9985253811
0.9975471497
0.9982141852
0.9976986647
0.9973490238
0.9986318350
0.9974868298
0.9987288713
0.9974001646
0.9981710911
0.9991294146
0.9986873269
0.9972141981
0.9979760051
0.9967601299
0.9980242252
0.9981560707
0.9982146025
0.9987749457
0.9978957176
0.9977782965
0.9975560904
0.9986518025
0.9982063174
0.9977290630
0.9983963966
0.9976785779
0.9982191324
0.9975499511
0.9969295263
0.9976036549
0.9981647134
0.9978299141
0.9979768991
0.9968904257
0.9981192350
0.9977532625
0.9978242517
0.9976610541
0.9984673262
0.9977340698
0.9965995550
0.9981697798
0.9972367287
0.9972557425
0.9980984330
0.9976145029
0.9987878203
0.9978558421
0.9981579781
0.9982916117
0.9983452559
0.9986881018
0.9975830317
0.9976656437
0.9978984594
0.9979237318
0.9974571466
0.9971338511
0.9967005849
0.9984568357
0.9982905388
0.9983491898
0.9971182346
0.9981400967
0.9965307713
0.9980340004
0.9973988533
0.9984920025
0.9977576137
0.9979961514
0.9974938631
0.9973563552
0.9973092675
0.9970906973
0.9980518818
0.9972286820
0.9978244305
0.9979586601
0.9971487522
0.9976077080
0.9977396727
0.9977163672
0.9971414804
0.9980959892
0.9973725080
0.9974646568
0.9981141090
0.9970794916
0.9976921678
0.9972363710
0.9979478717
0.9982143641
0.9980587959
0.9977316260
0.9977449179
0.9970296621
0.9971846342
0.9981440306
0.9977321625
0.9981558323
0.9977660179
0.9981249571
0.9980555773
0.9970731139
0.9980019331
0.9981620908
0.9978410006
0.9979821444
0.9971396327
0.9979531765
0.9984977245
0.9979943037
0.9974677563
0.9976378679
0.9975866079
0.9988216162
0.9970123172
0.9971307516
0.9973245859
0.9985638857
0.9982444048
0.9981502891
0.9973095655
0.9979858398
0.9984272718
0.9982073903
0.9979958534
0.9979985356
0.9986178875
0.9978791475
0.9982897043
0.9981253147
0.9977294207
0.9978924394
0.9982702136
0.9975422621
0.9983453155
0.9984626770
0.9983545542
0.9975630045
0.9979320765
0.9983050823
0.9979646206
0.9985876083
0.9989072084
0.9978995323
0.9976896048
0.9982773066
0.9985842109
0.9978109598
0.9987137318
0.9984272122
0.9984868169
0.9985061884
0.9978395700
0.9977478981
0.9978960752
0.9979848862
0.9978508353
0.9982989430
0.9986035824
0.9982059002
0.9983025789
0.9984123707
0.9972313046
0.9983103871
0.9981493354
0.9986705780
0.9987869263
0.9983020425
0.9984991550
0.9981964231
0.9975530505
0.9978009462
0.9980975389
0.9986261129
0.9981961250
0.9985601306
0.9983122349
0.9978444576
0.9985462427
0.9982290268
0.9980332851
0.9981036186
0.9980895519
0.9986056685
0.9980947971
0.9986766577
0.9990817308
0.9979342222
0.9979362488
0.9984436631
0.9981223345
0.9982750416
0.9991364479
0.9977126718
0.9983547926
0.9983042479
0.9984078407
0.9983375072
0.9984660149
0.9977188706
0.9980567694
0.9946131706
0.9940285683
0.9959293604
0.9952255487
0.9935766459
0.9945908189
0.9943954945
0.9939578772
0.9949188232
0.9936733246
0.9958893061
0.9945798516
0.9941821098
0.9944828749
0.9947341681
0.9925004244
0.9934864044
0.9937446117
0.9947124720
0.9942641258
0.9961246848
0.9945435524
0.9943877459
0.9944955707
0.9943584800
0.9954298735
0.9932979345
0.9946546555
0.9950724840
0.9946678281
0.9949473739
0.9943881035
0.9948834181
0.9965696335
0.9930579066
0.9947766066
0.9960911274
0.9953959584
0.9955146909
0.9954347610
0.9938921928
0.9955806732
0.9948823452
0.9948295355
0.9955388308
0.9917899370
0.9961237907
0.9945498109
0.9931023121
0.9940242767
0.9941263795
0.9961365461
0.9961396456
0.9952355027
0.9958178401
0.9959971905
0.9952002764
0.9960132837
0.9955480099
0.9961873293
0.9951838255
0.9948704243
0.9936571121
0.9949833155
0.9959486723
0.9954934716
0.9931843877
0.9945325851
0.9946222305
0.9935300350
0.9960438609
0.9947696328
0.9947465658
0.9938067198
0.9949751496
0.9939125776
0.9934677482
0.9946913719
0.9957454205
0.9944539070
0.9914273024
0.9935733676
0.9927032590
0.9932547808
0.9941366911
0.9912220240
0.9958640337
0.9959774613
0.9952385426
0.9915766716
0.9936770797
0.9917911291
0.9943529367
0.9951186180
0.9944760203
0.9944319725
0.9943480492
0.9942522049
0.9948422909
0.9957683086
0.9938408136
0.9955884814
0.9944947362
0.9947532415
0.9951196909
0.9947867393
0.9951809049
0.9954045415
0.9936729670
0.9948984385
0.9960755110
0.9948282242
0.9953104854
0.9934028387
0.9952833056
0.9943137765
0.9938527346
0.9948128462
0.9943351150
0.9949216843
0.9948934317
0.9958280325
0.9927332401
0.9946989417
0.9942620993
0.9959058166
0.9957252741
0.9945040941
0.9943326712
0.9956893921
0.9938529730
0.9947912097
0.9961047173
0.9961913228
0.9955807924
0.9956609607
0.9959686995
0.9955011606
0.9952069521
0.9950296283
0.9927983284
0.9933040738
0.9969570041
0.9939290285
0.9951215386
0.9941787124
0.9949434996
0.9935733676
0.9942518473
0.9950354099
0.9946338534
0.9960432053
0.9965059757
0.9962498546
0.9949823022
0.9956312180
0.9956613183
0.9950655699
0.9948898554
0.9945958853
0.9937855005
0.9945063591
0.9945172668
0.9946480393
0.9935511351
0.9951858521
0.9925448895
0.9942630529
0.9942907095
0.9932413101
0.9948080778
0.9967091084
0.9953269958
0.9954774380
0.9943360090
0.9942985773
0.9947034717
0.9952518940
0.9954022169
0.9954319000
0.9939360619
0.9955371022
0.9967344403
0.9950478673
0.9936500788
0.9943416119
0.9939908981
0.9948445559
0.9938814044
0.9940224886
0.9940227866
0.9934238195
0.9943698645
0.9945857525
0.9948173761
0.9949142337
0.9953513145
0.9932453632
0.9959197044
0.9945219755
0.9948503971
0.9940553904
0.9940961599
0.9947793484
0.9946761131
0.9955583215
0.9955823421
0.9962782860
0.9947046041
0.9956077337
0.9956241846
0.9931442142
0.9940677881
0.9960091114
0.9952447414
0.9955866337
0.9947791696
0.9949876070
0.9937882423
0.9944413900
0.9947502017
0.9933636785
0.9936525822
0.9943205118
0.9935389757
0.9958890676
0.9937048554
0.9952237606
0.9953032136
0.9938516021
0.9935898781
0.9943933487
0.9950441122
0.9948589802
0.9962707758
0.9945305586
0.9942936897
0.9947588444
0.9962098002
0.9942517281
0.9939824939
0.9937860966
0.9962979555
0.9942782521
0.9941234589
0.9948464632
0.9927228689
0.9938217402
0.9950860739
0.9949688315
0.9957704544
0.9937318563
0.9958605766
0.9954530597
0.9956188202
0.9934723377
0.9947023988
0.9943137169
0.9957741499
0.9947112799
0.9931815267
0.9948449135
0.9948232174
0.9958288670
0.9950104952
0.9951360226
0.9942659140
0.9967593551
0.9950439930
0.9955927134
0.9957846403
0.9961459041
0.9937537909
0.9915841818
0.9947962761
0.9956827164
0.9951334596
0.9929819703
0.9941072464
0.9950915575
0.9941961765
0.9940901995
0.9938625097
0.9959266782
0.9951357841
0.9957697988
0.9925866127
0.9927719235
0.9940261841
0.9953114390
0.9958671331
0.9948692322
0.9956019521
0.9951769114
0.9944851995
0.9949947596
0.9940448403
0.9941609502
0.9960635900
0.9959126115
0.9940017462
0.9954296350
0.9951388836
0.9949123859
0.9943788052
0.9949095249
0.9940129519
0.9953082800
0.9938732982
0.9937623143
0.9948549867
0.9953422546
0.9955434799
0.9939844608
0.9952149391
0.9934204817
0.9930425882
0.9946172237
0.9947581291
0.9948598742
0.9939259291
0.9952712059
0.9955096841
0.9946488142
0.9925284982
0.9960784912
0.9946963787
0.9936947823
0.9946376681
0.9931876063
0.9951957464
0.9929166436
0.9942086935
0.9963773489
0.9948360324
0.9940435886
0.9945523143
0.9950146675
0.9936660528
0.9939020872
0.9957952499
0.9939692020
0.9953798652
0.9936140776
0.9957439899
0.9953712225
0.9939028025
0.9947246313
0.9952065945
0.9963145256
0.9940447211
0.9945556521
0.9943082333
0.9943030477
0.9958727360
0.9940345883
0.9949768782
0.9930881858
0.9954645634
0.9964720011
0.9935088158
0.9951100349
0.9946038723
0.9943533540
0.9955738783
0.9951338768
0.9941438437
0.9951382875
0.9964532852
0.9941779375
0.9942064285
0.9946200848
0.9938023090
0.9940371513
0.9947290421
0.9933820367
0.9956675768
0.9950703382
0.9942027330
0.9944461584
0.9964773655
0.9929630756
0.9956389666
0.9943724871
0.9921871424
0.9929184318
0.9946148396
0.9957097173
0.9953713417
0.9951884747
0.9932628870
0.9963554144
0.9939277172
0.9954317212
0.9950724840
0.9951694012
0.9940373898
0.9944193363
0.9948253632
0.9954000711
0.9943476319
0.9950063229
0.9949097037
0.9939017296
0.9930271506
0.9943898320
0.9940874577
0.9934877157
0.9920932055
0.9958205819
0.9929488301
0.9942293167
0.9965485334
0.9935977459
0.9910855293
0.9929965138
0.9916621447
0.9954009056
0.9927785397
0.9931609035
0.9943981767
0.9946543574
0.9922201633
0.9946520925
0.9932837486
0.9942131639
0.9941631556
0.9935592413
0.9944375753
0.9953314066
0.9933975935
0.9936980605
0.9954193234
0.9960278273
0.9931218624
0.9954814315
0.9940550327
0.9945279360
0.9939458966
0.9952440262
0.9962171316
0.9953589439
0.9930487871
0.9940686226
0.9949135184
0.9960315228
0.9949550629
0.9947687984
0.9960065484
0.9943983555
0.9941650629
0.9958723783
0.9948372841
0.9953978658
0.9948873520
0.9944958687
0.9962493181
0.9954282045
0.9956825376
0.9948431253
0.9936277866
0.9953979254
0.9952300787
0.9959352016
0.9919892550
0.9918941259
0.9948841333
0.9936976433
0.9961820245
0.9934161901
0.9945005774
0.9957357645
0.9947721958
0.9943662286
0.9948395491
0.9951565862
0.9957307577
0.9954746366
0.9943432808
0.9949078560
0.9945533276
0.9958133101
0.9951251745
0.9943873882
0.9948833585
0.9945328236
0.9952554107
0.9944949150
0.9938967228
0.9949049950
0.9934799075
0.9949506521
0.9968764782
0.9944810867
0.9947413802
0.9942491055
0.9951816797
0.9962574244
0.9943146706
0.9936687946
0.9943530560
0.9946728945
0.9938368797
0.9944378734
0.9940941334
0.9935470819
0.9946454763
0.9952219725
0.9952946901
0.9943665266
0.9956746101
0.9965747595
0.9961407185
0.9924328923
0.9950317740
0.9949250221
0.9949046373
0.9959290028
0.9934561253
0.9951139688
0.9950040579
0.9950694442
0.9935859442
0.9948828816
0.9942064285
0.9935543537
0.9944082499
0.9939125776
0.9945573211
0.9966030121
0.9946545362
0.9949226379
0.9948522449
0.9951435924
0.9956060648
0.9961752295
0.9943765402
0.9941967726
0.9941251278
0.9917246103
0.9933001995
0.9956295490
0.9948899746
0.9958317280
0.9933854342
0.9956810474
0.9943009615
0.9932668209
0.9939620495
0.9941209555
0.9946439266
0.9936388731
0.9948326349
0.9961128831
0.9939447641
0.9939532280
0.9936760664
0.9951479435
0.9958416224
0.9942108393
0.9958997965
0.9961671829
0.9952018261
0.9956437349
0.9950960875
0.9957389832
0.9944280386
0.9950242043
0.9952977896
0.9950537682
0.9938454628
0.9951888919
0.9957044125
0.9948536158
0.9950606823
0.9938890934
0.9921724796
0.9949853420
0.9941378832
0.9938728809
0.9944238663
0.9956880212
0.9949450493
0.9961518049
0.9941160679
0.9940242767
0.9932511449
0.9948159456
0.9947514534
0.9953410029
0.9937359095
0.9939407110
0.9955896139
0.9958244562
0.9955677986
0.9955435395
0.9947551489
0.9943093061
0.9955848455
0.9938149452
0.9937903881
0.9961621165
0.9939464331
0.9953852892
0.9942564964
0.9947574735
0.9971363544
0.9966799617
0.9932339191
0.9939334393
0.9915237427
0.9950097203
0.9948717356
0.9956142902
0.9969982505
0.9949456453
0.9940153360
0.9935916662
0.9954125881
0.9949723482
0.9947016239
0.9954765439
0.9951280355
0.9947932363
0.9938355684
0.9925646782
0.9939035773
0.9942771196
0.9942973852
0.9941648245
0.9937881231
0.9953069687
0.9945276976
0.9940368533
0.9940500259
0.9963678122
0.9946194291
0.9931949377
0.9948397279
0.9933727980
0.9927204847
0.9946502447
0.9936094880
0.9963421822
0.9946159124
0.9948333502
0.9952653646
0.9953420162
0.9962041378
0.9936879873
0.9940208197
0.9937199354
0.9945388436
0.9933045506
0.9925147295
0.9934928417
0.9956817627
0.9950653315
0.9949116707
0.9934864044
0.9938504100
0.9931948185
0.9936811924
0.9937140346
0.9953463078
0.9947592020
0.9944765568
0.9932631254
0.9933843613
0.9921039343
0.9930399656
0.9952021241
0.9935181737
0.9941506386
0.9947499037
0.9935263395
0.9933454990
0.9937664866
0.9942494631
0.9940874577
0.9948426485
0.9926478863
0.9944757223
0.9956628680
0.9927247763
0.9931793809
0.9937397242
0.9958198667
0.9953172207
0.9956156611
0.9937145710
0.9935052395
0.9934749603
0.9940292239
0.9944576025
0.9944410324
0.9953460693
0.9932105541
0.9943346977
0.9948464632
0.9943879843
0.9942674041
0.9951417446
0.9945108891
0.9949231148
0.9952850342
0.9950175285
0.9956369400
0.9943283796
0.9933447838
0.9938598275
0.9949744940
0.9960798621
0.9930137992
0.9922498465
0.9924620390
0.9960022569
0.9952197075
0.9947891235
0.9928990006
0.9936005473
0.9951906204
0.9951077700
0.9934063554
0.9948708415
0.9957196712
0.9951028824
0.9951007366
0.9945356846
0.9936290979
0.9943372011
0.9956256747
0.9936594963
0.9953771830
0.9950349927
0.9956448078
0.9931795597
0.9945408702
0.9947681427
0.9937629700
0.9960983992
0.9961302280
0.9939491749
0.9938118458
0.9946664572
0.9954608083
0.9940526485
0.9961602688
0.9951353073
0.9938791990
0.9952666163
0.9949792624
0.9937738180
0.9949812889
0.9945948124
0.9941161871
0.9954348803
0.9951761961
0.9947755337
0.9954357147
0.9953494072
0.9925138950
0.9954003096
0.9952052832
0.9960225224
0.9965701103
0.9948428869
0.9959862232
0.9953618050
0.9932763577
0.9937376380
0.9946601391
0.9959977865
0.9941861033
0.9957519770
0.9957933426
0.9943810701
0.9951114655
0.9955285788
0.9938310385
0.9951894283
0.9944193363
0.9962815046
0.9949767590
0.9953794479
0.9972143769
0.9942559004
0.9949159622
0.9954081774
0.9952968955
0.9946697354
0.9968742132
0.9933789372
0.9946541786
0.9947105646
0.9952905178
0.9938199520
0.9956792593
0.9942035079
0.9942314625
0.9995965958
0.9995003343
0.9996336102
0.9996325970
0.9995185137
0.9997168779
0.9996464252
0.9996044636
0.9996299744
0.9995907545
0.9997397661
0.9996911287
0.9997682571
0.9995361567
0.9996851683
0.9995470643
0.9996490479
0.9996584654
0.9996836185
0.9995799065
0.9997615814
0.9996439815
0.9996970892
0.9995902181
0.9995509386
0.9996892214
0.9995663166
0.9996435642
0.9996217489
0.9997119904
0.9996376634
0.9995356798
0.9996428490
0.9996324778
0.9994703531
0.9995316267
0.9996314049
0.9996902347
0.9996812940
0.9997174740
0.9994086623
0.9998169541
0.9995337725
0.9994271994
0.9996074438
0.9994280934
0.9995762110
0.9995063543
0.9993916750
0.9995735884
0.9997026324
0.9998198748
0.9996341467
0.9996657372
0.9997077584
0.9996615648
0.9996324182
0.9997854233
0.9996708632
0.9997212291
0.9996661544
0.9995220304
0.9997060895
0.9997019768
0.9996406436
0.9995795488
0.9996345043
0.9995831847
0.9996013641
0.9995744824
0.9996331334
0.9995565414
0.9996327162
0.9996075630
0.9994186759
0.9994624853
0.9992486238
0.9996651411
0.9997269511
0.9996620417
0.9994461536
0.9994488358
0.9993460178
0.9994570017
0.9995239973
0.9995722771
0.9996466041
0.9997149706
0.9996622801
0.9993972182
0.9994984865
0.9992078543
0.9995604753
0.9994350672
0.9996808171
0.9996192455
0.9994340539
0.9996651411
0.9995861053
0.9997358322
0.9996134043
0.9995644093
0.9994275570
0.9996190071
0.9996956587
0.9996998310
0.9997133017
0.9996986389
0.9995062947
0.9996784329
0.9996690750
0.9995348454
0.9996345639
0.9996219277
0.9997135401
0.9993630052
0.9996315241
0.9996135235
0.9995841980
0.9996265173
0.9995861053
0.9996961355
0.9994629025
0.9996936321
0.9995411634
0.9996730685
0.9996541142
0.9994649887
0.9996066093
0.9997134805
0.9995014668
0.9996523857
0.9996691346
0.9996930361
0.9996322393
0.9995990992
0.9996252060
0.9997046590
0.9994156361
0.9995032549
0.9995541573
0.9994859695
0.9997985959
0.9996218681
0.9996241331
0.9994704723
0.9995900393
0.9994751215
0.9995301962
0.9995609522
0.9996811748
0.9996750355
0.9997398853
0.9997708797
0.9994097352
0.9997396469
0.9996895194
0.9994427562
0.9996843338
0.9995721579
0.9995485544
0.9996309280
0.9997136593
0.9996415377
0.9993219972
0.9996119142
0.9995416403
0.9994648695
0.9995802641
0.9995490313
0.9994843006
0.9997793436
0.9996752739
0.9996446371
0.9995682240
0.9997804761
0.9994260073
0.9995431900
0.9996888638
0.9996920824
0.9995285869
0.9995413423
0.9997137785
0.9995918274
0.9995732903
0.9995604753
0.9997095466
0.9996073246
0.9996927381
0.9994275570
0.9996612072
0.9994326830
0.9994666576
0.9996430874
0.9995772839
0.9995479584
0.9996873140
0.9994840026
0.9995706081
0.9995663762
0.9996536970
0.9993124008
0.9995614886
0.9997383356
0.9996498227
0.9997926354
0.9996955395
0.9996637106
0.9994595051
0.9996461868
0.9996922016
0.9997023344
0.9995535612
0.9997087121
0.9994965196
0.9996986985
0.9996742010
0.9996502399
0.9995193481
0.9994587898
0.9996079206
0.9995762110
0.9995708466
0.9995586276
0.9996234179
0.9997034073
0.9995514154
0.9997311234
0.9995884895
0.9995418787
0.9994881153
0.9996519089
0.9996687174
0.9996826649
0.9995173216
0.9995783567
0.9994718432
0.9996449947
0.9996914864
0.9994604588
0.9994321465
0.9994198084
0.9995780587
0.9996691942
0.9996393919
0.9995028377
0.9994691610
0.9995890856
0.9996847510
0.9996300936
0.9996346235
0.9994738698
0.9997465014
0.9996750951
0.9995630383
0.9994927645
0.9994301200
0.9994597435
0.9996552467
0.9996654391
0.9995111227
0.9994650483
0.9996866584
0.9995205402
0.9995276928
0.9996422529
0.9994947314
0.9997528791
0.9997017384
0.9997500181
0.9996919632
0.9996990561
0.9995829463
0.9994668961
0.9995933771
0.9995098114
0.9996755123
0.9996276498
0.9995923638
0.9995805621
0.9995603561
0.9994785786
0.9995452166
0.9996584654
0.9996721745
0.9996455908
0.9995156527
0.9994491935
0.9995261431
0.9995472431
0.9997000694
0.9996867180
0.9996169806
0.9995561838
0.9996207952
0.9994174242
0.9995803237
0.9996290803
0.9996915460
0.9996472597
0.9996347427
0.9997163415
0.9995871782
0.9995733500
0.9996547699
0.9995584488
0.9994647503
0.9996970892
0.9996136427
0.9995863438
0.9996852875
0.9996138215
0.9995396137
0.9995543957
0.9996718168
0.9995611906
0.9994314909
0.9994841814
0.9996072054
0.9995158911
0.9995042086
0.9996783733
0.9996373653
0.9996045828
0.9995080233
0.9996352196
0.9995487928
0.9994832277
0.9995270371
0.9993935823
0.9996635914
0.9994004965
0.9995270967
0.9996136427
0.9995645285
0.9996198416
0.9996190071
0.9996751547
0.9994338751
0.9996372461
0.9996819496
0.9996076822
0.9996894002
0.9995209575
0.9995737672
0.9996105433
0.9995329380
0.9994918108
0.9993699193
0.9997410774
0.9994684458
0.9994424582
0.9996886849
0.9996607900
0.9996459484
0.9994221330
0.9996949434
0.9995660782
0.9996722937
0.9998168945
0.9992212057
0.9997205734
0.9995619059
0.9995142221
0.9996806383
0.9996589422
0.9994430542
0.9996246696
0.9996197224
0.9995768070
0.9995056391
0.9996008873
0.9995645285
0.9994499683
0.9996062517
0.9993842840
0.9995065928
0.9996140003
0.9993419647
0.9996547699
0.9997652769
0.9993176460
0.9997227788
0.9996074438
0.9993782043
0.9995086193
0.9995361567
0.9996969700
0.9995892644
0.9995301366
0.9995519519
0.9996466637
0.9995600581
0.9995443225
0.9996570945
0.9996235967
0.9995477200
0.9996004105
0.9996204972
0.9996060729
0.9995590448
0.9995517731
0.9995825887
0.9995232224
0.9995357990
0.9995419383
0.9996582866
0.9994526505
0.9994078279
0.9996480346
0.9994832277
0.9995122552
0.9996528625
0.9996014833
0.9995512962
0.9994005561
0.9991983175
0.9995331168
0.9994723797
0.9995894432
0.9993363619
0.9994705915
0.9995877147
0.9994637966
0.9994736314
0.9995619655
0.9995563030
0.9995557070
0.9995867610
0.9996067286
0.9995266795
0.9994950294
0.9997246265
0.9995927811
0.9996318817
0.9996346235
0.9994097948
0.9995409250
0.9996054173
0.9997078776
0.9997057319
0.9995676279
0.9996399879
0.9995663166
0.9996234179
0.9997529387
0.9996148348
0.9995025396
0.9997102022
0.9995398521
0.9995710850
0.9996616840
0.9996064901
0.9996278882
0.9994117022
0.9996141195
0.9997308254
0.9995958209
0.9995977283
0.9997143745
0.9993714690
0.9995956421
0.9996429086
0.9997260571
0.9995569587
0.9993268847
0.9995081425
0.9994830489
0.9996486306
0.9997223616
0.9994370341
0.9996929169
0.9996863008
0.9995976090
0.9996638298
0.9996502399
0.9997687936
0.9995824099
0.9994783401
0.9995515347
0.9996672869
0.9995603561
0.9996101856
0.9996329546
0.9996452332
0.9995237589
0.9996517897
0.9995238185
0.9996732473
0.9995226264
0.9994251728
0.9995700121
0.9997451305
0.9994789362
0.9995341301
0.9995042086
0.9996457100
0.9996607304
0.9996297359
0.9995772243
0.9996780157
0.9997037649
0.9994125962
0.9995336533
0.9996231794
0.9994134903
0.9997334480
0.9997398853
0.9996986389
0.9995940924
0.9997134209
0.9996547699
0.9996337891
0.9995640516
0.9996494055
0.9995974898
0.9997460842
0.9997160435
0.9995250702
0.9996069670
0.9996603131
0.9996649027
0.9995402694
0.9996254444
0.9996875525
0.9995644093
0.9995588064
0.9996898174
0.9996944070
0.9997006059
0.9996231794
0.9996125698
0.9996885061
0.9997029305
0.9997196198
0.9996188283
0.9995758533
0.9997023344
0.9996252060
0.9995880723
0.9995455742
0.9996758699
0.9996309876
0.9997205734
0.9995649457
0.9997612238
0.9996743202
0.9995225072
0.9996109009
0.9996526241
0.9996755123
0.9996361732
0.9995506406
0.9996191263
0.9995809793
0.9996541142
0.9996077418
0.9997053146
0.9997144938
0.9996743798
0.9996160269
0.9998037815
0.9996454120
0.9996265769
0.9997019768
0.9997041225
0.9997442365
0.9996662140
0.9995610118
0.9997121096
0.9996405840
0.9995915890
0.9996600151
0.9995437860
0.9996547699
0.9997214079
0.9995495677
0.9997161627
0.9995548725
0.9996786118
0.9995763302
0.9997188449
0.9996659756
0.9997347593
0.9995577931
0.9995714426
0.9995540380
0.9995157719
0.9997161031
0.9996507168
0.9997078180
0.9996465445
0.9996975064
0.9994779229
0.9994567633
0.9997078180
0.9996987581
0.9995789528
0.9996035099
0.9995697737
0.9995443821
0.9997279644
0.9996429682
0.9996894598
0.9995747805
0.9995850921
0.9998096824
0.9997028708
0.9994640350
0.9995293617
0.9995348454
0.9995620251
0.9996136427
0.9996755123
0.9997575283
0.9995247722
0.9995877743
0.9995203614
0.9998233318
0.9996827841
0.9994243979
0.9997127652
0.9995926619
0.9996590018
0.9994460344
0.9994350672
0.9995471835
0.9995902777
0.9995759726
0.9996749163
0.9993974566
0.9996596575
0.9996008873
0.9994830489
0.9996431470
0.9997875690
0.9996126890
0.9993603230
0.9997338057
0.9994237423
0.9994980097
0.9997348189
0.9994623661
0.9996519685
0.9995663762
0.9993945956
0.9994639158
0.9996644855
0.9997337461
0.9995078444
0.9995541573
0.9996180534
0.9996786714
0.9994801879
0.9994079471
0.9994976521
0.9996761084
0.9996004701
0.9995924830
0.9993290305
0.9996411204
0.9992526770
0.9995205402
0.9995217323
0.9996874928
0.9992591739
0.9995627403
0.9996007085
0.9995472431
0.9994387627
0.9992289543
0.9995603561
0.9994915128
0.9995422363
0.9996286631
0.9992938638
0.9993952513
0.9994530678
0.9993293285
0.9995256066
0.9996266961
0.9994491935
0.9996110201
0.9995446205
0.9994652271
0.9995154142
0.9993379712
0.9995352030
0.9997359514
0.9995540380
0.9994572401
0.9994348884
0.9993593693
0.9994081259
0.9995232224
0.9995508194
0.9996696711
0.9994141459
0.9996087551
0.9994373322
0.9994692802
0.9995139241
0.9995639324
0.9995607138
0.9996600747
0.9996000528
0.9995378852
0.9996376634
0.9995481372
0.9994406700
0.9995872974
0.9995114803
0.9997193813
0.9993284941
0.9993754625
0.9995163083
0.9996197224
0.9994915724
0.9994267225
0.9995931387
0.9994943142
0.9995978475
0.9995630980
0.9995635748
0.9996821880
0.9996361732
0.9995176792
0.9995518327
0.9996315837
0.9994325638
0.9996417761
0.9996482730
0.9995036125
0.9996618032
0.9996323586
0.9996395707
0.9993270636
0.9995640516
0.9994970560
0.9996260405
0.9996952415
0.9997557402
0.9996348619
0.9994621873
0.9995746613
0.9997433424
0.9995184541
0.9996482134
0.9996187687
0.9995801449
0.9996457696
0.9996073246
0.9994900227
0.9994543791
0.9994904995
0.9995751977
0.9996833801
0.9997479320
0.9995796680
0.9995527267
0.9995996356
0.9995653629
0.9995992184
0.9993783236
0.9997117519
0.9997122288
0.9995778799
0.9997705817
0.9996672869
0.9995093346
0.9995554090
0.9996021986
0.9996830225
0.9994105101
0.9996988773
0.9996875525
0.9995706081
0.9996693134
0.9995951653
0.9994891882
0.9996818900
0.9995800257
0.9996655583
0.9996243715
0.9996761680
0.9997192025
0.9995225072
0.9995797276
0.9996857643
0.9995930195
0.9995573759
0.9998371005
0.9994472861
0.9995591044
0.9995791912
0.9996625185
0.9996308088
0.9996532202
0.9995998144
0.9995081425
0.9992882013
0.9993423223
0.9996598959
0.9993324280
0.9993457198
0.9994330406
0.9994027615
0.9994750023
0.9993571639
0.9995402694
0.9996231794
0.9995797873
0.9996050596
0.9991720915
0.9995328784
0.9992539883
0.9992198944
0.9995346069
0.9994975328
0.9994343519
0.9997066259
0.9997305870
0.9996434450
0.9995621443
0.9994045496
0.9995248914
0.9995803833
0.9997162819
0.9996074438
0.9997742772
0.9994923472
0.9996002316
0.9996024370
0.9996020794
0.9994760752
0.9995648265
0.9996210337
0.9996864200
0.9995151758
0.9996212721
0.9995715618
0.9996993542
0.9994421005
0.9994937778
0.9996263385
0.9994479418
0.9997278452
0.9995057583
0.9994674921
0.9994120598
0.9996418953
0.9996805191
0.9997093081
0.9994485974
0.9994945526
0.9996756315
0.9997169971
0.9996073246
0.9994645119
0.9995681047
0.9996668100
0.9996916056
0.9992994070
0.9996268749
0.9994680882
0.9996428490
0.9995465279
0.9995154142
0.9996249676
0.9994443059
0.9996857643
0.9994539618
0.9996109009
0.9994122982
0.9994188547
0.9995639324
0.9993635416
0.9996043444
0.9995673895
0.9997822046
0.9993457198
0.9993788600
0.9993907213
0.9995942116
0.9994074106
0.9994859695
0.9995803833
0.9996159077
0.9996902943
0.9993601441
0.9994494319
0.9994373322
0.9994253516
0.9994909167
0.9995141625
0.9995872378
0.9996149540
0.9994509220
0.9996077418
0.9996488094
0.9993945956
0.9996429682
0.9995170832
0.9995923638
0.9996574521
0.9994876385
0.9995031357
0.9996274710
0.9994346499
0.9996483326
0.9996176362
0.9995617867
0.9995250106
0.9993341565
0.9996360540
0.9995465279
0.9995151758
0.9996548891
0.9996063709
0.9995844364
0.9994462729
0.9996467233
0.9993975759
0.9994034767
0.9996296167
0.9996894002
0.9996892214
0.9994391203
0.9996231794
0.9996688366
0.9995082617
0.9994407892
0.9997399449
0.9995683432
0.9996087551
0.9994276762
0.9995945692
0.9994702935
0.9994970560
0.9993666410
0.9995139837
0.9995871782
0.9998013377
0.9993938208
0.9995043874
0.9992749095
0.9995743036
0.9994578958
0.9995113611
0.9996958971
0.9995609522
0.9995689392
0.9995234013
0.9995399714
0.9992946386
0.9996255636
0.9995640516
0.9994200468
0.9995967746
0.9996204376
0.9991153479
0.9994494319
0.9993857145
0.9996221066
0.9994647503
0.9994415045
0.9992646575
0.9993226528
0.9995380640
0.9994838238
0.9995901585
0.9996180534
0.9994381666
0.9994333982
0.9994509220
0.9996150136
0.9993421435
0.9994491339
0.9995144606
0.9995440841
0.9995698333
0.9994124174
0.9997562170
0.9991538525
0.9993394613
0.9995039105
0.9993964434
0.9994690418
0.9994470477
0.9993702769
0.9993538857
0.9994417429
0.9991984963
0.9994747043
0.9994115829
0.9995011687
0.9994385839
0.9994662404
0.9997155666
0.9993566871
0.9993326664
0.9993383288
0.9990830421
0.9995610118
0.9994277954
0.9996064901
0.9996411800
0.9994413853
0.9995404482
0.9993554354
0.9994647503
0.9993313551
0.9996131659
0.9994959831
0.9994643927
0.9994268417
0.9993367195
0.9995222092
0.9994209409
0.9994441867
0.9992847443
0.9994693995
0.9993455410
0.9995424151
0.9994488955
0.9992213845
0.9992995262
0.9994633198
0.9995064139
0.9994137287
0.9992178082
0.9994152784
0.9996091127
0.9995379448
0.9994784594
0.9993618131
0.9993516207
0.9997024536
0.9995330572
0.9993284941
0.9991295338
0.9993069172
0.9997133613
0.9994186163
0.9992504120
0.9995247126
0.9993985891
0.9989337921
0.9995437264
0.9991726875
0.9995627403
0.9995936155
0.9996886849
0.9994311333
0.9994627237
0.9995286465
0.9995644093
0.9994635582
0.9996534586
0.9993828535
0.9993256330
0.9995957613
0.9995400906
0.9995129108
0.9994117022
0.9997164011
0.9993664026
0.9997897744
0.9995259047
0.9996731281
0.9996193647
0.9996414185
0.9997068644
0.9991891980
0.9992955923
0.9995127916
0.9994217157
0.9994496703
0.9993937016
0.9996199608
0.9995744228
0.9994916320
0.9994575977
0.9994914532
0.9995517135
0.9996324778
0.9993408918
0.9994236827
0.9994004965
0.9997326136
0.9996507764
0.9994198680
0.9996242523
0.9994375706
0.9994453192
0.9995290041
0.9993764162
0.9996475577
0.9996831417
0.9995450974
0.9995431900
0.9996304512
0.9995325804
0.9994901419
0.9995304346
0.9996209145
0.9993363619
0.9995298386
0.9996013641
0.9993463159
0.9996789098
0.9994049072
0.9996364117
0.9995392561
0.9995529056
0.9994627237
0.9995049238
0.9994584322
0.9995356798
0.9993849993
0.9993447065
0.9993819594
0.9995051026
0.9996428490
0.9994349480
0.9996078014
0.9994858503
0.9995999336
0.9995955229
0.9992784262
0.9997507334
0.9994945526
0.9995064735
0.9997388721
0.9996664524
0.9995427132
0.9996783733
0.9995965958
0.9995505810
0.9995313287
0.9996806383
0.9994173646
0.9995154738
0.9995298386
0.9995852113
0.9996707439
0.9995656013
0.9996422529
0.9995049238
0.9995924830
0.9995412827
0.9993981719
0.9994339943
0.9996675849
0.9995852709
0.9995867610
0.9997000098
0.9996037483
0.9996911287
0.9997108579
0.9995921850
0.9996607304
0.9994803667
0.9993969202
0.9996330738
0.9994404316
0.9996106625
0.9995555282
0.9996516109
0.9995684624
0.9996327758
0.9995480776
0.9994229078
0.9993578196
0.9995950460
0.9994552135
0.9996434450
0.9994242191
0.9994139671
0.9994545579
0.9997009039
0.9994777441
0.9995177984
0.9995754957
0.9993345737
0.9995982051
0.9992859364
0.9996144176
0.9996196628
0.9997195005
0.9994910955
0.9996711016
0.9995750189
0.9996453524
0.9996573925
0.9994601011
0.9993876219
0.9996402264
0.9996688366
0.9996653795
0.9995955825
0.9994499683
0.9996292591
0.9995207191
0.9994599223
0.9994685650
0.9995816350
0.9995808601
0.9994463325
0.9996515512
0.9994516373
0.9994686842
0.9997028112
0.9996991158
0.9995177388
0.9996690750
0.9993782043
0.9993573427
0.9994486570
0.9994230270
0.9995871782
0.9995356202
0.9993872643
0.9995889664
0.9994710088
0.9994939566
0.9995841980
0.9994370937
0.9994726181
0.9995712638
0.9995510578
0.9993314743
0.9996823072
0.9995073080
0.9992360473
0.9995758533
0.9994750023
0.9995180368
0.9993411303
0.9995707273
0.9994334579
0.9993987083
0.9991985559
0.9994595051
0.9995131493
0.9995366335
0.9994378090
0.9994378090
0.9995524883
0.9994475842
0.9994990230
0.9997283220
0.9995861053
0.9995607734
0.9993546605
0.9995014071
0.9995740056
0.9993920922
0.9993470907
0.9994456768
0.9990633130
0.9995998144
0.9993618727
0.9994502068
0.9989663959
0.9994218946
0.9993523955
0.9990338087
0.9995904565
0.9994504452
0.9995393157
0.9994565248
0.9996618629
0.9993829727
0.9993938208
0.9991928935
0.9995844364
0.9995589256
0.9993132353
0.9993196130
0.9993861914
0.9992612600
0.9991919994
0.9993306398
0.9991823435
0.9994797707
0.9995826483
0.9995111227
0.9992398024
0.9995849133
0.9992887974
0.9993801713
0.9995748401
0.9994750619
0.9992122650
0.9991820455
0.9995495081
0.9995789528
0.9992263317
0.9994106889
0.9994164705
0.9993180633
0.9991293550
0.9992356300
0.9994508028
0.9993677735
0.9996927977
0.9993367195
0.9994564056
0.9994981885
0.9995132685
0.9996763468
0.9994710684
0.9994831085
0.9996905327
0.9995988607
0.9995063543
0.9995328784
0.9994412661
0.9995173812
0.9994938374
0.9993705750
0.9986844063
0.9994593263
0.9994574785
0.9993363619
0.9995011091
0.9996002316
0.9995282888
0.9995563626
0.9994707108
0.9995806217
0.9996122718
0.9996383190
0.9996034503
0.9995747805
0.9993399978
0.9993866086
0.9995180368
0.9993165135
0.9994782805
0.9994164705
0.9992756844
0.9996229410
0.9992517829
0.9995187521
0.9994679689
0.9992986917
0.9995146394
0.9991828203
0.9996646643
0.9996173978
0.9995262623
0.9996529818
0.9994665980
0.9995623827
0.9992159009
0.9995781183
0.9993354678
0.9994649887
0.9994381666
0.9996803999
0.9996694922
0.9996789694
0.9995465279
0.9992585182
0.9994701147
0.9996120334
0.9992967248
0.9995087385
0.9994130135
0.9992647171
0.9994688034
0.9994863272
0.9993554354
0.9994866848
0.9992313385
0.9994817376
0.9994796515
0.9997255206
0.9995035529
0.9995145798
0.9995980263
0.9996689558
0.9994370341
0.9996848106
0.9995789528
0.9995884895
0.9995858669
0.9994823337
0.9994708300
0.9996430874
0.9997036457
0.9997168183
0.9996812344
0.9996994734
0.9994682074
0.9996077418
0.9995677471
0.9995728135
0.9995615482
0.9996029139
0.9996929169
0.9993740320
0.9995707273
0.9995435476
0.9997293949
0.9997237921
0.9996473789
0.9993384480
0.9995235205
0.9996035695
0.9993572235
0.9996513128
0.9997519255
0.9995400310
0.9995939732
0.9995408058
0.9996120334
0.9995263815
0.9994702339
0.9995707273
0.9995998740
0.9997012615
0.9996171594
0.9994112253
0.9995595217
0.9996184111
0.9995081425
0.9994894266
0.9995783567
0.9995477200
0.9996862411
0.9995533228
0.9994350672
0.9997655153
0.9996702671
0.9994696379
0.9996806383
0.9996171594
0.9994937181
0.9995763302
0.9994903803
0.9996716976
0.9996097684
0.9995499849
0.9996450543
0.9995315075
0.9996764660
0.9995790720
0.9995791912
0.9996047020
0.9995898008
0.9994641542
0.9994962215
0.9996951818
0.9995377064
0.9996223450
0.9996322989
0.9994485378
0.9995166063
0.9994959831
0.9994524717
0.9994931817
0.9994368553
0.9995094538
0.9994979501
0.9996610284
0.9995064139
0.9993621111
0.9995605946
0.9996737242
0.9996955395
0.9995632768
0.9996542931
0.9994668961
0.9993557930
0.9993667603
0.9995765686
0.9995754957
0.9996668100
0.9995082617
0.9995100498
0.9995046258
0.9993213415
0.9992469549
0.9996172786
0.9997687936
0.9997173548
0.9997214079
0.9996194839
0.9993038774
0.9995024204
0.9996178150
0.9994737506
0.9996160269
0.9995414019
0.9994395971
0.9994723797
0.9995140433
0.9996180534
0.9995201826
0.9994890690
0.9995424747
0.9997024536
0.9997869134
0.9995993376
0.9995477200
0.9995251298
0.9993931651
0.9995359182
0.9995981455
0.9995349646
0.9995266795
0.9994801879
0.9995194674
0.9995045662
0.9993754625
0.9994890094
0.9996114969
0.9992986917
0.9995610714
0.9995665550
0.9994590282
0.9995536804
0.9995037317
0.9996231794
0.9992914200
0.9995828867
0.9993739724
0.9994927645
0.9995596409
0.9996449351
0.9995478392
0.9992589951
0.9996238947
0.9995098114
0.9994109869
0.9994664788
0.9994370937
0.9996347427
0.9995441437
0.9993933439
0.9995272160
0.9994229674
0.9996577501
0.9994643927
0.9996657372
0.9994815588
0.9992263317
0.9993181229
0.9996095896
0.9994157553
0.9995796084
0.9994741678
0.9995079041
0.9995977879
0.9995122552
0.9995608330
0.9995336533
0.9993737936
0.9996296167
0.9994124770
0.9994404912
0.9997223616
0.9994148612
0.9995115995
0.9997316003
0.9996825457
0.9994977713
0.9994289875
0.9995344877
0.9996730089
0.9992867708
0.9997011423
0.9996844530
0.9995421171
0.9995199442
0.9995268583
0.9994711876
0.9997465611
0.9994021058
0.9996670485
0.9994392395
0.9993426800
0.9997100234
0.9993389845
0.9996830225
0.9995811582
0.9995250106
0.9993489981
0.9997194409
0.9992027283
0.9994373322
0.9994975924
0.9995849133
0.9992361069
0.9996361732
0.9995937943
0.9993542433
0.9968459606
0.9971182346
0.9979999065
0.9965455532
0.9954841137
0.9955604076
0.9972872734
0.9968272448
0.9973900318
0.9967828989
0.9971835613
0.9969741702
0.9969297051
0.9970254302
0.9969815016
0.9957494140
0.9957854152
0.9963591099
0.9966760874
0.9959982038
0.9983761311
0.9976494312
0.9972840548
0.9973713160
0.9971299767
0.9975131750
0.9971808195
0.9980400801
0.9976209998
0.9977492094
0.9971240759
0.9973752499
0.9976180792
0.9979308844
0.9967491627
0.9973753691
0.9976512194
0.9979183674
0.9972715378
0.9972519875
0.9970740080
0.9975780249
0.9958852530
0.9969296455
0.9976560473
0.9967926741
0.9982933402
0.9982039928
0.9968601465
0.9963663816
0.9975055456
0.9977263212
0.9977995157
0.9970703721
0.9974137545
0.9981882572
0.9980162382
0.9975519180
0.9974100590
0.9972988963
0.9972351789
0.9978987575
0.9955105782
0.9970581532
0.9969335794
0.9978106618
0.9967230558
0.9976441264
0.9976680279
0.9958767891
0.9978357553
0.9971343279
0.9975876808
0.9968435764
0.9966958761
0.9973506331
0.9976580739
0.9979324341
0.9974012971
0.9978867769
0.9960274100
0.9958697557
0.9963781834
0.9960457683
0.9973320365
0.9955850244
0.9977148771
0.9974675179
0.9974493384
0.9956145287
0.9974472523
0.9961867332
0.9974226356
0.9966900349
0.9968020916
0.9969558716
0.9969451427
0.9972767830
0.9974440336
0.9978823066
0.9971140623
0.9974104166
0.9975414276
0.9977859259
0.9971388578
0.9974905252
0.9968530536
0.9974099398
0.9967483282
0.9974151850
0.9976062775
0.9974457026
0.9971122742
0.9965162277
0.9972310662
0.9973241091
0.9970334768
0.9976136684
0.9975959063
0.9971129894
0.9971778989
0.9980373383
0.9974858761
0.9962729216
0.9980057478
0.9982779026
0.9977273941
0.9964437485
0.9976436496
0.9973942637
0.9973492622
0.9962766171
0.9981507659
0.9975210428
0.9978111386
0.9974102974
0.9976727962
0.9975970984
0.9976183176
0.9969893694
0.9962678552
0.9972580671
0.9984506965
0.9968273640
0.9975368977
0.9971349239
0.9977262020
0.9969974756
0.9970471859
0.9981215000
0.9977423549
0.9979999065
0.9975763559
0.9977331161
0.9973391294
0.9968805313
0.9974146485
0.9975740910
0.9974709153
0.9972715378
0.9969453812
0.9965264201
0.9963076115
0.9974126816
0.9974483252
0.9967547059
0.9962825775
0.9972802997
0.9977132082
0.9969075322
0.9978656769
0.9981502295
0.9969366789
0.9970522523
0.9977798462
0.9963307381
0.9973065257
0.9975810051
0.9962370396
0.9972606897
0.9974241257
0.9972958565
0.9984370470
0.9966616631
0.9966704845
0.9969871044
0.9964110255
0.9975174665
0.9960114956
0.9969539642
0.9965967536
0.9976969957
0.9962791800
0.9966462851
0.9967474937
0.9971706867
0.9964737892
0.9969910383
0.9976676702
0.9962316751
0.9967826605
0.9975289106
0.9958136082
0.9965379238
0.9968414307
0.9970372915
0.9973686934
0.9980223775
0.9973679781
0.9966721535
0.9963934422
0.9958450198
0.9973737001
0.9974872470
0.9968835115
0.9975593090
0.9967655540
0.9965889454
0.9960030317
0.9971534014
0.9968686104
0.9963249564
0.9969527721
0.9974339008
0.9952520132
0.9968131781
0.9954634905
0.9968491793
0.9967595339
0.9967945814
0.9964264631
0.9967865944
0.9973596931
0.9974349141
0.9980700612
0.9966371655
0.9962338209
0.9976890087
0.9971122742
0.9968959093
0.9966492653
0.9965301156
0.9978047609
0.9964411259
0.9957160950
0.9976563454
0.9957289696
0.9961215258
0.9971079826
0.9961810112
0.9979734421
0.9970420599
0.9979467392
0.9972893596
0.9975854754
0.9959914684
0.9972859025
0.9972851276
0.9979462624
0.9968042970
0.9959814548
0.9980920553
0.9968727827
0.9975174069
0.9966254234
0.9975054264
0.9968750477
0.9985048771
0.9975857735
0.9968422055
0.9974105358
0.9981135130
0.9974367619
0.9953957796
0.9963176250
0.9978708029
0.9965701103
0.9963507056
0.9962883592
0.9977365732
0.9977467060
0.9967098236
0.9961568117
0.9968304038
0.9969621897
0.9975206852
0.9963285923
0.9962547421
0.9959383011
0.9979693294
0.9976662397
0.9964904785
0.9977184534
0.9971253872
0.9963600636
0.9975063801
0.9965605736
0.9973071218
0.9976927042
0.9974849224
0.9971876144
0.9972397089
0.9973160625
0.9969444275
0.9969919920
0.9974037409
0.9971563220
0.9971672297
0.9970946312
0.9963117838
0.9976948500
0.9967880249
0.9975123405
0.9972867370
0.9973457456
0.9962479472
0.9959400892
0.9972487688
0.9974439740
0.9968125820
0.9965401888
0.9966371655
0.9971405268
0.9968757033
0.9960654378
0.9976785183
0.9970839024
0.9969346523
0.9973509312
0.9968162775
0.9979296923
0.9965498447
0.9964334965
0.9980921149
0.9981352091
0.9962327480
0.9976665974
0.9980051517
0.9967713356
0.9967913628
0.9975675941
0.9969686866
0.9968955517
0.9972196221
0.9974770546
0.9978491068
0.9967418909
0.9977353811
0.9975664020
0.9976288676
0.9971023202
0.9973149300
0.9963312149
0.9978491664
0.9977503419
0.9971914887
0.9976902008
0.9972662330
0.9983503819
0.9976021051
0.9971825480
0.9976377487
0.9966111779
0.9968935251
0.9974623322
0.9974192381
0.9970118999
0.9966931343
0.9978487492
0.9972283840
0.9970871210
0.9956824780
0.9960829020
0.9957908392
0.9976024628
0.9959098101
0.9978184700
0.9964420795
0.9970371723
0.9964807034
0.9983420372
0.9969135523
0.9969047308
0.9978332520
0.9955928326
0.9960188866
0.9972040653
0.9974527359
0.9979081750
0.9980610609
0.9975676537
0.9979867339
0.9972989559
0.9977892041
0.9973022938
0.9967799187
0.9966280460
0.9976316690
0.9975057840
0.9976255894
0.9973781109
0.9974079132
0.9977658987
0.9972286820
0.9966464043
0.9963674545
0.9976587892
0.9970661402
0.9965121746
0.9977079630
0.9968103170
0.9964135885
0.9983943701
0.9979394674
0.9965919852
0.9978250265
0.9973571897
0.9967255592
0.9972380400
0.9971703291
0.9982144833
0.9969654083
0.9961273670
0.9976154566
0.9972516894
0.9974671602
0.9969515800
0.9964828491
0.9967849255
0.9979373217
0.9969938993
0.9965285063
0.9977759123
0.9976561069
0.9970480204
0.9977321029
0.9963265061
0.9970620871
0.9960559011
0.9969087243
0.9973003864
0.9974548817
0.9962829351
0.9967315793
0.9974925518
0.9970166087
0.9973995686
0.9971928596
0.9982012510
0.9968405962
0.9972198009
0.9977896214
0.9976853132
0.9980642200
0.9968298078
0.9969762564
0.9979602098
0.9965418577
0.9973769188
0.9970509410
0.9962635040
0.9979075193
0.9965949059
0.9976243973
0.9951636195
0.9972008467
0.9967110157
0.9966117144
0.9970042706
0.9962660670
0.9976951480
0.9974843264
0.9972791672
0.9971100092
0.9974057078
0.9963907003
0.9977448583
0.9976379871
0.9973570108
0.9964907169
0.9967663288
0.9975324869
0.9965215921
0.9971362352
0.9971196651
0.9971235991
0.9974079132
0.9971742034
0.9962954521
0.9973142147
0.9962180853
0.9956820011
0.9974256754
0.9967170954
0.9968560934
0.9965317845
0.9979844093
0.9981323481
0.9955980182
0.9954593182
0.9960445762
0.9970049858
0.9968678951
0.9970144033
0.9964963198
0.9970442057
0.9972381592
0.9959440231
0.9962921143
0.9972770214
0.9966352582
0.9978993535
0.9971890450
0.9954602122
0.9976249337
0.9978072643
0.9964289665
0.9976625443
0.9968120456
0.9975140691
0.9974335432
0.9967168570
0.9951751232
0.9975179434
0.9973031282
0.9962354898
0.9965586066
0.9969269037
0.9961074591
0.9978040457
0.9966046810
0.9974377751
0.9966900349
0.9975006580
0.9975629449
0.9980105162
0.9956605434
0.9969773293
0.9962328672
0.9957126379
0.9963653684
0.9973597527
0.9963779449
0.9974244833
0.9956512451
0.9967721701
0.9962210655
0.9963015318
0.9972943068
0.9962154627
0.9973456264
0.9974296093
0.9980273247
0.9977983832
0.9964952469
0.9965025187
0.9957902431
0.9969052076
0.9969411492
0.9970781803
0.9966372848
0.9981130362
0.9974442124
0.9975278974
0.9970629811
0.9969846010
0.9969286919
0.9975064993
0.9964357615
0.9971385002
0.9975633621
0.9968894720
0.9967902899
0.9971654415
0.9965479374
0.9963228106
0.9960860014
0.9963704944
0.9960048795
0.9973968267
0.9978936911
0.9977105856
0.9974163175
0.9975522757
0.9966844320
0.9975930452
0.9971756339
0.9971535802
0.9966647625
0.9970116615
0.9961937070
0.9973087311
0.9978118539
0.9978917241
0.9976349473
0.9977037907
0.9967201352
0.9958851337
0.9976534843
0.9972229004
0.9965729713
0.9971959591
0.9973298311
0.9970317483
0.9965727329
0.9976065159
0.9984835386
0.9980236292
0.9975320697
0.9967126846
0.9959715605
0.9970235229
0.9960209131
0.9972064495
0.9981844425
0.9975926876
0.9970441461
0.9974938035
0.9970747232
0.9969034195
0.9966370463
0.9973917603
0.9973471761
0.9976234436
0.9968885779
0.9964922071
0.9967845678
0.9979264736
0.9970218539
0.9970459938
0.9966661930
0.9966310859
0.9972962737
0.9972517490
0.9967215061
0.9972935915
0.9972909093
0.9960247874
0.9968307614
0.9974868894
0.9964786172
0.9968219995
0.9976739883
0.9980912209
0.9974243641
0.9976023436
0.9983481169
0.9973814487
0.9980561733
0.9973695874
0.9967130423
0.9971805811
0.9970265627
0.9969931841
0.9968942404
0.9973257780
0.9973156452
0.9982541800
0.9983443022
0.9968473911
0.9966374636
0.9970954061
0.9974418283
0.9967973828
0.9964953065
0.9972665310
0.9972510934
0.9970073700
0.9967229366
0.9969994426
0.9975398183
0.9972988963
0.9974561930
0.9971558452
0.9977948666
0.9964998960
0.9963783026
0.9967158437
0.9980691671
0.9962412119
0.9978743792
0.9967787862
0.9960865974
0.9966725111
0.9961597919
0.9959530830
0.9973558187
0.9981294870
0.9975739717
0.9980789423
0.9978937507
0.9964110851
0.9974139929
0.9973433018
0.9973403215
0.9977679253
0.9973204136
0.9966892004
0.9967087507
0.9976007938
0.9975352287
0.9977483749
0.9971565604
0.9976755381
0.9977388382
0.9977315664
0.9971531630
0.9978931546
0.9975491166
0.9965420961
0.9971445799
0.9977157712
0.9979000092
0.9970446825
0.9965235591
0.9968352318
0.9973978400
0.9973428249
0.9976828098
0.9968243837
0.9961204529
0.9981052876
0.9972842932
0.9960073829
0.9966512918
0.9976844192
0.9977475405
0.9971112609
0.9968458414
0.9964687228
0.9966809750
0.9971693158
0.9974596500
0.9972503185
0.9969614744
0.9974859953
0.9976145029
0.9958771467
0.9973573089
0.9969555140
0.9978707433
0.9976431131
0.9971151352
0.9967470169
0.9970924854
0.9976406693
0.9961830378
0.9983712435
0.9972808361
0.9964936972
0.9969595671
0.9972305894
0.9968816042
0.9977216721
0.9971274137
0.9967427254
0.9974160790
0.9969667196
0.9967019558
0.9975881577
0.9972128868
0.9975336790
0.9967715740
0.9969377518
0.9984261990
0.9971272349
0.9973313808
0.9975922704
0.9982197881
0.9968204498
0.9961714745
0.9973202348
0.9979302883
0.9971786141
0.9980595112
0.9977791309
0.9972518682
0.9973602295
0.9978204966
0.9979339838
0.9976563454
0.9969062805
0.9980127811
0.9963701963
0.9971904755
0.9982970357
0.9964548349
0.9978817701
0.9976091385
0.9972965717
0.9974769354
0.9983631372
0.9961588383
0.9972540140
0.9969136715
0.9978868961
0.9966737032
0.9980552793
0.9965698719
0.9969156981
