0.9996269941
0.9996466637
0.9998195171
0.9996716380
0.9995883703
0.9996522069
0.9996889830
0.9997105598
0.9997015595
0.9996544123
0.9996926785
0.9997596741
0.9998253584
0.9996041059
0.9997509122
0.9997808933
0.9995784163
0.9997798204
0.9996733665
0.9996649027
0.9998904467
0.9997491241
0.9997819662
0.9997638464
0.9997421503
0.9997955561
0.9997632504
0.9997608662
0.9997742772
0.9997701645
0.9996335506
0.9996736050
0.9997884631
0.9996788502
0.9996475577
0.9996398687
0.9997098446
0.9997649193
0.9997855425
0.9998317957
0.9996567369
0.9998572469
0.9997253418
0.9996483326
0.9997893572
0.9992846251
0.9997999668
0.9997189045
0.9995878339
0.9997231364
0.9997731447
0.9998588562
0.9996793270
0.9997471571
0.9998638630
0.9998245239
0.9997657537
0.9998475313
0.9997618794
0.9997744560
0.9998406172
0.9997630715
0.9997218847
0.9998149276
0.9997069836
0.9997594357
0.9997283220
0.9997682571
0.9998112917
0.9997593164
0.9997984171
0.9996685982
0.9998455048
0.9996787906
0.9996427298
0.9996321201
0.9995688796
0.9998006821
0.9997761250
0.9998222589
0.9997510314
0.9996706247
0.9996106625
0.9996481538
0.9996939301
0.9996423125
0.9997805357
0.9998358488
0.9998033047
0.9995803237
0.9997780919
0.9995181561
0.9997304082
0.9995834231
0.9997769594
0.9997957349
0.9996801019
0.9998315573
0.9997953176
0.9998550415
0.9997538328
0.9997137785
0.9997323751
0.9997540116
0.9998278618
0.9998511076
0.9997372031
0.9998373985
0.9996049404
0.9998300076
0.9998029470
0.9997040629
0.9998167157
0.9996964335
0.9998307228
0.9996992350
0.9997746944
0.9997786283
0.9997928143
0.9997892976
0.9998133183
0.9998418689
0.9997626543
0.9997152686
0.9997575283
0.9998307228
0.9997540712
0.9995539188
0.9998078346
0.9998164177
0.9997347593
0.9997726679
0.9997859001
0.9998756647
0.9998100996
0.9998278618
0.9997367859
0.9998253584
0.9997821450
0.9997611642
0.9997202158
0.9997656345
0.9999130964
0.9998058081
0.9998251796
0.9997389913
0.9998304844
0.9997294545
0.9997105598
0.9997545481
0.9998254776
0.9998031855
0.9998487234
0.9998616576
0.9996815920
0.9998246431
0.9998623133
0.9997084737
0.9998289347
0.9996712208
0.9997135401
0.9997900128
0.9997739196
0.9998437166
0.9996562004
0.9997166395
0.9997195005
0.9997561574
0.9997880459
0.9997416139
0.9997494817
0.9998665452
0.9997286797
0.9998141527
0.9998496771
0.9998362064
0.9997485280
0.9998079538
0.9997485876
0.9998025894
0.9997943640
0.9997172356
0.9998444319
0.9997524619
0.9997849464
0.9997437000
0.9998058677
0.9997906089
0.9998005629
0.9996969700
0.9997624159
0.9997378588
0.9996358156
0.9997414351
0.9997627735
0.9997049570
0.9997416139
0.9997135401
0.9997638464
0.9996529818
0.9998068810
0.9995769262
0.9997215271
0.9998025894
0.9997406006
0.9998220801
0.9997780919
0.9998465776
0.9996073246
0.9997767210
0.9997639656
0.9997704029
0.9997156858
0.9997443557
0.9997075796
0.9998288155
0.9998135567
0.9997224212
0.9995367527
0.9997304678
0.9997642636
0.9996470809
0.9997949600
0.9997127056
0.9996221066
0.9997590184
0.9996900558
0.9998203516
0.9997686148
0.9995673299
0.9996132851
0.9997819662
0.9997287989
0.9997638464
0.9996028543
0.9997410178
0.9997290969
0.9997861385
0.9997307062
0.9997230768
0.9994980693
0.9994698763
0.9997540712
0.9997270107
0.9997795820
0.9995795488
0.9995650649
0.9997720718
0.9997919798
0.9998186827
0.9998060465
0.9994800687
0.9998674393
0.9997790456
0.9996833205
0.9994758368
0.9995167255
0.9996783137
0.9997613430
0.9997643232
0.9994938374
0.9997938275
0.9998083711
0.9996190071
0.9996333718
0.9996445775
0.9996438026
0.9997887015
0.9997708201
0.9998044968
0.9997314811
0.9997648001
0.9997334480
0.9996230602
0.9996882677
0.9997650385
0.9998151064
0.9997733831
0.9997630119
0.9996866584
0.9996414781
0.9995844364
0.9996287823
0.9997205734
0.9998040199
0.9997862577
0.9996150732
0.9996068478
0.9995334148
0.9996415973
0.9997904301
0.9997914433
0.9996777177
0.9994907379
0.9996851087
0.9996938705
0.9997333884
0.9997354746
0.9997308254
0.9996991158
0.9998415709
0.9997900724
0.9997154474
0.9997589588
0.9997256398
0.9995845556
0.9995559454
0.9997422695
0.9997602701
0.9996016026
0.9997574687
0.9997613430
0.9997187853
0.9998239279
0.9997330308
0.9994648695
0.9995713234
0.9997888803
0.9997058511
0.9996220469
0.9997693300
0.9997950792
0.9997128844
0.9995937943
0.9997630715
0.9997976422
0.9996074438
0.9996712208
0.9997290373
0.9996426105
0.9996680021
0.9996169806
0.9997235537
0.9997425079
0.9997467995
0.9996827841
0.9996558428
0.9997708201
0.9996397495
0.9997258782
0.9997591972
0.9996056557
0.9998235106
0.9997153282
0.9997882843
0.9997777939
0.9996770620
0.9996777773
0.9996658564
0.9997358322
0.9995685816
0.9995863438
0.9998253584
0.9997906089
0.9997971058
0.9997522831
0.9997873306
0.9997379780
0.9998176098
0.9998904467
0.9996888638
0.9997931719
0.9996154904
0.9997680187
0.9998157024
0.9996587038
0.9996891022
0.9996623993
0.9997779131
0.9996173382
0.9996825457
0.9996876717
0.9998299479
0.9996324182
0.9996894002
0.9995095730
0.9996407628
0.9996352196
0.9996258616
0.9996263981
0.9998564124
0.9996486902
0.9998286963
0.9997714758
0.9996497631
0.9996379614
0.9996684790
0.9998182654
0.9997628927
0.9997379780
0.9996497631
0.9998061657
0.9997564554
0.9997332692
0.9997672439
0.9997526407
0.9996636510
0.9997510910
0.9997737408
0.9997133017
0.9997192621
0.9997090101
0.9997532368
0.9996465445
0.9996787906
0.9997118711
0.9997863770
0.9996932745
0.9995222092
0.9997851849
0.9997093678
0.9997124672
0.9997967482
0.9997277856
0.9996991158
0.9996541739
0.9996887445
0.9996750355
0.9997408390
0.9997798800
0.9996663332
0.9997693300
0.9997799397
0.9997444749
0.9995441437
0.9997582436
0.9997048378
0.9996633530
0.9996604919
0.9997721910
0.9996335506
0.9997298717
0.9998406172
0.9997900724
0.9996924400
0.9997956753
0.9995033741
0.9996970892
0.9996899962
0.9998369813
0.9997875690
0.9997481108
0.9997919798
0.9996763468
0.9998064041
0.9998428822
0.9997441769
0.9997157454
0.9998825788
0.9997230768
0.9998162985
0.9997186065
0.9998005629
0.9997848272
0.9997069836
0.9996979237
0.9998759627
0.9997428060
0.9997550249
0.9997971058
0.9996440411
0.9998139143
0.9997640848
0.9998223782
0.9996749759
0.9995974302
0.9997418523
0.9996945858
0.9997842312
0.9997819662
0.9996619225
0.9998689294
0.9997951984
0.9998217821
0.9998134375
0.9998534322
0.9998244047
0.9997959137
0.9997448921
0.9997003078
0.9997701049
0.9997999668
0.9998128414
0.9998216629
0.9998143315
0.9997192621
0.9996982217
0.9997563958
0.9998409748
0.9996050596
0.9995787144
0.9996522665
0.9998178482
0.9996250868
0.9996902943
0.9997856021
0.9997923374
0.9997657537
0.9997296333
0.9997023344
0.9998032451
0.9997930527
0.9995905161
0.9997280240
0.9996615052
0.9995582104
0.9997859597
0.9997854829
0.9997688532
0.9997594953
0.9997687340
0.9997416735
0.9997823834
0.9996033311
0.9997993708
0.9998031855
0.9997661114
0.9998412132
0.9997161627
0.9996569753
0.9997384548
0.9997903109
0.9997417331
0.9998166561
0.9998196363
0.9997646809
0.9997595549
0.9997959137
0.9997343421
0.9997798800
0.9997544885
0.9998232722
0.9997985363
0.9997346997
0.9998205900
0.9997331500
0.9996311665
0.9997814894
0.9996699095
0.9997397661
0.9997055531
0.9997937083
0.9997090101
0.9997982979
0.9997181892
0.9998315573
0.9997694492
0.9996993542
0.9997553825
0.9997873306
0.9997694492
0.9997181296
0.9997349381
0.9997686148
0.9996632338
0.9998394251
0.9996523857
0.9997412562
0.9998313189
0.9998650551
0.9997355938
0.9998726845
0.9997253418
0.9997591972
0.9998137355
0.9998005629
0.9998212457
0.9997369051
0.9995934367
0.9996955991
0.9998029470
0.9996906519
0.9996947050
0.9997364283
0.9998042583
0.9997790456
0.9996674061
0.9997289181
0.9997802973
0.9998207688
0.9996738434
0.9998266101
0.9997355938
0.9998075962
0.9996411800
0.9996249080
0.9995735884
0.9996707439
0.9997992516
0.9997059107
0.9997012615
0.9997094870
0.9997785091
0.9994939566
0.9997968674
0.9997515678
0.9998445511
0.9995968342
0.9996937513
0.9996662140
0.9996722937
0.9998148680
0.9997037649
0.9998080134
0.9997299910
0.9997370243
0.9998557568
0.9997431040
0.9996620417
0.9996969700
0.9996216297
0.9997041225
0.9997932911
0.9997943640
0.9998286963
0.9997511506
0.9997462630
0.9996919632
0.9998675585
0.9997512698
0.9995409846
0.9997599125
0.9996780157
0.9997588396
0.9995793104
0.9996690750
0.9996424913
0.9997962713
0.9996360540
0.9997199178
0.9996587038
0.9996901751
0.9997639060
0.9997067451
0.9997317791
0.9998050928
0.9997824430
0.9996867180
0.9998335838
0.9996002913
0.9996774197
0.9997718930
0.9994504452
0.9997942448
0.9997061491
0.9997364283
0.9997446537
0.9997680187
0.9998470545
0.9996577501
0.9997435212
0.9996854067
0.9996954799
0.9995959997
0.9995353222
0.9997571707
0.9997559786
0.9997904301
0.9997823238
0.9995684028
0.9997864962
0.9995318651
0.9997837543
0.9997424483
0.9997410774
0.9996969700
0.9997159243
0.9997528195
0.9996385574
0.9995292425
0.9996209145
0.9996889234
0.9997459650
0.9997266531
0.9997819662
0.9995778799
0.9997115731
0.9995300770
0.9997021556
0.9995576143
0.9997992516
0.9996082783
0.9995644093
0.9995153546
0.9996111989
0.9996625781
0.9997544289
0.9997815490
0.9998414516
0.9997786283
0.9996393919
0.9996243715
0.9996895194
0.9996868372
0.9997047186
0.9995881319
0.9997830391
0.9996554852
0.9997720718
0.9997587800
0.9995590448
0.9996813536
0.9997600317
0.9997235537
0.9997640848
0.9997069836
0.9996553659
0.9997949600
0.9997459650
0.9996308088
0.9997787476
0.9997056723
0.9998344183
0.9997158051
0.9996204376
0.9997271299
0.9996816516
0.9997609854
0.9998439550
0.9996786118
0.9997341633
0.9997912645
0.9997237325
0.9996653795
0.9996653795
0.9997760057
0.9995935559
0.9997769594
0.9997522235
0.9996708632
0.9997212291
0.9997513294
0.9996843934
0.9997715354
0.9998188019
0.9997489452
0.9994987249
0.9996480942
0.9997583628
0.9996576309
0.9998111129
0.9998331070
0.9997059107
0.9996876717
0.9997477531
0.9998576641
0.9997155666
0.9997880459
0.9997431636
0.9997127056
0.9997597933
0.9997661710
0.9997798204
0.9996645451
0.9996744394
0.9996856451
0.9997475147
0.9998143315
0.9997355938
0.9997929335
0.9998258352
0.9997438788
0.9996404648
0.9996980429
0.9998476505
0.9998065233
0.9997954369
0.9998055696
0.9998179078
0.9996795058
0.9996487498
0.9997384548
0.9998232722
0.9996550083
0.9998260736
0.9997605085
0.9997000694
0.9997508526
0.9997815490
0.9997073412
0.9997414351
0.9997283220
0.9997723699
0.9995867014
0.9997144938
0.9998756647
0.9996844530
0.9997134209
0.9998314977
0.9997322559
0.9997969866
0.9998952150
0.9995148778
0.9997706413
0.9997334480
0.9998368025
0.9997313619
0.9998743534
0.9996927977
0.9997146726
0.9997272491
0.9996161461
0.9997832775
0.9996325970
0.9994581938
0.9996717572
0.9996356964
0.9996935129
0.9996982813
0.9996832609
0.9996960163
0.9997773170
0.9998446703
0.9997128248
0.9997135401
0.9996097684
0.9996955395
0.9997262955
0.9996893406
0.9995850921
0.9999116659
0.9997017980
0.9998209476
0.9997831583
0.9996941686
0.9997920990
0.9997661114
0.9998133779
0.9997636080
0.9998310804
0.9996927977
0.9997361898
0.9997732639
0.9996764660
0.9996617436
0.9997903109
0.9997821450
0.9997752309
0.9997468591
0.9998109937
0.9995957017
0.9998627901
0.9995994568
0.9996215105
0.9997488260
0.9995658398
0.9996963739
0.9997560382
0.9995273352
0.9996635914
0.9997694492
0.9998455048
0.9998334646
0.9996814728
0.9996713996
0.9997459650
0.9997719526
0.9998072982
0.9997785687
0.9998253584
0.9997650385
0.9997274876
0.9996680021
0.9996908903
0.9997345209
0.9998234510
0.9997407198
0.9997044802
0.9997322559
0.9997341037
0.9998159409
0.9996807575
0.9997944832
0.9996936321
0.9996255636
0.9996805191
0.9996900558
0.9998009801
0.9998077154
0.9998884201
0.9997330308
0.9995566607
0.9996331930
0.9996377230
0.9996871948
0.9996927977
0.9997286797
0.9997345805
0.9996979237
0.9994802475
0.9996654987
0.9994567633
0.9996410608
0.9997007847
0.9997571111
0.9997609258
0.9997267723
0.9997208118
0.9998073578
0.9998448491
0.9996677637
0.9997314811
0.9997435808
0.9997674823
0.9997483492
0.9997120500
0.9996657372
0.9997931719
0.9996807575
0.9997925162
0.9997937083
0.9997556210
0.9997522831
0.9996102452
0.9998015165
0.9995965958
0.9997113943
0.9997879267
0.9997730851
0.9996662140
0.9996876717
0.9997819066
0.9996954203
0.9995530844
0.9996128082
0.9998284578
0.9997248650
0.9996114969
0.9998036027
0.9997534752
0.9997230768
0.9996778965
0.9997749329
0.9997302294
0.9997328520
0.9996267557
0.9996958375
0.9997399449
0.9996100664
0.9996141791
0.9996225834
0.9996262789
0.9998677373
0.9996993542
0.9996953011
0.9996724129
0.9997605085
0.9997141361
0.9996418357
0.9997211099
0.9997475743
0.9998037219
0.9997470975
0.9998061657
0.9995666742
0.9997624159
0.9997450709
0.9997501373
0.9998251200
0.9995815754
0.9996905327
0.9996963739
0.9997684956
0.9998342991
0.9996443987
0.9996340275
0.9995952845
0.9996123314
0.9996855855
0.9997252226
0.9996979237
0.9998022914
0.9996578693
0.9997347593
0.9997417927
0.9996800423
0.9996027946
0.9996192455
0.9995593429
0.9997832775
0.9997570515
0.9996380210
0.9998009801
0.9996247292
0.9996126294
0.9996743202
0.9997364879
0.9997665286
0.9997562170
0.9996136427
0.9997014999
0.9996381402
0.9995380640
0.9997315407
0.9997070432
0.9996715784
0.9996657372
0.9996196032
0.9997442961
0.9994879365
0.9997161627
0.9995437860
0.9995328188
0.9997575283
0.9996626377
0.9997603893
0.9997736216
0.9997905493
0.9996698499
0.9995671511
0.9996540546
0.9996877909
0.9996566772
0.9996765852
0.9995654821
0.9996949434
0.9996792078
0.9996665716
0.9994729757
0.9997403026
0.9997546673
0.9994961023
0.9997395873
0.9997209311
0.9996081591
0.9996757507
0.9996443987
0.9997556210
0.9996302128
0.9995485544
0.9996837378
0.9995329976
0.9997111559
0.9995818138
0.9996690750
0.9996227622
0.9995748997
0.9998283982
0.9995397329
0.9996817112
0.9994421005
0.9994966388
0.9997242093
0.9997762442
0.9997068048
0.9996626377
0.9995593429
0.9995572567
0.9996996522
0.9997335672
0.9997709990
0.9995077848
0.9996683002
0.9997254610
0.9996194839
0.9995373487
0.9995406270
0.9996687174
0.9997732639
0.9997612238
0.9994719028
0.9996652603
0.9997264147
0.9995459914
0.9995008707
0.9996649027
0.9995790720
0.9997887611
0.9997475147
0.9998097420
0.9996459484
0.9996578693
0.9997400045
0.9995094538
0.9996259212
0.9996733665
0.9997695684
0.9996179342
0.9996700287
0.9996885061
0.9996588826
0.9995816946
0.9995152950
0.9996588230
0.9997501373
0.9997542500
0.9995182753
0.9994922876
0.9993953109
0.9996595979
0.9997464418
0.9997872114
0.9997229576
0.9995805025
0.9995356798
0.9995857477
0.9996188879
0.9996685982
0.9996581674
0.9996098280
0.9997663498
0.9997932315
0.9996782541
0.9996616840
0.9997594357
0.9994668961
0.9995381832
0.9997395277
0.9997905493
0.9995698929
0.9998211861
0.9996141195
0.9996469617
0.9997296333
0.9997230768
0.9995646477
0.9995139837
0.9996529222
0.9995698333
0.9995404482
0.9996013641
0.9997175932
0.9996453524
0.9996216297
0.9997131824
0.9997949600
0.9996873140
0.9996925592
0.9996889830
0.9996091723
0.9997239113
0.9995851517
0.9995591044
0.9997813702
0.9997781515
0.9995914102
0.9997711182
0.9997934699
0.9997263551
0.9997045994
0.9998301268
0.9995925426
0.9997295141
0.9996525049
0.9996639490
0.9996799231
0.9996140003
0.9996619225
0.9994617701
0.9996874332
0.9995796084
0.9995416999
0.9998154640
0.9997864366
0.9997356534
0.9997161627
0.9997334480
0.9997159839
0.9998253584
0.9998416901
0.9996813536
0.9997850657
0.9996241331
0.9996752143
0.9997156262
0.9996643662
0.9996936321
0.9995851517
0.9997831583
0.9996248484
0.9996575117
0.9996556044
0.9996446371
0.9995408058
0.9997798800
0.9995388985
0.9996485114
0.9996073246
0.9996026754
0.9996335506
0.9998323917
0.9996887445
0.9996899366
0.9997524023
0.9995719790
0.9996199608
0.9996289015
0.9997000098
0.9997493029
0.9997448921
0.9997842908
0.9997307658
0.9997187257
0.9997755289
0.9997590184
0.9997087717
0.9996399283
0.9997476935
0.9997642040
0.9997245073
0.9997767210
0.9996980429
0.9997695684
0.9996935129
0.9996902943
0.9996992350
0.9997316599
0.9997006655
0.9996209145
0.9997332096
0.9996584058
0.9996071458
0.9998328686
0.9997724295
0.9996021986
0.9996922016
0.9996680021
0.9996320605
0.9995976686
0.9997416735
0.9996407628
0.9996167421
0.9997001290
0.9997193813
0.9996951222
0.9997143745
0.9996378422
0.9996523261
0.9996458292
0.9997368455
0.9997118711
0.9997154474
0.9998006225
0.9996846914
0.9997959137
0.9998390675
0.9995076656
0.9997173548
0.9996458888
0.9997907877
0.9997888803
0.9997340441
0.9996348619
0.9996902347
0.9997653961
0.9997839928
0.9997067451
0.9996415973
0.9998383522
0.9997091293
0.9996695518
0.9997481108
0.9997106791
0.9997831583
0.9996413589
0.9996563792
0.9998073578
0.9996240139
0.9997275472
0.9997521639
0.9997315407
0.9997810125
0.9996752739
0.9997795820
0.9996020794
0.9995889664
0.9996387959
0.9996339083
0.9997808933
0.9997497201
0.9996973276
0.9997957945
0.9997245073
0.9996016026
0.9997841120
0.9997622371
0.9998280406
0.9997107983
0.9997739792
0.9997005463
0.9997210503
0.9997556806
0.9996623993
0.9997668266
0.9997297525
0.9996415377
0.9996509552
0.9996662140
0.9996969700
0.9996826649
0.9995279312
0.9996599555
0.9997311831
0.9994895458
0.9996894002
0.9996616840
0.9997777939
0.9997652769
0.9996644258
0.9995183945
0.9997084141
0.9997747540
0.9996945858
0.9996247292
0.9995915890
0.9997634888
0.9996933937
0.9997711778
0.9996627569
0.9996722937
0.9997746348
0.9998086095
0.9996911287
0.9995797873
0.9997332096
0.9996919632
0.9997738600
0.9997912645
0.9997105002
0.9997954965
0.9997620583
0.9997494221
0.9996552467
0.9995952845
0.9997109771
0.9997020960
0.9996811152
0.9997491241
0.9996467233
0.9997972250
0.9997071028
0.9997828007
0.9997141361
0.9997680187
0.9997811317
0.9997151494
0.9996086359
0.9997537732
0.9996472597
0.9996044040
0.9996147156
0.9996200204
0.9995268583
0.9996306896
0.9997485280
0.9997969270
0.9996535778
0.9997183681
0.9996143579
0.9996431470
0.9996825457
0.9996532202
0.9996949434
0.9996550083
0.9996327162
0.9997358322
0.9993624687
0.9996730089
0.9997768402
0.9997565746
0.9996154308
0.9998404384
0.9996669292
0.9996655583
0.9997845888
0.9997215271
0.9997005463
0.9997034073
0.9995536208
0.9997237921
0.9997668266
0.9996158481
0.9997320175
0.9996649027
0.9997134209
0.9997228384
0.9995337725
0.9996172190
0.9996331334
0.9997338653
0.9996433258
0.9997451305
0.9996868372
0.9997177720
0.9996129274
0.9996742606
0.9995512366
0.9996256828
0.9997301698
0.9996770620
0.9995690584
0.9996626377
0.9997011423
0.9996792078
0.9997763038
0.9998172522
0.9998524785
0.9996136427
0.9996782541
0.9996801615
0.9995885491
0.9997263551
0.9996377230
0.9996843338
0.9996456504
0.9996967316
0.9998030663
0.9997546673
0.9995827079
0.9996596575
0.9996108413
0.9997417331
0.9995050430
0.9997843504
0.9997248650
0.9995789528
0.9996729493
0.9996339083
0.9997591376
0.9997099638
0.9994056821
0.9997085333
0.9995157123
0.9996316433
0.9996068478
0.9996826053
0.9995658994
0.9997614622
0.9996355176
0.9996758103
0.9996814728
0.9996438026
0.9996730685
0.9995868206
0.9997279644
0.9997444749
0.9996901751
0.9995208383
0.9997898340
0.9996936917
0.9995571375
0.9997693300
0.9994807243
0.9997820258
0.9995113611
0.9997107983
0.9997086525
0.9997543097
0.9997961521
0.9997053742
0.9995892644
0.9997663498
0.9995322227
0.9996240735
0.9995476604
0.9995974302
0.9997833967
0.9997751713
0.9997010231
0.9996436834
0.9996809363
0.9995868206
0.9997760057
0.9997256994
0.9995335937
0.9997043610
0.9996275902
0.9996498823
0.9997078180
0.9995774031
0.9995589256
0.9996575117
0.9997147322
0.9997055531
0.9997590780
0.9992842078
0.9996474981
0.9995985031
0.9996998906
0.9995206594
0.9997990131
0.9996296167
0.9996105433
0.9995236397
0.9995784163
0.9996761084
0.9997528195
0.9997997284
0.9997513294
0.9998246431
0.9996457100
0.9994155169
0.9996019602
0.9997537732
0.9997125864
0.9996873140
0.9997011423
0.9996597171
0.9997501373
0.9997743368
0.9996196628
0.9996695518
0.9996939898
0.9997344017
0.9997577667
0.9996965528
0.9996896982
0.9996891618
0.9997445345
0.9995938540
0.9996981621
0.9996365309
0.9998170137
0.9996446967
0.9995382428
0.9997237325
0.9997707009
0.9996558428
0.9998130798
0.9996273518
0.9995785356
0.9997514486
0.9995917082
0.9997382164
0.9995738268
0.9997227192
0.9997465611
0.9997346401
0.9997361898
0.9995831251
0.9996989965
0.9997222424
0.9997344017
0.9997591972
0.9997756481
0.9998185635
0.9996299744
0.9995305538
0.9996610284
0.9997051954
0.9998387098
0.9997526407
0.9997057915
0.9996604919
0.9997119904
0.9998414516
0.9996615648
0.9998087883
0.9997398853
0.9996412992
0.9997470379
0.9997388721
0.9996967912
0.9996813536
0.9995980859
0.9996569157
0.9997253418
0.9997677803
0.9997036457
0.9996960163
0.9998136759
0.9997587204
0.9996453524
0.9995844960
0.9998356104
0.9997519255
0.9997861385
0.9997970462
0.9997810721
0.9996639490
0.9996535778
0.9996812940
0.9997619390
0.9996234179
0.9998127222
0.9997740984
0.9996840954
0.9997672439
0.9997366667
0.9997684956
0.9997743964
0.9996761680
0.9998807907
0.9997031689
0.9997099638
0.9998517036
0.9996528625
0.9997398853
0.9997557402
0.9997259378
0.9997011423
0.9998846054
0.9996171594
0.9997416735
0.9997337461
0.9998089075
0.9997572899
0.9997907877
0.9997146130
0.9996951222
0.9996448755
0.9996402264
0.9997195601
0.9996877909
0.9997000098
0.9997481108
0.9997597933
0.9996167421
0.9997397661
0.9997148514
0.9998321533
0.9997786283
0.9997138977
0.9995301962
0.9997494221
0.9995793104
0.9996461868
0.9997259974
0.9997804165
0.9997469187
0.9997454882
0.9998270273
0.9997649193
0.9996786118
0.9997066855
0.9997633100
0.9996243715
0.9997398853
0.9996762276
0.9998091459
0.9996988773
0.9996402264
0.9996684790
0.9997586608
0.9996825457
0.9996134043
0.9996919632
0.9997388124
0.9997041225
0.9997707009
0.9996359348
0.9998376369
0.9996550083
0.9995276928
0.9996730089
0.9995028973
0.9997897148
0.9995889664
0.9996460676
0.9996415377
0.9997380376
0.9998224974
0.9997017980
0.9996553659
0.9997565746
0.9997771978
0.9997870922
0.9997768402
0.9996043444
0.9997421503
0.9997267723
0.9997768402
0.9995833635
0.9997218847
0.9997630715
0.9995658398
0.9994471669
0.9996685386
0.9996341467
0.9995592833
0.9996583462
0.9996048212
0.9996264577
0.9995996952
0.9993422031
0.9996994734
0.9994603395
0.9996910095
0.9997683764
0.9997457266
0.9993565083
0.9994840622
0.9994944334
0.9996464252
0.9995105863
0.9995236993
0.9996854663
0.9997736216
0.9997694492
0.9994914532
0.9995568395
0.9996933937
0.9995993376
0.9996023178
0.9996711016
0.9995864630
0.9996349812
0.9995588660
0.9997158647
0.9997600317
0.9996801019
0.9997122288
0.9995958805
0.9997645020
0.9997165799
0.9996052980
0.9997392893
0.9997183084
0.9997238517
0.9996493459
0.9997292161
0.9996223450
0.9995564222
0.9995408058
0.9997373819
0.9996203184
0.9997167587
0.9997348785
0.9997082949
0.9997175336
0.9995937347
0.9997779131
0.9994683862
0.9996344447
0.9997742176
0.9998167753
0.9998139143
0.9996371269
0.9995574951
0.9997854233
0.9996141791
0.9996846914
0.9998406172
0.9996711612
0.9997370243
0.9996247292
0.9997503757
0.9996292591
0.9996168017
0.9994752407
0.9995529652
0.9997540116
0.9998479486
0.9994223118
0.9996042252
0.9994664192
0.9996763468
0.9996695518
0.9997994900
0.9997738004
0.9996201992
0.9998051524
0.9997472763
0.9997266531
0.9994949698
0.9996736050
0.9996692538
0.9996850491
0.9997651577
0.9997929931
0.9995756149
0.9995664358
0.9997103810
0.9997062683
0.9995710850
0.9996750355
0.9995045662
0.9995962381
0.9997352362
0.9996876717
0.9997843504
0.9997787476
0.9997071028
0.9996668100
0.9996535778
0.9998173714
0.9997106791
0.9996611476
0.9997792244
0.9997604489
0.9996567965
0.9996198416
0.9998118877
0.9994899035
0.9995204806
0.9996424317
0.9996323586
0.9995896816
0.9996374249
0.9996647835
0.9996443987
0.9997480512
0.9996204376
0.9997068048
0.9996619225
0.9997680783
0.9997415543
0.9996562004
0.9997039437
0.9996635914
0.9996402264
0.9997125864
0.9995192289
0.9997175932
0.9997320175
0.9998372793
0.9998315573
0.9996838570
0.9996783137
0.9996992946
0.9997056723
0.9995844364
0.9996519685
0.9998192787
0.9996032119
0.9997844696
0.9996871352
0.9997009039
0.9997035861
0.9995887280
0.9996792078
0.9997146726
0.9996110201
0.9996689558
0.9997028112
0.9996665716
0.9995840192
0.9997607470
0.9997025728
0.9997563362
0.9997171164
0.9997135401
0.9997657537
0.9997801781
0.9997896552
0.9996613264
0.9995677471
0.9997774363
0.9997928143
0.9996554852
0.9996102452
0.9996366501
0.9997907877
0.9997127056
0.9996763468
0.9997918606
0.9996083975
0.9995832443
0.9997815490
0.9996284246
0.9997453690
0.9996635318
0.9998432398
0.9997778535
0.9997384548
0.9996811152
0.9996601343
0.9995536804
0.9997564554
0.9996777773
0.9996157289
0.9996461868
0.9997507930
0.9997284412
0.9997454882
0.9997869730
0.9996372461
0.9998310804
0.9997478724
0.9997982979
0.9997712374
0.9998124838
0.9996794462
0.9995731115
0.9995701313
0.9997018576
0.9996800423
0.9997496009
0.9996405840
0.9997223616
0.9997277260
0.9996691942
0.9996570349
0.9997044802
0.9997123480
0.9997754097
0.9996883869
0.9995856285
0.9997105002
0.9997554421
0.9998010397
0.9997197390
0.9997422695
0.9997670054
0.9997081161
0.9996197820
0.9996997118
0.9997149706
0.9998392463
0.9997808933
0.9996541142
0.9997830391
0.9997303486
0.9995548725
0.9997078180
0.9997889996
0.9996388555
0.9997646809
0.9997245073
0.9996837378
0.9997864962
0.9996517897
0.9997410774
0.9996314645
0.9997764826
0.9997124076
0.9996592402
0.9996166229
0.9997525215
0.9997019768
0.9996245503
0.9996339083
0.9997060299
0.9997603893
0.9996373057
0.9997286797
0.9996781945
0.9997057319
0.9996829629
0.9995738864
0.9998544455
0.9996130466
0.9996974468
0.9997884035
0.9997585416
0.9997626543
0.9997640848
0.9997103214
0.9996870756
0.9996901751
0.9997401237
0.9997869134
0.9996923208
0.9996552467
0.9997050762
0.9998322725
0.9996683598
0.9996792078
0.9997109175
0.9997988939
0.9997335076
0.9996529818
0.9996759892
0.9997429848
0.9997815490
0.9996263385
0.9998559356
0.9996648431
0.9997503757
0.9997996092
0.9995460510
0.9997824430
0.9997022748
0.9996284246
0.9997922778
0.9997176528
0.9996718168
0.9997216463
0.9997600913
0.9997446537
0.9996659756
0.9997242689
0.9996659756
0.9996443987
0.9997303486
0.9996573329
0.9997164607
0.9996708035
0.9995794296
0.9996851683
0.9998201132
0.9994164705
0.9997967482
0.9997100830
0.9993193150
0.9995521307
0.9995425940
0.9997987747
0.9997406602
0.9997848272
0.9996455312
0.9998226166
0.9997501373
0.9997384548
0.9997566938
0.9995127916
0.9995144606
0.9997205734
0.9996562004
0.9997947216
0.9995201230
0.9997274876
0.9997916818
0.9996668696
0.9995933771
0.9996845722
0.9996678829
0.9997199178
0.9996021986
0.9997706413
0.9994621277
0.9997496605
0.9997643232
0.9998168945
0.9996734858
0.9996824265
0.9994012117
0.9996401072
0.9996629357
0.9996125698
0.9994873405
0.9996472597
0.9995933771
0.9995163679
0.9995311499
0.9996684790
0.9996732473
0.9995247722
0.9996168613
0.9996360540
0.9996106029
0.9995965958
0.9998078942
0.9997713566
0.9995858073
0.9996409416
0.9994984865
0.9995386600
0.9996615648
0.9997521639
0.9997425079
0.9996683598
0.9993497729
0.9997090101
0.9996848106
0.9997614622
0.9996080399
0.9996807575
0.9996955395
0.9995659590
0.9996987581
0.9998108149
0.9997117519
0.9996846318
0.9994410872
0.9996908307
0.9996860027
0.9996106625
0.9996524453
0.9996777773
0.9995110035
0.9996237755
0.9997469187
0.9997554421
0.9994070530
0.9994658232
0.9996929169
0.9995468855
0.9996827245
0.9995424747
0.9995558262
0.9996132255
0.9996548891
0.9996501207
0.9996545315
0.9993895292
0.9997361302
0.9996966124
0.9995746017
0.9995718598
0.9996919632
0.9997007251
0.9997043610
0.9996424913
0.9996709824
0.9996069670
0.9996492267
0.9995496273
0.9995428324
0.9997715354
0.9994778633
0.9997092485
0.9998049140
0.9996623993
0.9996077418
0.9993837476
0.9997413158
0.9997604489
0.9995067120
0.9995862246
0.9996604919
0.9998209476
0.9994791746
0.9995893240
0.9994784594
0.9995405078
0.9997568130
0.9997524023
0.9997795820
0.9997497797
0.9997088313
0.9998124838
0.9996023774
0.9996364117
0.9997038841
0.9996740222
0.9997783899
0.9997415543
0.9995541573
0.9997370243
0.9997195005
0.9996376634
0.9994199276
0.9997305274
0.9997213483
0.9995248318
0.9996488094
0.9995988607
0.9997564554
0.9998186231
0.9996433258
0.9996645451
0.9997345209
0.9997694492
0.9997521639
0.9997892380
0.9995583892
0.9997133017
0.9997615218
0.9995779395
0.9996368885
0.9996411800
0.9997154474
0.9998037815
0.9994543791
0.9998193979
0.9996689558
0.9995495081
0.9997059107
0.9996681809
0.9997668862
0.9997581244
0.9996877313
0.9997219443
0.9996424913
0.9996613860
0.9996555448
0.9997415543
0.9996178150
0.9995582700
0.9996814728
0.9998354912
0.9997819662
0.9997599125
0.9996833205
0.9996714592
0.9997215271
0.9998054504
0.9997222424
0.9998033643
0.9996212125
0.9996047020
0.9997068644
0.9996075630
0.9996503592
0.9997524023
0.9996086955
0.9997410774
0.9996222258
0.9997642636
0.9997318983
0.9997789264
0.9997849464
0.9998414516
0.9996605515
0.9997920990
0.9996879101
0.9996703863
0.9997799397
0.9996487498
0.9997593164
0.9997922182
0.9997870922
0.9997849464
0.9995766878
0.9998195171
0.9996576905
0.9996637106
0.9997386932
0.9996815920
0.9996916652
0.9997621179
0.9997856617
0.9997185469
0.9997026920
0.9996631742
0.9998466372
0.9998487234
0.9997222424
0.9995126128
0.9996758699
0.9996805787
0.9995682240
0.9997321367
0.9998483658
0.9996486902
0.9997535348
0.9997094274
0.9998504519
0.9997753501
0.9996292591
0.9997752905
0.9997656345
0.9997910261
0.9997172356
0.9995340109
0.9997478724
0.9997310638
0.9997481108
0.9997231364
0.9996733069
0.9997053146
0.9997566938
0.9996483326
0.9996703863
0.9998627901
0.9998031855
0.9995409846
0.9997815490
0.9997085333
0.9996679425
0.9997277856
0.9997805357
0.9998009205
0.9997537136
0.9996048212
0.9997376204
0.9996982813
0.9998309612
0.9997327328
0.9997002482
0.9997135997
0.9998059273
0.9996446967
0.9997283220
0.9997690320
0.9997148514
0.9997972250
0.9998037815
0.9995879531
0.9996818304
0.9996919036
0.9996049404
0.9996447563
0.9997465611
0.9996075034
0.9997133017
0.9998334050
0.9997003078
0.9996558428
0.9997237325
0.9997996092
0.9997509718
0.9997181892
0.9997434616
0.9996528029
0.9995668530
0.9996762872
0.9997104406
0.9996687770
0.9997751713
0.9997025132
0.9997553825
0.9997987747
0.9996403456
0.9996334910
0.9996626973
0.9998064041
0.9998235703
0.9997920990
0.9998000860
0.9995442033
0.9996644258
0.9996837378
0.9996938705
0.9997811913
0.9997558594
0.9996914864
0.9997502565
0.9997385740
0.9997932315
0.9997577667
0.9997346401
0.9996864796
0.9998095036
0.9998582602
0.9997895956
0.9998079538
0.9997375011
0.9996352196
0.9997366667
0.9997379780
0.9997418523
0.9996036291
0.9997060299
0.9997287393
0.9997372031
0.9996492863
0.9995620251
0.9997677207
0.9996085167
0.9997212291
0.9998017550
0.9997105002
0.9997769594
0.9998033047
0.9997339249
0.9995911121
0.9997175932
0.9996758103
0.9997574687
0.9997774363
0.9997532964
0.9997576475
0.9996857643
0.9996427298
0.9996699095
0.9997182488
0.9996847510
0.9997259378
0.9997898340
0.9998191595
0.9996573925
0.9996213913
0.9996969700
0.9998185635
0.9996123314
0.9997926950
0.9997085333
0.9996625185
0.9996310472
0.9997271299
0.9994172454
0.9997055531
0.9996972084
0.9997447133
0.9997480512
0.9997300506
0.9997161627
0.9997533560
0.9995845556
0.9996685386
0.9997550845
0.9995629787
0.9998199344
0.9997770786
0.9996716976
0.9998260736
0.9997398257
0.9996515512
0.9996158481
0.9997547865
0.9997979999
0.9996632338
0.9998006821
0.9998288751
0.9996676445
0.9996613264
0.9996624589
0.9996578693
0.9998072982
0.9996744394
0.9997515678
0.9996898770
0.9997228384
0.9998622537
0.9996870160
0.9996973276
0.9998154640
0.9996290207
0.9995398521
0.9998964667
0.9995417595
0.9995700121
0.9995448589
0.9997080564
0.9995797873
0.9997055531
0.9996644258
0.9995612502
0.9995126724
0.9994613528
0.9997404814
0.9996243715
0.9995921850
0.9995806217
0.9996678829
0.9996331930
0.9997134209
0.9995934963
0.9997473359
0.9996662736
0.9996974468
0.9992477894
0.9996185303
0.9996744394
0.9993544221
0.9997148514
0.9997135997
0.9996519685
0.9997607470
0.9997508526
0.9996457100
0.9996074438
0.9995943308
0.9997434020
0.9995803833
0.9996894598
0.9997173548
0.9995968938
0.9995703697
0.9995032549
0.9996709824
0.9996629953
0.9994981289
0.9993138313
0.9996023178
0.9996560216
0.9996367097
0.9996978045
0.9996235967
0.9997415543
0.9996519685
0.9994409084
0.9996625185
0.9992074966
0.9997437000
0.9995455742
0.9995388389
0.9995863438
0.9996131659
0.9997941852
0.9995499849
0.9996513724
0.9998318553
0.9998100996
0.9997193813
0.9997479916
0.9995988607
0.9996659756
0.9997722507
0.9996829033
0.9995888472
0.9997780323
0.9995653629
0.9995917082
0.9995774031
0.9996865988
0.9996535778
0.9995062351
0.9996403456
0.9994904995
0.9996825457
0.9995810390
0.9993544221
0.9995380640
0.9993006587
0.9996092916
0.9997034073
0.9996341467
0.9994403124
0.9995210171
0.9994454384
0.9995461106
0.9995728731
0.9994754195
0.9996975660
0.9997549057
0.9997684956
0.9994810820
0.9996424913
0.9995711446
0.9996439219
0.9994683266
0.9996306896
0.9995826483
0.9995039701
0.9996821880
0.9996017814
0.9998136759
0.9996879101
0.9996025562
0.9995062351
0.9996784329
0.9997677803
0.9997750521
0.9996876717
0.9997655153
0.9994714856
0.9996726513
0.9996699095
0.9995462894
0.9996342659
0.9995894432
0.9997355938
0.9996033907
0.9996812940
0.9997288585
0.9996644258
0.9997622967
0.9996421337
0.9997975230
0.9995564222
0.9996885657
0.9997128248
0.9997639656
0.9997450709
0.9995278120
0.9995710850
0.9997702837
0.9996003509
0.9997460842
0.9997670054
0.9997895956
0.9997196794
0.9997699261
0.9996528029
0.9997533560
0.9996567965
0.9996086955
0.9996562004
0.9997210503
0.9998381734
0.9996556044
0.9997740984
0.9995363951
0.9996885657
0.9995889664
0.9996796846
0.9997464418
0.9997556210
0.9997232556
0.9997696280
0.9997638464
0.9995977879
0.9997320771
0.9998147488
0.9996069670
0.9997451901
0.9996775389
0.9996293783
0.9996159077
0.9996318817
0.9995805025
0.9994848967
0.9996736050
0.9995798469
0.9996669292
0.9997537136
0.9996318817
0.9997437000
0.9997917414
0.9996601343
0.9997290969
0.9997307062
0.9998018146
0.9995982051
0.9997431040
0.9997812510
0.9997543097
0.9995809793
0.9995914698
0.9997857809
0.9995778799
0.9997093678
0.9996306896
0.9996718764
0.9996935129
0.9996508360
0.9995400310
0.9995973110
0.9996564984
0.9995738268
0.9996360540
0.9996219873
0.9996730089
0.9997205734
0.9996395707
0.9997090101
0.9995161891
0.9997405410
0.9994876981
0.9996585846
0.9997346997
0.9997062683
0.9997759461
0.9997160435
0.9997835159
0.9995608330
0.9997202158
0.9997540116
0.9996607900
0.9996425509
0.9997503161
0.9996887445
0.9998165369
0.9997735620
0.9996891022
0.9996229410
0.9995355606
0.9996292591
0.9996293783
0.9996010065
0.9996449947
0.9995850325
0.9996796846
0.9996233582
0.9997408390
0.9996926785
0.9995630980
0.9994994998
0.9997754097
0.9996560812
0.9997985959
0.9996429682
0.9996846318
0.9995821118
0.9996209145
0.9997748137
0.9995982647
0.9995297194
0.9994521737
0.9997475147
0.9996365309
0.9996915460
0.9995807409
0.9995347857
0.9996699095
0.9997276664
0.9997075796
0.9996947050
0.9995893240
0.9998362064
0.9997152090
0.9996666908
0.9995325208
0.9994825125
0.9994772673
0.9996833205
0.9996485114
0.9994065166
0.9996559620
0.9996904135
0.9995806217
0.9995640516
0.9996182919
0.9995869398
0.9998244047
0.9997306466
0.9997191429
0.9997254610
0.9997445345
0.9996280670
0.9995554686
0.9996508360
0.9997342229
0.9997322559
0.9997305870
0.9996405840
0.9996616244
0.9995919466
0.9995832443
0.9995883703
0.9996546507
0.9996987581
0.9997226000
0.9995311499
0.9994978905
0.9996324182
0.9996472597
0.9997565746
0.9996672273
0.9995878935
0.9994900227
0.9996526241
0.9995403886
0.9997069836
0.9996638298
0.9997210503
0.9996929169
0.9997041225
0.9997159243
0.9996811748
0.9996793270
0.9996025562
0.9996771216
0.9994926453
0.9996986389
0.9996695518
0.9996239543
0.9995962381
0.9997067451
0.9996991158
0.9997313023
0.9996755719
0.9995273352
0.9993571043
0.9996712208
0.9996640682
0.9995502234
0.9996189475
0.9997076988
0.9996784925
0.9996410608
0.9995825887
0.9996211529
0.9994125962
0.9995675087
0.9995738268
0.9994491935
0.9996917248
0.9995267391
0.9996363521
0.9996950626
0.9996960163
0.9996841550
0.9994924068
0.9996480942
0.9994763136
0.9995527267
0.9996687174
0.9996507764
0.9997256994
0.9996398687
0.9997787476
0.9997832179
0.9996193647
0.9995728731
0.9996528625
0.9997273684
0.9995231628
0.9995248318
0.9997054338
0.9996541739
0.9997181892
0.9995222092
0.9997791052
0.9996290207
0.9997099638
0.9997483492
0.9994859695
0.9997014999
0.9996143579
0.9996784925
0.9998221397
0.9996029139
0.9995344281
0.9995081425
0.9997326136
0.9996350408
0.9994926453
0.9996403456
0.9997746944
0.9995129108
0.9994663000
0.9994225502
0.9996919632
0.9996106625
0.9994879961
0.9995523095
0.9997807741
0.9994639158
0.9997946024
0.9997028112
0.9994004965
0.9995880127
0.9994894266
0.9997687340
0.9996904135
0.9996839762
0.9993720055
0.9998179078
0.9996225834
0.9996420741
0.9996681213
0.9996405244
0.9995520115
0.9996128082
0.9996927977
0.9996452332
0.9995521903
0.9996100664
0.9996448159
0.9995322227
0.9995127916
0.9995580912
0.9997428656
0.9997160435
0.9994802475
0.9997446537
0.9994630814
0.9996888638
0.9996724725
0.9996566772
0.9995408058
0.9995030165
0.9994416833
0.9995408058
0.9997174144
0.9996690750
0.9995514154
0.9997293949
0.9996490479
0.9995204210
0.9993993044
0.9995690584
0.9996404648
0.9994660616
0.9995367527
0.9996644258
0.9995222092
0.9995638132
0.9997853041
0.9996998906
0.9993053675
0.9995560646
0.9994563460
0.9995303154
0.9996871948
0.9997417927
0.9996604919
0.9995952249
0.9996300936
0.9996292591
0.9996693730
0.9997437000
0.9996083379
0.9996945858
0.9998003244
0.9993931055
0.9997371435
0.9997105598
0.9997440577
0.9997108579
0.9995810986
0.9996413589
0.9997382164
0.9995998144
0.9996631145
0.9997098446
0.9993500710
0.9996119738
0.9996738434
0.9997450709
0.9994724989
0.9995720387
0.9996531010
0.9995225668
0.9996556044
0.9996451139
0.9995983839
0.9997224212
0.9996254444
0.9997568130
0.9996759295
0.9996808171
0.9997335672
0.9996905923
0.9995863438
0.9995180964
0.9996757507
0.9996433258
0.9997268319
0.9997093081
0.9996901155
0.9996016026
0.9996184707
0.9996141195
0.9997275472
0.9995399714
0.9994781017
0.9996457100
0.9997928143
0.9996428490
0.9995790720
0.9996129870
0.9996696115
0.9996632338
0.9996006489
0.9995766878
0.9997165203
0.9997125268
0.9993640184
0.9995419979
0.9995311499
0.9992747307
0.9997297525
0.9997180700
0.9996665120
0.9996635914
0.9996722937
0.9996603727
0.9997279644
0.9994562864
0.9996775985
0.9997116923
0.9997403622
0.9997875690
0.9996002913
0.9995587468
0.9996261597
0.9996893406
0.9995325804
0.9997817874
0.9997116327
0.9996055365
0.9996472001
0.9996623993
0.9996789694
0.9997385740
0.9996507168
0.9997211695
0.9997224808
0.9997270107
0.9997270107
0.9996629953
0.9995176196
0.9997079968
0.9996725321
0.9996602535
0.9996283054
0.9997516870
0.9997196198
0.9997863173
0.9995183945
0.9997699857
0.9996880293
0.9995424151
0.9997001290
0.9997218251
0.9997425079
0.9996957779
0.9997206926
0.9996999502
0.9996138811
0.9997382164
0.9996356964
0.9997044206
0.9996856451
0.9997192621
0.9997053146
0.9998111129
0.9997254610
0.9997202158
0.9997076988
0.9996584654
0.9997438192
0.9996898174
0.9995490313
0.9996720552
0.9996423721
0.9996323586
0.9996091127
0.9996595383
0.9996826649
0.9996827841
0.9995257258
0.9997375011
0.9996351004
0.9997673035
0.9995845556
0.9997733235
0.9997267723
0.9997316599
0.9995373487
0.9995853305
0.9995803237
0.9995691776
0.9997414947
0.9996527433
0.9997192025
0.9996716380
0.9997942448
0.9994834661
0.9996154308
0.9997035265
0.9996664524
0.9995807409
0.9996663332
0.9996048212
0.9996908307
0.9997774363
0.9997061491
0.9997245669
0.9996125698
0.9996977448
0.9998285770
0.9997539520
0.9996811748
0.9995285273
0.9995553493
0.9995844364
0.9996837378
0.9997315407
0.9998198748
0.9996634722
0.9996731281
0.9996428490
0.9998240471
0.9996844530
0.9995955229
0.9997504950
0.9997515678
0.9997836947
0.9995795488
0.9994415045
0.9996299148
0.9997104406
0.9995555282
0.9996033907
0.9995604157
0.9997041225
0.9997341633
0.9996625185
0.9996287227
0.9998434782
0.9997577667
0.9995446205
0.9997388721
0.9995444417
0.9995435476
0.9996731281
0.9995204806
0.9997093081
0.9996974468
0.9996117949
0.9996631145
0.9997152686
0.9998191595
0.9996173978
0.9996888638
0.9996012449
0.9997175336
0.9995312095
0.9994605780
0.9997737408
0.9996911287
0.9996948242
0.9997824430
0.9994156361
0.9997171164
0.9994369745
0.9995521903
0.9996457100
0.9997320175
0.9995917082
0.9995567799
0.9997093678
0.9995391369
0.9994121790
0.9996147156
0.9997121692
0.9996877909
0.9996234775
0.9997336864
0.9995878935
0.9996121526
0.9994425774
0.9996523261
0.9995418787
0.9997401834
0.9994925857
0.9995898008
0.9996095896
0.9994275570
0.9995193481
0.9996127486
0.9997810125
0.9997859001
0.9997043610
0.9996955395
0.9996480942
0.9996066689
0.9995530248
0.9996345043
0.9996370077
0.9997888803
0.9994719625
0.9996672869
0.9995899200
0.9996473789
0.9995930195
0.9996926785
0.9996027946
0.9997605681
0.9997547269
0.9996198416
0.9998008013
0.9996650219
0.9995540977
0.9997432232
0.9996680617
0.9997637868
0.9996134043
0.9996130466
0.9995563030
0.9995439053
0.9996718168
0.9996336102
0.9996358752
0.9996221066
0.9997147322
0.9997391701
0.9994395971
0.9996773005
0.9997600317
0.9995653033
0.9995404482
0.9996285439
0.9996415973
0.9997165799
0.9996573925
0.9995485544
0.9997002482
0.9997320175
0.9996157885
0.9993910789
0.9996449351
0.9996766448
0.9995212555
0.9996627569
0.9997779131
0.9995602369
0.9996192455
0.9996744394
0.9997810721
0.9996596575
0.9997355342
0.9996874928
0.9995827079
0.9996510148
0.9996488094
0.9995855093
0.9995096922
0.9996581078
0.9995945692
0.9996961355
0.9997581244
0.9995733500
0.9997223616
0.9996516705
0.9996086955
0.9996809959
0.9996095896
0.9998059273
0.9997804165
0.9995427728
0.9997253418
0.9997203946
0.9994888306
0.9994559288
0.9996522069
0.9997996092
0.9995816946
0.9997985363
0.9997503757
0.9996216297
0.9996497631
0.9996515512
0.9996211529
0.9996904731
0.9996514320
0.9996211529
0.9993495941
0.9996366501
0.9998177290
0.9995917082
0.9996531010
0.9998102784
0.9996124506
0.9996607304
0.9998507500
0.9993207455
0.9995316267
0.9994481802
0.9997490644
0.9995341301
0.9997717142
0.9995571375
0.9995518327
0.9994796515
0.9993986487
0.9996762872
0.9994121194
0.9992461801
0.9995201826
0.9994498491
0.9995023012
0.9995303154
0.9995473623
0.9993971586
0.9996591806
0.9997766018
0.9994670153
0.9995688200
0.9995054007
0.9995138645
0.9996078014
0.9994951487
0.9993473291
0.9998539686
0.9995961785
0.9997435212
0.9996194839
0.9995259643
0.9997211695
0.9996029139
0.9997223616
0.9996579885
0.9996963739
0.9995345473
0.9995750189
0.9996194839
0.9994534850
0.9994130731
0.9995727539
0.9996256232
0.9996407628
0.9995704889
0.9996727705
0.9994913936
0.9997620583
0.9993779659
0.9993541241
0.9996013641
0.9992657900
0.9995682240
0.9996063709
0.9993178844
0.9994823337
0.9996266365
0.9997566938
0.9996989965
0.9995532036
0.9995925426
0.9996187091
0.9996567965
0.9997391701
0.9996356368
0.9996581078
0.9996931553
0.9995815754
0.9995356798
0.9995760918
0.9995744228
0.9996819496
0.9995993376
0.9995805025
0.9996597767
0.9995431900
0.9996888041
0.9994581938
0.9996730089
0.9995300174
0.9994153380
0.9994467497
0.9994144440
0.9996846914
0.9997057319
0.9997812510
0.9995836020
0.9993635416
0.9994695187
0.9994012117
0.9994988441
0.9995368719
0.9995865822
0.9996298552
0.9995985031
0.9992593527
0.9995278716
0.9991713762
0.9995269775
0.9994794726
0.9996398687
0.9996745586
0.9995391369
0.9996323586
0.9996553659
0.9997521639
0.9995369315
0.9995331764
0.9995813966
0.9996458292
0.9996484518
0.9996274710
0.9995436668
0.9997054338
0.9994475842
0.9997169971
0.9996880889
0.9996349812
0.9996084571
0.9994843006
0.9997104406
0.9994297028
0.9995810986
0.9997049570
0.9996792078
0.9995949268
0.9996351600
0.9996888638
0.9995712042
0.9994648695
0.9994497299
0.9997096658
0.9995843172
0.9993612766
0.9996908903
0.9996348619
0.9995847344
0.9995528460
0.9996007681
0.9996757507
0.9996114969
0.9995626211
0.9995785356
0.9996509552
0.9995098710
0.9994866848
0.9994979501
0.9994639158
0.9998018742
0.9995975494
0.9995278716
0.9995321035
0.9996628761
0.9995400310
0.9994429350
0.9995858073
0.9996669888
0.9996882081
0.9996312857
0.9997168779
0.9993537664
0.9996892810
0.9996706247
0.9995495081
0.9996936321
0.9993453026
0.9995220304
0.9995715618
0.9996108413
0.9997326732
0.9994237423
0.9994208217
0.9994743466
0.9994008541
0.9995712042
0.9995907545
0.9994863272
0.9997127056
0.9994428754
0.9996235967
0.9996541142
0.9996254444
0.9994266033
0.9995403290
0.9994404316
0.9996769428
0.9996423721
0.9995018840
0.9996900558
0.9994407296
0.9995737076
0.9995318651
0.9996082783
0.9996285439
0.9996424913
0.9993970394
0.9995565414
0.9994915724
0.9993036985
0.9995797873
0.9995756149
0.9994279742
0.9994918108
0.9994440079
0.9996159077
0.9992886782
0.9996029735
0.9993180037
0.9993706346
0.9996311665
0.9995141029
0.9996585846
0.9996676445
0.9997231960
0.9995213151
0.9994376898
0.9995244741
0.9996055365
0.9995411038
0.9994722009
0.9994111657
0.9996211529
0.9995948672
0.9995086193
0.9990996122
0.9995651245
0.9996123910
0.9992798567
0.9996124506
0.9995698929
0.9993809462
0.9995584488
0.9995403290
0.9996678233
0.9995023012
0.9992471933
0.9994906187
0.9993562698
0.9995567799
0.9994016886
0.9994338751
0.9994652271
0.9994364977
0.9997108579
0.9993894696
0.9995220900
0.9990386963
0.9991925359
0.9995708466
0.9996189475
0.9996029139
0.9993867278
0.9992527962
0.9994678497
0.9996070266
0.9996083975
0.9996328354
0.9992423058
0.9996186495
0.9995032549
0.9994151592
0.9993078709
0.9992406368
0.9994614720
0.9995958805
0.9996116161
0.9990040660
0.9995355606
0.9996215105
0.9992453456
0.9991210699
0.9994263649
0.9993295670
0.9996418953
0.9996241927
0.9997162819
0.9995138645
0.9994833469
0.9995654821
0.9993777871
0.9994128346
0.9995195866
0.9996693730
0.9994519353
0.9995760918
0.9995412230
0.9994554520
0.9993813038
0.9992814660
0.9995179176
0.9996333122
0.9995961785
0.9992555380
0.9992892742
0.9990425706
0.9994454384
0.9995613098
0.9996726513
0.9995544553
0.9992876053
0.9993394017
0.9993834496
0.9994491339
0.9995009899
0.9994608164
0.9994105697
0.9996696711
0.9996417761
0.9995204210
0.9995001554
0.9996212721
0.9992136955
0.9992197752
0.9995741248
0.9996517897
0.9994193912
0.9996673465
0.9995018244
0.9994564056
0.9996259212
0.9995393753
0.9992631674
0.9992523193
0.9995013475
0.9993234277
0.9993140697
0.9995408654
0.9995729923
0.9994425774
0.9993622303
0.9995602369
0.9996483922
0.9994072914
0.9994494319
0.9994876385
0.9993956089
0.9994992614
0.9993671179
0.9992838502
0.9995404482
0.9996051788
0.9994071722
0.9996011257
0.9996876121
0.9995319247
0.9995124340
0.9997002482
0.9993630648
0.9995903969
0.9994541407
0.9995514154
0.9995339513
0.9994055033
0.9994651079
0.9992516041
0.9994522333
0.9993678331
0.9993456602
0.9997635484
0.9996478558
0.9996167421
0.9995979071
0.9996047020
0.9995298386
0.9997187853
0.9997856617
0.9994680882
0.9996538162
0.9994367361
0.9995526075
0.9996008277
0.9993774891
0.9995280504
0.9993414879
0.9996668100
0.9993993044
0.9994477630
0.9994673729
0.9995271564
0.9994038939
0.9995974302
0.9992903471
0.9993761182
0.9993891716
0.9993909597
0.9994021058
0.9997028112
0.9994910955
0.9995942116
0.9996323586
0.9993602037
0.9994466305
0.9994430542
0.9996166229
0.9995787740
0.9995887280
0.9995507598
0.9995856285
0.9995552301
0.9996178150
0.9995839596
0.9996072650
0.9995135069
0.9995805621
0.9996306896
0.9994941950
0.9995980859
0.9994955659
0.9996158481
0.9995184541
0.9995435476
0.9995425940
0.9995990396
0.9995366335
0.9993879199
0.9996200800
0.9994784594
0.9993367195
0.9997258186
0.9996240735
0.9994587898
0.9995200634
0.9994831085
0.9994721413
0.9994671345
0.9996462464
0.9993879795
0.9995198250
0.9996149540
0.9996052980
0.9994975328
0.9995810986
0.9995491505
0.9994611740
0.9994019270
0.9995969534
0.9994982481
0.9995198250
0.9997186661
0.9994966984
0.9996061325
0.9997330904
0.9991900921
0.9995361567
0.9995049238
0.9996830225
0.9996576309
0.9995999336
0.9995220304
0.9994668961
0.9996381998
0.9996581078
0.9995173216
0.9994419813
0.9997366667
0.9995517135
0.9995566607
0.9995795488
0.9996224642
0.9996763468
0.9995384216
0.9994990826
0.9997537136
0.9994774461
0.9995663166
0.9996097684
0.9996041656
0.9996675253
0.9995334148
0.9996713996
0.9994438887
0.9993685484
0.9995260835
0.9994293451
0.9996634722
0.9996474385
0.9994809031
0.9997051954
0.9996336699
0.9994794130
0.9996759892
0.9996613264
0.9997240305
0.9995922446
0.9996398687
0.9995052814
0.9996063709
0.9996280670
0.9995443821
0.9996252060
0.9996356964
0.9995015860
0.9995015860
0.9994807243
0.9996752143
0.9993797541
0.9993004799
0.9994448423
0.9996154308
0.9992971420
0.9995425940
0.9995175600
0.9996821880
0.9996609688
0.9995622635
0.9993265867
0.9995796680
0.9996008277
0.9994823337
0.9995341301
0.9994217157
0.9995453954
0.9995953441
0.9996387362
0.9995096922
0.9995251894
0.9996170998
0.9996730685
0.9995337725
0.9994372129
0.9996433258
0.9996094108
0.9996300936
0.9996765852
0.9995950460
0.9996451139
0.9996062517
0.9995765686
0.9995148182
0.9994777441
0.9995787144
0.9995301962
0.9995043278
0.9996244311
0.9994807243
0.9996374846
0.9995890260
0.9997041821
0.9996211529
0.9996256828
0.9996787310
0.9995839596
0.9993668795
0.9996117353
0.9994649887
0.9995095134
0.9994958043
0.9994932413
0.9994299412
0.9994920492
0.9995799661
0.9996898174
0.9995194674
0.9994839430
0.9994382858
0.9995422363
0.9995454550
0.9994379282
0.9995275140
0.9994961023
0.9994826317
0.9996284246
0.9991288185
0.9994801283
0.9997014999
0.9996871352
0.9994348288
0.9997681379
0.9995449781
0.9995325804
0.9996808767
0.9996261597
0.9995980263
0.9995622635
0.9993139505
0.9995113611
0.9996651411
0.9994611740
0.9995927811
0.9995558262
0.9996267557
0.9995756745
0.9993551970
0.9993925095
0.9995189309
0.9996784925
0.9994076490
0.9996262789
0.9995468855
0.9995862842
0.9993866682
0.9994313121
0.9991898537
0.9993044138
0.9996212721
0.9994878173
0.9993698597
0.9994479418
0.9995827079
0.9993133545
0.9996731281
0.9996056557
0.9997626543
0.9994342923
0.9994991422
0.9995102286
0.9994245172
0.9996677637
0.9994641542
0.9995620251
0.9995379448
0.9995671511
0.9996755123
0.9995904565
0.9993872643
0.9994782209
0.9993939400
0.9995073676
0.9994320869
0.9996643066
0.9995702505
0.9995044470
0.9995498657
0.9994238615
0.9996788502
0.9995741844
0.9991087914
0.9995458126
0.9993673563
0.9994937181
0.9993865490
0.9994711876
0.9993970990
0.9996213913
0.9994128942
0.9995124340
0.9994460344
0.9994701147
0.9995375872
0.9993946552
0.9995697737
0.9995818138
0.9995553493
0.9993759990
0.9996589422
0.9994795918
0.9994478822
0.9997011423
0.9991544485
0.9996592402
0.9993247986
0.9995665550
0.9995316267
0.9995691180
0.9997265935
0.9994374514
0.9994022846
0.9995838404
0.9993402958
0.9993869066
0.9992978573
0.9994103909
0.9996471405
0.9996194243
0.9995434284
0.9993768930
0.9995164275
0.9993155003
0.9996507168
0.9995575547
0.9993389845
0.9995498657
0.9994252920
0.9995173216
0.9994449615
0.9992764592
0.9992972612
0.9994578958
0.9995574355
0.9995372295
0.9996049404
0.9990175366
0.9995435476
0.9993188381
0.9994587898
0.9992209673
0.9996930361
0.9994161725
0.9993827343
0.9991796017
0.9993371367
0.9995089769
0.9996106625
0.9996611476
0.9996132851
0.9996881485
0.9994592071
0.9992777109
0.9993543625
0.9995552301
0.9995409846
0.9993976951
0.9995384812
0.9994903803
0.9995648265
0.9996078610
0.9993265867
0.9994862080
0.9994635582
0.9995588064
0.9995886683
0.9995396137
0.9995083809
0.9995731115
0.9995772839
0.9993680716
0.9995775223
0.9994741678
0.9997160435
0.9994969368
0.9992772341
0.9995574951
0.9995377064
0.9995468259
0.9997304082
0.9994603395
0.9994287491
0.9996076226
0.9994161725
0.9995666146
0.9994131327
0.9995957613
0.9995219707
0.9995803833
0.9995663166
0.9994934797
0.9995093346
0.9995732903
0.9994851947
0.9995947480
0.9996974468
0.9996891618
0.9993110895
0.9992221594
0.9995419979
0.9994861484
0.9997358918
0.9996709824
0.9995054603
0.9994868040
0.9995557070
0.9997380972
0.9994924664
0.9996903539
0.9995517731
0.9994807839
0.9995995760
0.9995833039
0.9995927811
0.9994418025
0.9993989468
0.9994330406
0.9996070862
0.9996555448
0.9995404482
0.9995675087
0.9996621013
0.9996391535
0.9994716644
0.9994156957
0.9997355342
0.9996252656
0.9996676445
0.9996442199
0.9996553659
0.9994411469
0.9994431138
0.9995100498
0.9996688366
0.9993916750
0.9997206330
0.9996484518
0.9994745255
0.9996045828
0.9995703697
0.9996092319
0.9996424913
0.9995244741
0.9997450113
0.9995423555
0.9995172024
0.9997675419
0.9994970560
0.9995579720
0.9996200800
0.9995304346
0.9995542765
0.9998138547
0.9993318319
0.9996170998
0.9995669127
0.9997293949
0.9996483326
0.9997094870
0.9995446205
0.9994897842
0.9992262125
0.9992862940
0.9994891882
0.9993282557
0.9992550611
0.9994050264
0.9994705915
0.9992474318
0.9994564652
0.9992212653
0.9996134043
0.9994148612
0.9992414713
0.9990956783
0.9994174242
0.9992008209
0.9991559386
0.9993709326
0.9995365143
0.9994174242
0.9995079637
0.9995942116
0.9993631244
0.9993479848
0.9994534254
0.9994586706
0.9991976023
0.9994301796
0.9993928671
0.9995085001
0.9992904663
0.9992765188
0.9993238449
0.9994435906
0.9992355108
0.9991444349
0.9993917346
0.9994083643
0.9994440079
0.9994708896
0.9991713762
0.9995873570
0.9992588162
0.9991421103
0.9991867542
0.9989977479
0.9994918108
0.9990415573
0.9991395473
0.9991995692
0.9994775057
0.9995962381
0.9993928075
0.9992443323
0.9994810820
0.9995187521
0.9994640946
0.9995007515
0.9992341995
0.9994521737
0.9992815256
0.9995257854
0.9992073774
0.9993760586
0.9994107485
0.9991402626
0.9989713430
0.9993076324
0.9992125034
0.9991368055
0.9994289875
0.9991022944
0.9993898273
0.9991042614
0.9986260533
0.9993469119
0.9990293384
0.9993312359
0.9994913340
0.9993985295
0.9987611771
0.9990520477
0.9989178777
0.9992682934
0.9990957379
0.9988665581
0.9992929101
0.9994948506
0.9994062185
0.9989455938
0.9992054105
0.9993520379
0.9991698265
0.9992485046
0.9993818998
0.9990268946
0.9992541671
0.9990342855
0.9993582964
0.9993946552
0.9993330240
0.9993841648
0.9991857409
0.9994552135
0.9993257523
0.9992433786
0.9993368387
0.9994089603
0.9993480444
0.9990673065
0.9993768334
0.9992768764
0.9990307689
0.9988192320
0.9994825125
0.9991829395
0.9993965030
0.9993718863
0.9992841482
0.9993801713
0.9990956783
0.9995805025
0.9989712834
0.9990766048
0.9994745255
0.9995686412
0.9995970726
0.9992162585
0.9990220070
0.9995338917
0.9992920160
0.9993503094
0.9995905161
0.9994364977
0.9994642138
0.9991986752
0.9993738532
0.9992122650
0.9990460873
0.9989034534
0.9989722967
0.9994745255
0.9996520281
0.9990379214
0.9992200732
0.9989675283
0.9992244244
0.9992909431
0.9994676113
0.9993494749
0.9991546869
0.9995697737
0.9995170236
0.9993385077
0.9990512729
0.9991694689
0.9992534518
0.9994349480
0.9995040298
0.9993724227
0.9992486238
0.9990610480
0.9994615316
0.9993134737
0.9990051985
0.9993787408
0.9989919662
0.9991587400
0.9994120598
0.9992268682
0.9996049404
0.9994860888
0.9993988872
0.9993246794
0.9992499352
0.9995850325
0.9994141459
0.9993281364
0.9995187521
0.9994606376
0.9991778135
0.9992212057
0.9994849563
0.9991078377
0.9989905357
0.9992394447
0.9991627932
0.9991140366
0.9991239309
0.9992895126
0.9991532564
0.9994481802
0.9991719723
0.9994410276
0.9992822409
0.9993898273
0.9994144440
0.9993104339
0.9992909431
0.9991962910
0.9992117882
0.9994029403
0.9991132021
0.9993817806
0.9994742870
0.9995988011
0.9995312691
0.9993785620
0.9992407560
0.9992774129
0.9992927313
0.9991451502
0.9991765618
0.9995759130
0.9992936850
0.9994680882
0.9993604422
0.9993888140
0.9993340373
0.9991425872
0.9994696379
0.9993548393
0.9991719723
0.9992766380
0.9993307590
0.9993147254
0.9991251230
0.9993352294
0.9993298054
0.9993683100
0.9993906021
0.9993835688
0.9994907379
0.9995558262
0.9995484352
0.9992480278
0.9991872311
0.9994885325
0.9994285107
0.9993261695
0.9992052317
0.9992626905
0.9995272160
0.9993954301
0.9992228746
0.9995162487
0.9990704060
0.9991743565
0.9995645285
0.9992398024
0.9994267225
0.9993170500
0.9995632172
0.9995454550
0.9994679689
0.9992779493
0.9992138147
0.9991742373
0.9994695187
0.9993698001
0.9993462563
0.9992674589
0.9994337559
0.9994978905
0.9994298220
0.9994794130
0.9991831779
0.9996190071
0.9993828535
0.9994772673
0.9993607998
0.9995414019
0.9992405176
0.9990324974
0.9991368055
0.9992796183
0.9994090796
0.9993677139
0.9993172884
0.9994103909
0.9993376732
0.9993852377
0.9993026257
0.9993368983
0.9994031787
0.9994494915
0.9993119836
0.9991483092
0.9992868900
0.9994477630
0.9995476007
0.9993664026
0.9994455576
0.9995080233
0.9993201494
0.9991587400
0.9993929267
0.9994527102
0.9996416569
0.9995039701
0.9993149042
0.9994720817
0.9994307160
0.9991953373
0.9993386269
0.9995229244
0.9993413091
0.9994410276
0.9994555712
0.9992482662
0.9994767308
0.9993842840
0.9994375706
0.9991997480
0.9995311499
0.9993021488
0.9992415905
0.9992257357
0.9994571209
0.9993376732
0.9991708398
0.9993565679
0.9994540215
0.9994251728
0.9991215467
0.9993119240
0.9992499352
0.9992564917
0.9992065430
0.9990386963
0.9996103048
0.9992137551
0.9992411137
0.9995100498
0.9995076656
0.9993676543
0.9994744062
0.9993268251
0.9993441105
0.9993843436
0.9994348288
0.9994743466
0.9992603064
0.9993236065
0.9993987083
0.9995449781
0.9993587732
0.9992826581
0.9992966056
0.9995862246
0.9993942380
0.9992603660
0.9991960526
0.9994505644
0.9995239973
0.9991296530
0.9996414185
0.9993333817
0.9994415641
0.9995464087
0.9990452528
0.9994772673
0.9993343353
0.9991950393
0.9995799065
0.9994822741
0.9992187023
0.9994887114
0.9994162321
0.9994453192
0.9991840124
0.9992237091
0.9992215633
0.9992120266
0.9993731976
0.9992655516
0.9993789792
0.9993321896
0.9992287159
0.9993325472
0.9996040463
0.9987929463
0.9995704889
0.9993754625
0.9987514615
0.9989547729
0.9991028309
0.9994635582
0.9994933605
0.9994509816
0.9993974566
0.9995877743
0.9994829893
0.9994351268
0.9994735718
0.9990470409
0.9991232157
0.9994141459
0.9991529584
0.9995402098
0.9990700483
0.9994288683
0.9995349050
0.9993125796
0.9991652369
0.9992944598
0.9994149208
0.9993563294
0.9991207123
0.9994724989
0.9989386797
0.9994268417
0.9995220900
0.9994941950
0.9992314577
0.9990752935
0.9987937212
0.9992270470
0.9992873669
0.9989476204
0.9991111755
0.9990445375
0.9991392493
0.9988000393
0.9989424944
0.9993189573
0.9993358850
0.9991378188
0.9990952015
0.9992709756
0.9990816712
0.9991729259
0.9995287657
0.9994837642
0.9991954565
0.9994457960
0.9991369247
0.9990739226
0.9992467165
0.9994256496
0.9994642735
0.9993092418
0.9987154603
0.9993603230
0.9993157387
0.9994349480
0.9993313551
0.9992973804
0.9994146824
0.9991142750
0.9993937016
0.9995559454
0.9993596077
0.9992465377
0.9989300370
0.9993043542
0.9993345737
0.9992593527
0.9992626905
0.9993481636
0.9989929795
0.9993243814
0.9993685484
0.9994537830
0.9987067580
0.9990156293
0.9992892146
0.9989563823
0.9993541837
0.9991084933
0.9990361333
0.9992902279
0.9991302490
0.9993424416
0.9993158579
0.9990172386
0.9994232655
0.9992744327
0.9991213083
0.9991601706
0.9991971254
0.9993088841
0.9992747307
0.9993745089
0.9994075298
0.9990334511
0.9992200732
0.9992116690
0.9989961386
0.9993683100
0.9990795851
0.9991903901
0.9996199608
0.9991776347
0.9991105795
0.9987872839
0.9994285703
0.9993935823
0.9987775087
0.9989994764
0.9993255138
0.9995608330
0.9989975691
0.9990854859
0.9989548922
0.9990420938
0.9994534850
0.9994441271
0.9995439053
0.9994441271
0.9994633794
0.9996429682
0.9993072748
0.9991488457
0.9993950129
0.9993489981
0.9995139837
0.9995342493
0.9989293814
0.9994608164
0.9994297028
0.9992091656
0.9988815784
0.9994288683
0.9993419647
0.9989997149
0.9992070198
0.9992844462
0.9993857145
0.9995765090
0.9991739392
0.9992235303
0.9993948936
0.9994132519
0.9995217323
0.9995074868
0.9992651939
0.9994463325
0.9994267225
0.9990785122
0.9992960691
0.9992483854
0.9994051456
0.9995253086
0.9987782240
0.9995586872
0.9993036985
0.9990452528
0.9993559718
0.9991594553
0.9994389415
0.9994212985
0.9993279576
0.9993497133
0.9992130995
0.9992401600
0.9991805553
0.9994857311
0.9992212057
0.9992181659
0.9992032647
0.9995826483
0.9995334744
0.9994012713
0.9994268417
0.9990721941
0.9993768930
0.9994961023
0.9993007183
0.9995211363
0.9992718697
0.9991907477
0.9994111061
0.9992657900
0.9992775917
0.9994726181
0.9991306067
0.9993634224
0.9990624189
0.9993671179
0.9993938804
0.9994684458
0.9995070696
0.9996013641
0.9990893006
0.9994933605
0.9993241429
0.9991365075
0.9995467663
0.9994276762
0.9994812608
0.9995626211
0.9995226264
0.9994615316
0.9990996122
0.9995902181
0.9992828369
0.9993503690
0.9992405772
0.9993645549
0.9992794991
0.9995272756
0.9994832277
0.9992232919
0.9992330074
0.9991889000
0.9996966124
0.9995794296
0.9993353486
0.9990624785
0.9992359877
0.9993200302
0.9991213083
0.9994565248
0.9996056557
0.9991362095
0.9994438887
0.9993380308
0.9995366335
0.9994612932
0.9992095232
0.9995641112
0.9993765354
0.9995636940
0.9993641376
0.9990267754
0.9993525743
0.9993888140
0.9993113279
0.9993702769
0.9992105961
0.9994480610
0.9994699955
0.9991504550
0.9993826151
0.9996893406
0.9995543957
0.9990885258
0.9993598461
0.9992982149
0.9992316961
0.9991765022
0.9995210767
0.9994901419
0.9993979931
0.9991902113
0.9995057583
0.9993955493
0.9995992780
0.9994106293
0.9993340969
0.9993185401
0.9995082021
0.9992715120
0.9992706776
0.9994234443
0.9994269013
0.9995062351
0.9995195270
0.9991463423
0.9993996620
0.9991936088
0.9992032051
0.9992505312
0.9994603395
0.9990415573
0.9993412495
0.9994997978
0.9992790818
0.9991754889
0.9994447231
0.9995055199
0.9993637800
0.9994000196
0.9994357228
0.9992487431
0.9990891218
0.9993628263
0.9993202090
0.9992818832
0.9994678497
0.9993681908
0.9993622303
0.9995548725
0.9991976023
0.9992711544
0.9991910458
0.9994596243
0.9995588064
0.9995555878
0.9995089769
0.9991896152
0.9992004633
0.9992541075
0.9993442297
0.9994664192
0.9994513988
0.9992348552
0.9994630218
0.9994134903
0.9995489717
0.9994410276
0.9993877411
0.9992858171
0.9995181561
0.9996867180
0.9994836450
0.9995627999
0.9994320273
0.9992802143
0.9993275404
0.9994369745
0.9994409084
0.9992222786
0.9994293451
0.9994595051
0.9994006753
0.9993108511
0.9993519783
0.9994611144
0.9991638660
0.9994262457
0.9995586872
0.9992974997
0.9994380474
0.9995600581
0.9994522929
0.9992009401
0.9992948771
0.9992735386
0.9995094538
0.9994567633
0.9994228482
0.9994225502
0.9992183447
0.9993084669
0.9993067384
0.9993512630
0.9992965460
0.9994485378
0.9995759726
0.9995453358
0.9993280172
0.9992910624
0.9993912578
0.9995003939
0.9992108345
0.9995192289
0.9994495511
0.9992177486
0.9993872643
0.9994328618
0.9989916086
0.9993578792
0.9993635416
0.9993997812
0.9995177388
0.9993246198
0.9994623065
0.9994660616
0.9991757870
0.9992418289
0.9994663596
0.9991462231
0.9995206594
0.9995252490
0.9991959929
0.9996082783
0.9993764162
0.9992974997
0.9991173744
0.9994910359
0.9995328188
0.9993582964
0.9995876551
0.9996199608
0.9993660450
0.9993999004
0.9994041324
0.9992909431
0.9995431900
0.9993255138
0.9994050860
0.9992832541
0.9993827343
0.9996290803
0.9992495775
0.9993053079
0.9995455146
0.9993294477
0.9992161989
0.9997295141
0.9989773035
0.9991886616
0.9991541505
0.9993301630
0.9991406202
0.9993571043
0.9992157221
0.9991533756
