0.7346495390
0.7648510933
0.7492071390
0.7061305046
0.6854051352
0.7549949884
0.7064700723
0.5783076286
0.7375412583
0.6510747075
0.7318673134
0.6987456679
0.6443631053
0.6877987385
0.6991782784
0.6752749681
0.7056850195
0.7200738192
0.7619498968
0.7031382322
0.6714318991
0.7682313919
0.5943742990
0.6856245995
0.7694764137
0.6826518774
0.5883241892
0.6894307137
0.6931576729
0.5734473467
0.6238406301
0.6237958670
0.6793032289
0.6148669124
0.6761258841
0.5718181729
0.6198152304
0.6166842580
0.5379475355
0.6446563005
0.6041287184
0.6834101677
0.6408345699
0.5361527205
0.6722004414
0.5635977387
0.6711184978
0.5631220937
0.6049231291
0.7282598019
0.6630523801
0.5373791456
0.6402217150
0.6749380827
0.6018676162
0.5988953114
0.6153895855
0.6925369501
0.5599794984
0.5914212465
0.5454981923
0.6284763217
0.4349220097
0.5772696733
0.5908265114
0.4710569680
0.4662160277
0.4960093200
0.4496066570
0.4783166349
0.4014338851
0.5252177715
0.4267823994
0.5267812610
0.4541680217
0.5063704252
0.5406133533
0.5444967151
0.4347975552
0.5197604895
0.4773634374
0.3724272847
0.4735822976
0.4560201466
0.4257202446
0.4390143156
0.3715359569
0.5652932525
0.3709507883
0.4969067276
0.4173448980
0.3970796466
0.4508406818
0.4310210943
0.4490244091
0.5093598366
0.4230175614
0.3395841718
0.4207245708
0.3940167129
0.4315423965
0.4191220999
0.3781565428
0.4539343417
0.3893394470
0.3676670790
0.4335288703
0.3002291322
0.3550875485
0.3732046485
0.3730776906
0.4757505655
0.4428543448
0.3211272061
0.3191375732
0.3860563636
0.4151954055
0.3149582148
0.3438400030
0.3863265812
0.4549102187
0.4123351276
0.4501593113
0.5499435067
0.3727810979
0.5518562198
0.5256810188
0.4663848579
0.5064552426
0.5314112306
0.3830679357
0.5234649777
0.4577894807
0.5584059358
0.5214892030
0.6266084909
0.5774279237
0.6637161374
0.6999673247
0.6628373265
0.7106516361
0.7131044269
0.7360468507
0.7428770065
0.7474249005
0.8070256710
0.7832310200
0.8410446644
0.8628278375
0.8853904009
0.8993360996
0.9082157016
0.9391855001
0.9092733264
0.9232812524
0.9369885325
0.9584038258
0.9563422203
0.9506534338
0.9655738473
0.9643385410
0.9798105955
0.9795075059
0.9702180624
0.9802784920
0.9828045368
0.9827997088
0.9897021055
0.9882962704
0.9896072745
0.9970666170
0.9977539778
0.9989643097
0.9989655018
0.9992316365
0.9991573095
0.9991656542
0.9993904829
0.9994883537
0.9994598627
0.9989635944
0.9993225336
0.9992419481
0.9989137650
0.9990745783
0.9987565875
0.9982914925
0.9987176657
0.9993759394
0.9994244576
0.9988949299
0.9994604588
0.9989263415
0.9987434745
0.9985399246
0.9993573427
0.9986822605
0.9982825518
0.9988577366
0.9982407093
0.9994559288
0.9992058277
0.9991595745
0.9992923141
0.9989374876
0.9990170002
0.9987612963
0.9971666336
0.9983956814
0.9973407388
0.9967000484
0.9871142507
0.9926721454
0.9963628650
0.9945665002
0.9897416830
0.9923304319
0.9920766354
0.9910246134
0.9838991761
0.9840136766
0.9831096530
0.9761226177
0.9405335188
0.9497622252
0.9655002356
0.9324297905
0.9002201557
0.9477640390
0.9319380522
0.9055599570
0.8702887297
0.9303598404
0.9220974445
0.9022539258
0.8953198791
0.8988181949
0.9327558279
0.8849393129
0.9147537947
0.8824976683
0.9346405268
0.9030473232
0.8817960024
0.9117987752
0.9122409821
0.8821433187
0.8832077980
0.8666291237
0.8062582016
0.8134127855
0.8221191764
0.7709245682
0.7986929417
0.8386833072
0.8438655138
0.7235053778
0.7004323006
0.7735226154
0.6824054718
0.7024821043
0.7446402311
0.7801089883
0.7355058193
0.6743469238
0.5733224154
0.6101782918
0.6919426918
0.6633370519
0.6446088552
0.7350932360
0.6139033437
0.6357380152
0.6806572080
0.6410710216
0.5869879127
0.5942058563
0.5678802729
0.6800734401
0.5806505680
0.6370449066
0.5945516229
0.5292368531
0.4691303372
0.6291615963
0.6200622320
0.6142368913
0.6675212383
0.4860811830
0.4796735346
0.5444030166
0.5098436475
0.5468960404
0.4048701525
0.4345754683
0.5393049121
0.5569355488
0.5379775167
0.5799201131
0.4832195938
0.5470483303
0.4668023586
0.4966374934
0.4608324766
0.4013804495
0.3521979451
0.4884413779
0.4861031771
0.3162435889
0.4012174606
0.4257159829
0.3053815961
0.3464016914
0.5333243012
0.3834249377
0.4210495353
0.4384252429
0.3852912784
0.4322777987
0.5075078607
0.4527392685
0.4087780118
0.3991411626
0.3324065804
0.4578915834
0.3802114129
0.3977599442
0.2578897178
0.3003977239
0.2644877732
0.4827591777
0.3775797784
0.3058668971
0.4729679227
0.3880033493
0.3892478347
0.4802382290
0.4623284638
0.3462163210
0.4105328023
0.4889039397
0.4124121964
0.2955448925
0.4330780506
0.4039205015
0.3708771467
0.3262107372
0.3810076118
0.3400651515
0.3900648355
0.4344653487
0.3412328959
0.4498417675
0.3704373837
0.3570109904
0.4200868607
0.4427955747
0.4515858889
0.5387163758
0.4847100377
0.5422813892
0.4167000353
0.4876827300
0.4219921827
0.4394912422
0.5132607818
0.4470063448
0.4704407454
0.4500369430
0.5886862278
0.5483256578
0.5077645779
0.5197724700
0.5361565351
0.6155629754
0.5161322355
0.5851802826
0.5823282599
0.5390855074
0.6514832973
0.5951571465
0.5912469029
0.5668720603
0.7120717168
0.6796612144
0.6542148590
0.6173360348
0.6163552403
0.6734885573
0.5595750213
0.6469291449
0.6698931456
0.6623694897
0.7547891140
0.7159080505
0.7242976427
0.6745955944
0.6981863976
0.7276405096
0.7849893570
0.6545989513
0.7005165219
0.7066699266
0.7499726415
0.7986888289
0.7501410842
0.7621657848
0.6557035446
0.7079032660
0.7160314322
0.6789517403
0.6700162292
0.7145848870
0.6273748875
0.6671016216
0.6448444128
0.6407406330
0.6188419461
0.6213787794
0.6179451942
0.6551609039
0.6486001015
0.7367551327
0.6182099581
0.6839522123
0.6268813014
0.6319169402
0.5576530099
0.6394298673
0.6916793585
0.6192194223
0.6953554749
0.5425031781
0.6505039334
0.6933428049
0.6256053448
0.6469542384
0.4983721972
0.6237961054
0.4653852880
0.5092224479
0.5583586097
0.5555867553
0.4805389643
0.5119122267
0.5127549171
0.4788428545
0.5767072439
0.4931137264
0.4455253482
0.5469115973
0.4570538700
0.5231770873
0.5437839031
0.4322043657
0.5161585212
0.5012019873
0.5711736679
0.5016771555
0.4783877432
0.5751971602
0.5019530058
0.5998114347
0.4841785729
0.5450715423
0.4922794402
0.4066515267
0.5249606967
0.4644246101
0.4724815488
0.5331106186
0.5292243361
0.5388660431
0.5002875328
0.4253616929
0.4582185149
0.5278548002
0.5522525907
0.4796634614
0.4252347946
0.5595612526
0.4592876434
0.5557104349
0.5360217690
0.5791112185
0.5564386249
0.4889758825
0.3987334073
0.4954586327
0.4709064662
0.5604075193
0.5509176850
0.5749861002
0.5921266079
0.4941796064
0.4151613414
0.6071885228
0.4697664976
0.5692715049
0.6267932653
0.5805872679
0.6178501248
0.6156170368
0.6519704461
0.5270399451
0.6437109113
0.5817494988
0.6051782966
0.5587818027
0.7107343078
0.5809484720
0.6044435501
0.6932518482
0.7239776850
0.6574813724
0.6083877087
0.6993414164
0.6695037484
0.6613935828
0.6590303779
0.7026928663
0.6769613028
0.6860666275
0.6808275580
0.7749426365
0.6577904224
0.7045728564
0.7739163637
0.6949259043
0.7310920954
0.6728974581
0.7842143178
0.8188689947
0.7938871980
0.7371997237
0.7676110864
0.7999999523
0.8044506311
0.8413673639
0.8240158558
0.7892822027
0.7892061472
0.7563704848
0.7346018553
0.7705443501
0.7375549078
0.7948521376
0.7238670588
0.7109898329
0.8347903490
0.7387028933
0.7004765868
0.7525427341
0.7688807249
0.7427871823
0.7867285013
0.7122031450
0.7823776007
0.8019317985
0.8106923103
0.6364709139
0.8091074228
0.7966094613
0.8266878128
0.6759129763
0.7467070222
0.7167674303
0.7713522911
0.7983230352
0.7233208418
0.7675125599
0.7226721048
0.7703441381
0.7889432907
0.7276428342
0.7318709493
0.7697992325
0.6086016893
0.7889446020
0.6184950471
0.7046553493
0.6793636680
0.7271953821
0.7332494855
0.6769356728
0.6650627851
0.6874686480
0.6718230247
0.6010140181
0.7918157578
0.6144100428
0.6448788047
0.7556546926
0.7292515039
0.6516011357
0.6690137982
0.7361238003
0.7646665573
0.6432898641
0.6270034313
0.6927391291
0.7191852927
0.5978141427
0.6598594189
0.7018107176
0.5925269723
0.6347232461
0.7174440026
0.6318210363
0.6142797470
0.6696376801
0.6452852488
0.6884657145
0.6350616813
0.5967428088
0.6703844666
0.6625134945
0.4851540625
0.5378352404
0.6144872308
0.5436207056
0.6169914603
0.7056310773
0.6897518635
0.6721539497
0.6100783944
0.7108238935
0.6560918093
0.6665182114
0.7398031354
0.6347925663
0.6225664020
0.6892038584
0.7462823391
0.7728977203
0.7217837572
0.7164206505
0.7611151934
0.6754878163
0.7444158792
0.7105033398
0.6699118018
0.7306030989
0.6721854210
0.6642055511
0.6023046374
0.6587525010
0.6341713667
0.6180338860
0.5650491714
0.6227917075
0.5752989650
0.6391991377
0.6053437591
0.5539363027
0.5433871746
0.5950117111
0.5460934043
0.5873158574
0.5938915014
0.6188895702
0.5993632674
0.5394193530
0.5990006924
0.6672819257
0.6125259995
0.5645471215
0.6297662258
0.5856273174
0.6474881768
0.6270816922
0.5199034214
0.5857089758
0.6458986402
0.5388646126
0.5514212251
0.5880717635
0.5842437744
0.5005632639
0.5021795034
0.4786080122
0.5072153807
0.4871751964
0.5778989792
0.4632688165
0.4875109792
0.5090770125
0.4927626252
0.3967934847
0.5776121616
0.4937289357
0.5132209659
0.5218939185
0.4380055070
0.4900520742
0.3379878402
0.5375550985
0.4352013767
0.4971770048
0.5285741687
0.4925068021
0.4212981462
0.4456493258
0.4627881050
0.7224340439
0.7211378813
0.7046893835
0.7406819463
0.6524792314
0.7088123560
0.6715660095
0.6510404944
0.7330579162
0.6730052829
0.6798822284
0.6667845249
0.6498308778
0.6733071804
0.6992373466
0.6540814638
0.6653115749
0.6869552135
0.7146350145
0.7156826258
0.6698840857
0.6839401722
0.6266597509
0.6558803320
0.6732130051
0.6352090836
0.6510844827
0.6343266964
0.6346585751
0.6179479361
0.6060557961
0.6394599676
0.6789479256
0.5996673107
0.6518512964
0.6307786703
0.6118662357
0.6190218329
0.5736559629
0.6412764788
0.5922633410
0.6358963847
0.6070208549
0.5758513808
0.6214447021
0.5814476609
0.6071525216
0.5816949010
0.5680260658
0.6408356428
0.6444050074
0.5441328883
0.5900688767
0.6026037335
0.5812932253
0.5916852951
0.5638307333
0.6261516809
0.5462025404
0.5506578684
0.5563200116
0.5288035274
0.5365119576
0.5459032059
0.5625244975
0.4668308794
0.5000638962
0.4752703607
0.4856393933
0.5042091608
0.4661591053
0.4668084085
0.4831565022
0.4765477479
0.4719710350
0.4728569984
0.4909914136
0.5094563961
0.4260755181
0.4795965850
0.4616206884
0.4271037579
0.4263392091
0.4118071795
0.4252721667
0.4484628141
0.4160003364
0.4519776702
0.4171265364
0.4304725230
0.4505391717
0.4003685117
0.4351453185
0.4127328694
0.4197488725
0.3951961398
0.4260445833
0.3681774735
0.4362842143
0.3882341981
0.3819128275
0.3995124996
0.3783007264
0.4280700982
0.3788503706
0.3901633322
0.3769699633
0.3667664230
0.3581042886
0.3851636350
0.3806831241
0.3811190128
0.3851982951
0.3498564661
0.3273224831
0.3757696152
0.3868336082
0.3547897339
0.3379162550
0.3450588882
0.3483518064
0.3836866617
0.3777955770
0.4076147676
0.3468736410
0.4349548519
0.4450338483
0.3969159424
0.4403113127
0.4318203032
0.4082847536
0.4721991420
0.4453973174
0.4841846526
0.4889335632
0.5264540911
0.5057752132
0.5756030083
0.5967421532
0.5515068769
0.5911055803
0.5928400159
0.6036471725
0.6654112935
0.6470712423
0.6521881223
0.6772580147
0.7314831018
0.7511322498
0.7865723372
0.8347992897
0.8503289819
0.8871636987
0.8874565363
0.9128149748
0.9314442873
0.9522291422
0.9619019628
0.9590134621
0.9703658223
0.9762594700
0.9828646183
0.9857585430
0.9858864546
0.9896451235
0.9900668859
0.9924246073
0.9916561842
0.9923596978
0.9900985956
0.9951490760
0.9966932535
0.9980787039
0.9983528256
0.9981974363
0.9985598326
0.9983224869
0.9986330271
0.9989215732
0.9987928867
0.9983657598
0.9989578128
0.9989562631
0.9984378219
0.9982072115
0.9976513386
0.9981613159
0.9981505275
0.9986499548
0.9987726212
0.9985428452
0.9986858368
0.9977918863
0.9978039861
0.9979861975
0.9984362721
0.9978678823
0.9971506000
0.9976336956
0.9967316389
0.9985025525
0.9980640411
0.9978528023
0.9982748628
0.9971624613
0.9975175858
0.9973145127
0.9959833026
0.9963598847
0.9935259223
0.9953120947
0.9804230928
0.9846502542
0.9914338589
0.9878563881
0.9848411083
0.9869911671
0.9817358851
0.9848464131
0.9682958722
0.9725433588
0.9691946507
0.9649398327
0.9474791288
0.9417424798
0.9520393610
0.9507497549
0.9369883537
0.9435577393
0.9513996840
0.9392408729
0.9266467094
0.9375970364
0.9373382330
0.9282122850
0.9046094418
0.9163296223
0.9123367071
0.8871372342
0.8717434406
0.8616266251
0.8536388874
0.8102568388
0.8108969927
0.7955447435
0.7897012830
0.7600865960
0.7375632524
0.7236613631
0.6830250025
0.6501239538
0.6320620179
0.6778795719
0.6529881954
0.6480400562
0.6831001043
0.6078665257
0.6127700806
0.6376165152
0.6150569916
0.6079460382
0.6485497952
0.6198216677
0.6736173034
0.6371460557
0.5894511938
0.5821729898
0.6265391111
0.6203667521
0.6054711342
0.6555976272
0.6025637984
0.5749421716
0.5958237052
0.5876045823
0.5335396528
0.5582110882
0.5658800006
0.6110067964
0.5628952384
0.5882978439
0.5313405395
0.5666258335
0.5308478475
0.5555770397
0.5671613216
0.5460534096
0.5855431557
0.5176973939
0.5062898993
0.4751319289
0.5114855766
0.5266711116
0.4932804108
0.4649411142
0.5032395720
0.5461253524
0.5017197728
0.4957865179
0.4822049737
0.4938150048
0.4756743014
0.4620885253
0.4464352131
0.4396014512
0.4207139015
0.4513740242
0.4493040740
0.4100069404
0.4042923152
0.4706200957
0.4077256918
0.4045618773
0.4740395844
0.4293231666
0.3936766386
0.4191657901
0.3789026141
0.4369116426
0.4204246998
0.3980469704
0.4135014117
0.4326182008
0.3889799118
0.4499032199
0.3729692400
0.4244614840
0.3182166815
0.3344776034
0.3224900365
0.3944425583
0.3637307882
0.3457143903
0.4065758884
0.3850510716
0.4048839808
0.3944332302
0.4277424216
0.3485226333
0.3741863370
0.3947682083
0.3921710849
0.3487671614
0.3773850203
0.3877236843
0.3868184686
0.3455407023
0.3903069496
0.3872625828
0.3949857652
0.3874611259
0.3695120811
0.4011066556
0.3895041049
0.3773105443
0.4346756339
0.4584340453
0.4565333426
0.4536769688
0.4639748335
0.4537806213
0.4537054896
0.4647732973
0.4475714564
0.5135129094
0.4847299457
0.4786240458
0.4927295744
0.4841672778
0.5440858006
0.5149288177
0.5101886988
0.4973664582
0.5254701376
0.5663992167
0.5550742149
0.6169576645
0.6195351481
0.5835257769
0.6416184902
0.6073570251
0.6307675838
0.6514745951
0.7077672482
0.7019468546
0.7185934782
0.7136752605
0.7041854858
0.7299050093
0.6717904210
0.7112861872
0.7206093073
0.7034587264
0.7192946672
0.7117787004
0.7086213827
0.6821568608
0.6997416615
0.6611729860
0.6826535463
0.6054634452
0.6381006241
0.6589677334
0.6602666378
0.6798294187
0.6885488033
0.7029100657
0.6563429832
0.7296825647
0.7133132219
0.7194785476
0.7520889044
0.7255988121
0.6971426010
0.6960419416
0.7363776565
0.7103679776
0.6962973475
0.7092056870
0.6909785271
0.6898692846
0.6496080756
0.6762256622
0.6365690231
0.6158680916
0.5969223380
0.6215451360
0.5546835661
0.5484110117
0.5696681738
0.5222672224
0.5585744977
0.4378615022
0.4999955595
0.5444458127
0.5125455856
0.4980415404
0.4756100774
0.5399918556
0.4739216566
0.4751707315
0.5475080013
0.5201883316
0.4625316262
0.4745488465
0.5110703707
0.4949095249
0.5204606652
0.4937174618
0.4983530343
0.4717315435
0.5020752549
0.5335687399
0.5156222582
0.4752149582
0.5128961802
0.5539110899
0.5419861674
0.5199326277
0.4996573925
0.5607612729
0.4986616671
0.5430216193
0.4746789336
0.5553151369
0.4898386002
0.4833569825
0.5020594001
0.4886537194
0.4917538166
0.4964726567
0.4973386824
0.5214747787
0.4699383676
0.4506184757
0.4553793073
0.5239636898
0.4813866913
0.4527151585
0.4063994884
0.5029509664
0.4891257882
0.5408505201
0.4988773763
0.5431704521
0.5264221430
0.4637229741
0.4293900132
0.5076121688
0.4508071840
0.5247056484
0.5003358126
0.5125040412
0.5886646509
0.5171555877
0.4647760391
0.5547146797
0.4752584696
0.5375807285
0.5428014994
0.4899586737
0.5085241795
0.5053096414
0.5509679914
0.5146535039
0.5499728918
0.5573433042
0.5614944100
0.5672155023
0.6529674530
0.6133186221
0.6489502788
0.7074646950
0.6906430721
0.7186200619
0.6823227406
0.7193919420
0.7299296856
0.7255947590
0.7171072364
0.7339347005
0.7556819320
0.7269911766
0.7553918362
0.7721067667
0.7684949636
0.7376089692
0.7645506859
0.7342412472
0.7622814178
0.7250946164
0.7451125383
0.7662245631
0.7422526479
0.7303039432
0.7468960285
0.7604018450
0.7540138960
0.7769204378
0.7628967762
0.7781675458
0.7457855940
0.7100539804
0.7198714018
0.7416450381
0.7237936258
0.7473816276
0.7262601256
0.7274226546
0.7773425579
0.6977813840
0.7208691239
0.7273563743
0.7216477990
0.7273499370
0.7536999583
0.6992561817
0.7477503419
0.7474727035
0.7723046541
0.6912685037
0.7821222544
0.7603926659
0.7834166288
0.7195763588
0.7212552428
0.7142851949
0.7279888988
0.7543945312
0.7132807374
0.7174365520
0.6921639442
0.7267575860
0.7201840878
0.6841311455
0.6830527782
0.6824518442
0.6451267004
0.7436849475
0.6838211417
0.6892611384
0.6930768490
0.6974221468
0.7474344969
0.6697049141
0.7005485892
0.6899542809
0.7030938864
0.6913493872
0.7293413877
0.6498942971
0.6591244936
0.6754349470
0.6537598372
0.5855170488
0.5715321302
0.6035647988
0.6049461365
0.5459269881
0.5050784349
0.5088663101
0.5252453089
0.4495579600
0.5174041986
0.5694099665
0.5349009633
0.5371072292
0.5882989764
0.5925902724
0.5473448634
0.5879847407
0.6253154278
0.6959059834
0.6616603136
0.7022013068
0.6732404828
0.7114301920
0.6880986094
0.6765021086
0.7174687386
0.6555389166
0.6926423907
0.7399169803
0.6813467145
0.6797045469
0.6587035656
0.6809994578
0.6439943910
0.6736730337
0.6393006444
0.6328013539
0.6310464740
0.6305314302
0.6704819798
0.6656628251
0.6570072770
0.6586177349
0.7230204344
0.6928229928
0.7101538181
0.7282156348
0.7104580998
0.7271871567
0.7381517887
0.7442632914
0.6785165668
0.6945316195
0.6577270031
0.6680617929
0.6457356215
0.6505869627
0.6174648404
0.6211235523
0.5891613960
0.5706838369
0.5359534621
0.5737127066
0.5465343595
0.5144575834
0.5157225132
0.5316206813
0.4654229879
0.4970050454
0.4956882894
0.5152284503
0.4811308384
0.4941985309
0.5028761029
0.4802884161
0.5301557779
0.5080258250
0.4629669189
0.5298823714
0.5409908295
0.4915414751
0.5183722377
0.5218637586
0.4966352284
0.5068032146
0.4919380546
0.4634850323
0.4915212989
0.5251448154
0.5482299924
0.5010870695
0.4768008888
0.5064712763
0.4852800667
0.4820812941
0.4988859594
0.4970857501
0.5132234097
0.5035174489
0.5162743926
0.4868360758
0.4569834173
0.4946414828
0.4976151288
0.5113367438
0.5314990878
0.4872682989
0.4823532999
0.4751923382
0.4776601195
0.6830716133
0.6631542444
0.6386060119
0.7092899680
0.6302457452
0.6579689980
0.6106526852
0.6911648512
0.6654158831
0.6502591372
0.6457870603
0.6473842859
0.6206756234
0.6515411735
0.6376921535
0.6631552577
0.6646656394
0.6665276885
0.6313717961
0.6631556153
0.6553207040
0.6249439716
0.6534365416
0.6509097219
0.6035523415
0.6106103063
0.6259452105
0.6305521727
0.5866371393
0.6181864738
0.5954830647
0.5862247348
0.6393594742
0.5608609915
0.6392170191
0.6414003372
0.6006718874
0.5865257978
0.5896751285
0.5994337201
0.5805497169
0.6029332280
0.5802334547
0.5855760574
0.5683940649
0.5412388444
0.5286182165
0.5470064282
0.5509333611
0.5275196433
0.5664680004
0.5185611844
0.5320615172
0.5072727799
0.5149262547
0.5681899786
0.5197963715
0.5413245559
0.5006058812
0.4755674005
0.5263454914
0.4681530893
0.5527267456
0.4755438268
0.4987056851
0.4886452556
0.5171799660
0.4717395604
0.4899896979
0.4773130715
0.4957664907
0.4670140445
0.5020566583
0.4796724617
0.4493708909
0.4447681606
0.4508544803
0.4390366673
0.4354638457
0.4192616343
0.4293359518
0.4323182702
0.3863575161
0.3887012601
0.3835707307
0.4351282716
0.4268499613
0.3837260604
0.4471052289
0.3893128037
0.4298126996
0.4209872484
0.3930063844
0.3896745443
0.4058725834
0.3264324665
0.3970324099
0.4160298407
0.4124556184
0.3569695950
0.3405390978
0.3921640217
0.3882479072
0.3906773925
0.4014354050
0.4338144660
0.3541055620
0.3973214030
0.3750548065
0.3782133162
0.4249451160
0.3304814994
0.3782509267
0.3896231055
0.3783727288
0.4113371968
0.3997567296
0.4253452420
0.3401376009
0.3871013522
0.3083858788
0.4084568024
0.3917760253
0.3749285340
0.4080486894
0.4369105697
0.4191651940
0.4285086989
0.4335795939
0.4381397367
0.4980298877
0.5037416816
0.5202579498
0.5471758246
0.6183333397
0.5988398790
0.6600409746
0.6666812301
0.7090750337
0.7089986801
0.7589816451
0.7748401165
0.7737799883
0.8405133486
0.8392986059
0.8381744623
0.8702135086
0.8963436484
0.8941244483
0.9267091155
0.9218344688
0.9409077168
0.9545341730
0.9561434984
0.9600303173
0.9734054804
0.9799903631
0.9776474237
0.9805129766
0.9798288345
0.9869287014
0.9889736176
0.9918679595
0.9925206304
0.9937892556
0.9927453995
0.9953407049
0.9932795763
0.9946203232
0.9896425009
0.9941192865
0.9958694577
0.9973877668
0.9972661734
0.9969820380
0.9977219701
0.9969203472
0.9977799654
0.9983817339
0.9974045753
0.9975939989
0.9982211590
0.9978734255
0.9972625971
0.9966119528
0.9956273437
0.9971267581
0.9968616366
0.9975034595
0.9969266057
0.9974747896
0.9966691136
0.9939409494
0.9965814352
0.9967235327
0.9968889952
0.9955031872
0.9945166111
0.9949147701
0.9908503890
0.9960643649
0.9954615831
0.9947370887
0.9963361025
0.9929807782
0.9945355654
0.9950439930
0.9935816526
0.9929798841
0.9873087406
0.9920923114
0.9695845842
0.9668537378
0.9761051536
0.9699659348
0.9746845365
0.9722480178
0.9622523189
0.9661811590
0.9429988265
0.9364366531
0.9381393194
0.9331100583
0.9054148793
0.8993972540
0.8831712008
0.9044821858
0.9068213701
0.8825164437
0.8839819431
0.8792406321
0.8562671542
0.8411947489
0.8351846933
0.8400790691
0.8312329054
0.8076237440
0.7877641916
0.7886844873
0.7490704656
0.7450996637
0.6851962805
0.6624421477
0.6766588688
0.6666707397
0.6733832359
0.6476017237
0.6210628748
0.6353490353
0.6280413866
0.5881121755
0.5453087091
0.6023893952
0.5704416633
0.5661665797
0.5347557068
0.5542016625
0.5574975610
0.5582783818
0.5450789332
0.5343806744
0.5686432123
0.5290046334
0.5621407628
0.5986421704
0.5586616993
0.5242245793
0.5714067817
0.5580578446
0.5494223237
0.5437234044
0.5504648089
0.5016885400
0.5360748768
0.5184103251
0.4934743643
0.5232908726
0.5521547198
0.5112545490
0.5482714176
0.5129599571
0.4677258432
0.5534595847
0.5659967661
0.5091757774
0.4972492158
0.4830364883
0.5040417314
0.5158445239
0.4908875823
0.4642897546
0.4908445776
0.4707095623
0.5085682273
0.4904831350
0.5027462840
0.5074425936
0.4503264725
0.4608258009
0.4583480060
0.4550021887
0.4154089987
0.4331347346
0.4400857687
0.4652491510
0.4607796073
0.4036689997
0.3990961313
0.4410931468
0.3941005766
0.4575927258
0.4356475770
0.4508911967
0.3990416229
0.4537803829
0.4127152562
0.4070695043
0.3429204226
0.4028115869
0.3537154794
0.3829100132
0.4139378667
0.3960824609
0.4091088772
0.3792914152
0.3579036295
0.4279557765
0.3680228591
0.3863684833
0.3550048470
0.3286086023
0.3871707320
0.4032723308
0.3814117610
0.4195778072
0.4289347827
0.3984982073
0.4073683918
0.3804775774
0.3486591578
0.4041509330
0.3723833859
0.3961107433
0.3652841747
0.4150693417
0.4075084329
0.4418805540
0.4010838270
0.4343288541
0.4346154332
0.3938903809
0.4397688806
0.4338980615
0.4340680838
0.4780917168
0.4904391468
0.4580432177
0.4984224737
0.4071258307
0.4867370129
0.4761687517
0.5362684131
0.5345686674
0.5346755981
0.5771055818
0.5582464337
0.5967476368
0.5993680954
0.5818290710
0.6001351476
0.5780813694
0.6349498630
0.5858579874
0.6126526594
0.6120707393
0.6295222044
0.6372190714
0.6653010845
0.5983249545
0.6591916680
0.6294461489
0.6752095222
0.6602427363
0.6636068821
0.6708145142
0.6671630144
0.6956910491
0.6675837040
0.6732874513
0.6832149029
0.6993641853
0.6899179220
0.7205487490
0.7237251401
0.7184040546
0.7585726976
0.7480370402
0.7390689850
0.6911238432
0.6672449112
0.6714201570
0.6453850269
0.6775524020
0.6079476476
0.6268516779
0.6541550159
0.6691423059
0.6695052385
0.6599507332
0.6595245004
0.6718930602
0.7036646008
0.6732047796
0.6610443592
0.6112515926
0.6302199960
0.6332812905
0.5904734135
0.6288247108
0.6236003637
0.6063859463
0.5861241817
0.6008815169
0.5905489922
0.5407298207
0.5270439386
0.5636903048
0.5654404759
0.5176331401
0.4964467287
0.4565300345
0.4797261059
0.4378098845
0.4639089704
0.4411724508
0.4505349398
0.4523388743
0.4968568385
0.4813161492
0.4938101172
0.4678284526
0.5420444012
0.5093711615
0.4655674696
0.4932758808
0.5134090185
0.4944123924
0.4685693681
0.4916230142
0.4910804927
0.5015556216
0.5123223662
0.5418671370
0.4855751395
0.4933739901
0.5247379541
0.5452373028
0.5180736780
0.5064951777
0.5257875919
0.5314391255
0.4824213982
0.4812406301
0.5132394433
0.5194826722
0.4930723906
0.4883482456
0.4883287549
0.4764783382
0.4891695678
0.5023261309
0.4606820941
0.5446167588
0.4600299597
0.4934763610
0.5013684630
0.5222204328
0.4810237288
0.4567527175
0.4213795364
0.4554587603
0.5197722912
0.4970850050
0.4679884613
0.4927131832
0.4454149604
0.4599379301
0.4169926345
0.5094732046
0.4682636261
0.5293691754
0.5435285568
0.5222070217
0.5781077743
0.5586971641
0.5655338168
0.6004765034
0.5259385705
0.5987893343
0.5626329184
0.5778115988
0.5750877857
0.5657765269
0.6194750667
0.6519430876
0.6035895348
0.6616733670
0.6325939894
0.7033271790
0.6793657541
0.6655725837
0.7006156445
0.7221980691
0.6866831779
0.7243679762
0.7097916603
0.6446608901
0.6989617348
0.7599065304
0.7201592922
0.7335270643
0.7512958646
0.7327041030
0.7915750742
0.7552279234
0.8082795143
0.7592132092
0.7263905406
0.7504649758
0.7727103233
0.7315189838
0.7193527222
0.6952955723
0.7250157595
0.6792216897
0.7333817482
0.7194242477
0.7074493170
0.7143554091
0.7070515752
0.7387835979
0.7171643972
0.6840165854
0.7138248086
0.7168373466
0.7262528539
0.6936911345
0.6975339651
0.7192592621
0.7172476053
0.7069725394
0.7185909152
0.6971383095
0.7216419578
0.6759127378
0.7005550861
0.7022075653
0.7007079124
0.7289097905
0.6816769242
0.7139228582
0.7304457426
0.7142992616
0.7282269597
0.7468531132
0.6979498863
0.7470805049
0.6995395422
0.6947283745
0.7343797684
0.6931363344
0.6907976866
0.6763007641
0.6828038692
0.6808129549
0.6174953580
0.5765287876
0.5769463778
0.6051625609
0.6199783683
0.5716416240
0.5891772509
0.5663536787
0.6216241717
0.5892704129
0.6405457258
0.6499954462
0.5948877931
0.6503645182
0.5968392491
0.5858864784
0.5934959054
0.5849993229
0.5760760307
0.5447949171
0.5960941315
0.6026824713
0.5861920118
0.5635256767
0.5905198455
0.5731970072
0.5364789963
0.5412682891
0.6019373536
0.5708047152
0.6358081102
0.6016945839
0.5557559133
0.6040370464
0.5619040132
0.5482040048
0.5684489608
0.6750785708
0.6332874298
0.6582464576
0.6393373609
0.6705300212
0.7140465379
0.6969875693
0.6855575442
0.6791848540
0.7257353067
0.7262462378
0.6935598850
0.7022310495
0.7410199046
0.7116577029
0.6892582774
0.7239819765
0.6264405847
0.6497190595
0.6676319838
0.6319212914
0.6358107328
0.6165120602
0.6171947718
0.6374160051
0.6396000385
0.6687403917
0.6210047007
0.6637774706
0.6921814680
0.6497931480
0.6523172855
0.6461302042
0.6378117204
0.5726251602
0.5792572498
0.6026208997
0.5993959904
0.5966590643
0.5440351963
0.5738165975
0.5905781984
0.5078490376
0.5770974755
0.5307671428
0.5459916592
0.4890916049
0.4721947610
0.4960973859
0.4492076039
0.5153590441
0.4449754953
0.4425336719
0.4464010000
0.4845159650
0.4410200417
0.4442060590
0.5071488023
0.5076631904
0.4403924942
0.4949600697
0.5203790069
0.4751087427
0.4978883266
0.5000453591
0.4618908465
0.5149579644
0.4958011806
0.4622749388
0.4935019314
0.5436050296
0.5114143491
0.4993089437
0.5392518640
0.5182511210
0.4912103415
0.5008248091
0.4770115316
0.5118932128
0.5286334753
0.4866764545
0.5413728952
0.4930731952
0.5335788727
0.4776736796
0.5092688799
0.4937715232
0.5199589729
0.4736022651
0.5395200253
0.4761245251
0.5062180758
0.6173679233
0.6242884994
0.6051306129
0.6530588865
0.6041885614
0.6044933796
0.5781983137
0.6068524718
0.5927869081
0.5940360427
0.5932156444
0.6161400080
0.6019973159
0.6351548433
0.5913820863
0.6468712091
0.6718182564
0.6373769045
0.5621650815
0.5961753726
0.6067832112
0.5962554812
0.6422042847
0.6395975947
0.5847815871
0.6113365889
0.5453314185
0.6282267570
0.6170995235
0.6157000065
0.6065760851
0.5706084967
0.5829066038
0.5423687696
0.5678906441
0.5844291449
0.5754479170
0.5509631634
0.6010157466
0.5166983604
0.5781655312
0.5580863953
0.5505098104
0.5695051551
0.5295646191
0.5153132081
0.4881674945
0.4947777689
0.5630644560
0.5369361043
0.5220139623
0.5084182024
0.4974684715
0.4906935990
0.4590470195
0.5959810019
0.5217925906
0.4978584349
0.5121465921
0.4643879533
0.5513517261
0.4513491690
0.5438078046
0.4654810131
0.4569240808
0.5250029564
0.4897837639
0.5240494609
0.5066962838
0.4926269054
0.4932720363
0.4925762713
0.4733091593
0.5277433991
0.4470626414
0.4591450393
0.4664563835
0.4392116070
0.4868498147
0.4437218010
0.4407986999
0.4750021398
0.3744519651
0.3958408833
0.4363354445
0.4319317341
0.4511414468
0.4250528514
0.4728055894
0.4486828744
0.4346345663
0.4476820230
0.4020313621
0.3981572986
0.4213507771
0.3496081233
0.4604162574
0.4494406283
0.4462777078
0.4058892727
0.3760046363
0.4124818444
0.4316495359
0.4316892624
0.4734275937
0.4928466082
0.4288889170
0.4552048445
0.4309862256
0.4076323807
0.4789063632
0.3782071173
0.4337566495
0.4373538196
0.4455201626
0.4394037724
0.4279344380
0.4718567133
0.3849278390
0.4663848281
0.3705865741
0.4634702206
0.4821901917
0.4014072716
0.4634953737
0.5172261000
0.4764745831
0.4872350097
0.5191501975
0.5127875805
0.5581616759
0.5875332952
0.6269147396
0.6374411583
0.6916537285
0.6725657582
0.7641944885
0.7076818943
0.7174451947
0.7849268317
0.7879226208
0.8243751526
0.7992414236
0.8481488824
0.8276855946
0.8472800255
0.8672356606
0.8770725727
0.8744642735
0.9043270946
0.8617600203
0.8973904848
0.9116034508
0.9006339312
0.9004464149
0.9255945683
0.9402107000
0.9320284724
0.9381715059
0.9267352819
0.9441695213
0.9543088675
0.9647243023
0.9623121023
0.9663430452
0.9607833624
0.9710277319
0.9688299298
0.9734584093
0.9592288733
0.9717546701
0.9810793996
0.9873480201
0.9871522188
0.9851622581
0.9897159338
0.9847905636
0.9887956381
0.9927842617
0.9836235642
0.9880285263
0.9896342754
0.9879486561
0.9873999357
0.9835014343
0.9816251993
0.9871809483
0.9822522402
0.9873104095
0.9855288267
0.9840599895
0.9866164923
0.9750770330
0.9869790077
0.9858738184
0.9868173003
0.9787319303
0.9798827171
0.9830425978
0.9718761444
0.9852254391
0.9854217172
0.9797395468
0.9877668619
0.9749410748
0.9814013839
0.9808522463
0.9741827250
0.9777929783
0.9695824385
0.9736270905
0.9377414584
0.9302937984
0.9356456995
0.9285445213
0.9462509155
0.9407026768
0.9166744947
0.9127084017
0.8845336437
0.8672227859
0.8692126274
0.8427429199
0.8023936749
0.7806386948
0.7628326416
0.7952958941
0.8059138060
0.7501367331
0.7491559982
0.7850519419
0.7786585093
0.7606702447
0.7014967203
0.7781920433
0.7438779473
0.7055134773
0.7603250742
0.7319825888
0.7696767449
0.7159590721
0.7342407703
0.7262894511
0.7127203941
0.6777895689
0.7150524855
0.6840143800
0.6857566833
0.6923230290
0.6876857281
0.6656576395
0.6336617470
0.6444962621
0.5980928540
0.6339930892
0.6063760519
0.6383700371
0.6160218120
0.5881860852
0.5551484227
0.5624845028
0.5903897285
0.6109090447
0.5176058412
0.6010698676
0.5373452902
0.5447272658
0.5381698608
0.5238112807
0.5608818531
0.5244821310
0.5366942286
0.5012499094
0.5125057101
0.5556502342
0.5056053400
0.5178756118
0.5667596459
0.4432116449
0.5457324386
0.4660296142
0.4630609751
0.5323755741
0.5737247467
0.5483689904
0.4902796745
0.4476913810
0.5004661083
0.5060981512
0.4878475666
0.5155706406
0.4938287437
0.4689740837
0.5155074596
0.4705878794
0.4881915152
0.4487513006
0.4917398095
0.4379723370
0.4404354393
0.4694091976
0.4424774349
0.4719535708
0.4795480072
0.4751497507
0.5049208999
0.4572256804
0.3816796541
0.4826841652
0.4092472792
0.4091468751
0.4544817507
0.5006183982
0.3886066973
0.4870969355
0.4860666692
0.4802901745
0.4196716547
0.4249376059
0.3931155205
0.4206790626
0.4265107810
0.4080996513
0.4856261611
0.3959352374
0.3951223791
0.4187262654
0.3939091861
0.4523718953
0.3982032239
0.3681641817
0.4139164090
0.4515105486
0.4384797812
0.4710175395
0.4395429194
0.4616895020
0.4426782429
0.4190544784
0.4087377787
0.4626879096
0.4118537903
0.4283288121
0.4333049953
0.4754560292
0.4493764043
0.5109474063
0.4028011560
0.4390306175
0.4860275686
0.4651350081
0.5244728327
0.5107363462
0.4569764733
0.5401755571
0.5373764634
0.4732545912
0.4761762917
0.4526844025
0.5054519176
0.5150796175
0.5520129204
0.5475269556
0.5704186559
0.5560528040
0.5506937504
0.5984721184
0.5602735281
0.5606573820
0.5806007385
0.5559349060
0.5961177349
0.5414021015
0.5292921662
0.5518673062
0.5504034162
0.5726259351
0.5746659040
0.5676310658
0.5760371685
0.5884906054
0.5711274743
0.5819807649
0.6099926233
0.5764020085
0.5431341529
0.6027135253
0.5821077824
0.5735542178
0.6599515676
0.6275511384
0.5933737755
0.6684039831
0.6817664504
0.6446852684
0.7075077295
0.7277940512
0.6415345073
0.6423410773
0.5932709575
0.6579386592
0.6186625361
0.6059200168
0.5508880019
0.5959815979
0.5887098908
0.6008449793
0.6195828319
0.5602041483
0.6205505133
0.5377316475
0.5805736780
0.6097244024
0.6002963185
0.5493575335
0.4693025053
0.5819983482
0.5697036982
0.5476637483
0.5903544426
0.5784021020
0.5600497723
0.5694329143
0.5442910194
0.5374366045
0.5173643827
0.5603477955
0.5812912583
0.5624854565
0.5006214976
0.5327557921
0.5754675865
0.5572630763
0.6059594750
0.5171360373
0.5177992582
0.5108512640
0.5941241980
0.5260352492
0.5443233848
0.4974476695
0.5950627327
0.5186116695
0.4662532806
0.5463258028
0.5151212215
0.5408235788
0.4476323128
0.5528221726
0.4739481807
0.5179146528
0.4772093892
0.5102203488
0.4770636857
0.4613243639
0.5204845667
0.5019064546
0.5129458308
0.4802030623
0.5022230148
0.4857591689
0.4612444341
0.4956853092
0.5239219069
0.5175254941
0.5044578314
0.4792588651
0.4720973372
0.4551209509
0.5150691867
0.5131333470
0.4667637944
0.5446402431
0.4816034138
0.4771852493
0.5355967283
0.5404304862
0.5070380569
0.4962230623
0.4959009588
0.4911442995
0.5291018486
0.5034254789
0.4524988532
0.4733791947
0.4423046708
0.5137810707
0.4336053729
0.5536677241
0.5324207544
0.5338057280
0.6037921309
0.5463135242
0.6351036429
0.5813985467
0.6443972588
0.6256988049
0.5674690008
0.6474320889
0.5991362333
0.6511027217
0.6190871596
0.5438123941
0.6372743845
0.6205163002
0.5619608164
0.6539646387
0.6218718886
0.6885916591
0.6004829407
0.5804362297
0.5728543997
0.6078407764
0.6028594971
0.6751228571
0.6188480854
0.5821297765
0.6549004316
0.6408736706
0.6651432514
0.6357612610
0.6278709769
0.6206446290
0.7167161107
0.6674848795
0.7223583460
0.7013947368
0.6253317595
0.6983059049
0.7359086871
0.6419283152
0.6785066128
0.6393175125
0.6682395339
0.6259533763
0.6765202284
0.6324430704
0.6209493876
0.6740783453
0.6792404652
0.7145766616
0.6681729555
0.6558569670
0.6560284495
0.6353356838
0.7065117359
0.6590814590
0.6350191832
0.6906662583
0.7050268650
0.6756770611
0.6800637841
0.6635615826
0.6946916580
0.6406068802
0.6298146248
0.6669226885
0.6565035582
0.6974217296
0.6248298883
0.7196110487
0.6828629971
0.6931763887
0.6643198729
0.6701045632
0.6663007736
0.7022468448
0.6340500116
0.6274636984
0.6793247461
0.6417671442
0.6224351525
0.6260756850
0.6211749911
0.6250528097
0.5515050888
0.5076448321
0.5361189842
0.5357356071
0.5227727890
0.5454008579
0.5748459697
0.5056919456
0.5707727671
0.5702464581
0.5934227109
0.6434832811
0.5673643351
0.6101406217
0.5791854858
0.5927271247
0.6450863481
0.6061241627
0.6385584474
0.5810231566
0.6445298195
0.6280114651
0.6116772890
0.5977553129
0.6521609426
0.6483544111
0.6100179553
0.6070425510
0.6694903374
0.5982241631
0.6669297814
0.6327933073
0.5773402452
0.6060683727
0.5834210515
0.5542083979
0.5467844009
0.6153697968
0.5971116424
0.5701230168
0.5812975168
0.5995657444
0.5900025368
0.6169181466
0.6032778621
0.6239028573
0.6458635926
0.6353855133
0.6205114126
0.6277275681
0.6820331812
0.6620413065
0.6238222122
0.6452848911
0.5906381607
0.6156809926
0.5801889896
0.5860836506
0.5764324069
0.5291441679
0.5637364984
0.5711589456
0.5788014531
0.5778179765
0.5243524313
0.5506964326
0.6558688879
0.5291604996
0.5221932530
0.5629043579
0.5702022910
0.5258100629
0.5642752647
0.5724436641
0.5640892386
0.5842912793
0.5325756669
0.5988873839
0.5864393711
0.4857931733
0.5795308948
0.5304789543
0.5876590610
0.5295203924
0.4952448606
0.5391824841
0.5058140755
0.5807947516
0.5584716201
0.5381972194
0.5433790088
0.5845929384
0.4864589274
0.5349907875
0.5570778847
0.5298414826
0.4797351658
0.5165115595
0.5467631817
0.4987954795
0.4728080928
0.5457548499
0.5244249701
0.5136002898
0.4664586186
0.4854084253
0.4737464786
0.5578557253
0.4899141490
0.4881528914
0.5886566043
0.5430477262
0.4793698490
0.4840856194
0.4708705544
0.5025464296
0.5280550718
0.5051730871
0.5504134893
0.4954932332
0.5535695553
0.4996685088
0.5077766776
0.4889271557
0.5072329044
0.4604704678
0.5465155244
0.4905218184
0.4770855606
0.6392766237
0.6733592749
0.6449419856
0.6459517479
0.6722664833
0.6838756800
0.6270531416
0.5808320642
0.5590934753
0.6237358451
0.6534229517
0.6260191202
0.6451387405
0.7018640637
0.5753522515
0.6850824952
0.7303854823
0.6571258307
0.6052367687
0.5954351425
0.6367667913
0.6713097692
0.6613443494
0.7138236761
0.6375471354
0.6180769205
0.5852960348
0.6447618008
0.6353607178
0.6318140626
0.6703313589
0.6656019688
0.5980183482
0.5874137878
0.5980331898
0.6276729703
0.5543926358
0.5643265247
0.6323858500
0.5468568802
0.6116294861
0.5988929868
0.6019427776
0.5823348761
0.5255458951
0.5725399256
0.5140602589
0.5026049018
0.6115999818
0.5496430397
0.5190590620
0.5412086844
0.4813048840
0.4988919795
0.4419520497
0.5483331680
0.5230257511
0.5044984221
0.4988255501
0.4269829690
0.5699989200
0.5242719650
0.5380454063
0.4958832264
0.4266133904
0.5344551206
0.4828332365
0.5338470340
0.5541605353
0.4530502260
0.4749599695
0.4551938474
0.4673713446
0.5295961499
0.4327763915
0.4147016108
0.4699212313
0.4213277102
0.4916549921
0.4115395844
0.4627535939
0.4341454506
0.4299392104
0.4052436650
0.4249488711
0.3432400227
0.4270820618
0.4205008149
0.4535533786
0.4386171103
0.4874541461
0.4364213049
0.4239631295
0.3992175162
0.3871493340
0.3838483989
0.4393877983
0.4444012642
0.4023063481
0.3933051825
0.3961646259
0.4082995355
0.3869403899
0.4062717557
0.4312233329
0.4307735860
0.4218165278
0.4620947838
0.4337472022
0.4088660479
0.4870614707
0.4170770049
0.3785511255
0.4530225992
0.4596176445
0.4257846773
0.4366470277
0.4559228420
0.3782234192
0.5100216866
0.3974957764
0.5009186864
0.5578770041
0.4693396091
0.5602253675
0.6012285948
0.5674393773
0.5733277798
0.6422417164
0.6569728851
0.6456197500
0.6862236857
0.7703668475
0.7901887894
0.7980464101
0.7755382061
0.8553056717
0.8127657175
0.8658522964
0.8811086416
0.8554065228
0.8874574900
0.8813142180
0.9171208739
0.9103568792
0.9147684574
0.9361176491
0.9480119348
0.9357451200
0.9522495270
0.9319472313
0.9536315203
0.9580095410
0.9503356218
0.9598551393
0.9681779742
0.9735699892
0.9714839458
0.9698203802
0.9694303274
0.9773390293
0.9789400697
0.9874683619
0.9823914766
0.9850028753
0.9846273065
0.9904597998
0.9887914658
0.9895030856
0.9841104746
0.9937069416
0.9954386950
0.9970212579
0.9963819981
0.9971984625
0.9977790117
0.9967998266
0.9978883266
0.9987044334
0.9962919354
0.9972233772
0.9974240065
0.9971769452
0.9975323677
0.9957696199
0.9956346750
0.9968833327
0.9951287508
0.9971226454
0.9968764186
0.9958493710
0.9961857796
0.9938702583
0.9972887039
0.9964900017
0.9964807630
0.9946943521
0.9958533645
0.9966166019
0.9922620058
0.9965605736
0.9969357848
0.9952090383
0.9974197745
0.9948136806
0.9959962368
0.9955023527
0.9933589697
0.9947405457
0.9910826087
0.9906307459
0.9725396633
0.9674785137
0.9707460403
0.9705653191
0.9663226604
0.9683551192
0.9579176903
0.9598382711
0.9416455030
0.9379100800
0.9219614267
0.9053468108
0.8665341735
0.8572837114
0.8359671831
0.8333361149
0.8593342900
0.8119197488
0.8032827377
0.8250075579
0.8500357866
0.8092957735
0.7856810689
0.8124352694
0.8402775526
0.7830907106
0.8334603310
0.8031914830
0.8364846706
0.8034808636
0.8453121781
0.8275623322
0.8235378265
0.7853441238
0.8026884794
0.8122925758
0.7931864262
0.7626571655
0.7615250945
0.7533261776
0.7625814676
0.7231733799
0.6975367069
0.7001122832
0.6912068725
0.6912849545
0.7057385445
0.6641122699
0.6335920095
0.6665742993
0.6508121490
0.6357753277
0.5480106473
0.6240788102
0.5915393829
0.5307611823
0.5287624002
0.5306690335
0.5748643875
0.5565373898
0.4888184965
0.5385571718
0.5048938990
0.5782666802
0.5747017860
0.5238783956
0.5697478652
0.4206763804
0.5028176904
0.4304097593
0.5241479278
0.5470534563
0.5486550331
0.6080566049
0.5019329786
0.4654437900
0.4950124025
0.5136411786
0.5124601126
0.5477378368
0.4982524514
0.4959631860
0.4906514883
0.4807470143
0.4807206988
0.4622845650
0.4732743502
0.4833709300
0.4593851864
0.4334750772
0.4385276139
0.4921536148
0.4453490674
0.4473523200
0.4772480130
0.4469478130
0.3858155608
0.5004822612
0.4129800797
0.3875817060
0.4210295081
0.4602928758
0.3817805350
0.4999407232
0.4883355200
0.4703557193
0.4427065849
0.4186142087
0.3744211793
0.4348935485
0.3649829626
0.4401711524
0.4654725492
0.3907645643
0.4203500748
0.3512234688
0.3792356849
0.4889136553
0.4135327041
0.3650525212
0.4345231056
0.4879052937
0.4183026552
0.4595150352
0.4278264642
0.4470148981
0.4088547230
0.4046336114
0.4139708877
0.4777866602
0.3753015399
0.4258014262
0.4800406396
0.4506543577
0.4281687140
0.5359100699
0.3753127754
0.4477544427
0.4636546671
0.4626075923
0.5540756583
0.5092610717
0.5001140833
0.5603362322
0.5494772792
0.4798155427
0.5391778946
0.5222041607
0.5086076856
0.6046707630
0.5419765115
0.4848073423
0.5736846924
0.5562034249
0.5469183326
0.5915073156
0.5144544840
0.5634202957
0.5857231021
0.5943052769
0.6042168140
0.5761956573
0.5595994592
0.5844919682
0.5850393176
0.5801434517
0.5513659120
0.5701391101
0.5844816566
0.6125154495
0.6234858632
0.6503698826
0.6100198030
0.6242195368
0.6463559866
0.6437181830
0.6152430177
0.6033923030
0.7136571407
0.6522103548
0.5921351314
0.7070066333
0.6832900047
0.7047744989
0.7444050312
0.7516223192
0.7011629939
0.7006286979
0.6059800982
0.7020843625
0.6493639946
0.6226733327
0.5730045438
0.6340500116
0.6040262580
0.6634867787
0.6336086988
0.5924140215
0.6748810410
0.6203364730
0.6227291226
0.6483478546
0.6555998325
0.5749636889
0.4992930889
0.5642927289
0.5995888114
0.5773736238
0.5576269627
0.5788418651
0.5628926754
0.6491470933
0.5720025301
0.6019365191
0.5523262620
0.5561095476
0.5554449558
0.6455354095
0.5677849054
0.6301205158
0.5755589604
0.5860817432
0.6451287866
0.5335366130
0.5288460851
0.4967343509
0.6316189766
0.5239707828
0.5236576200
0.5376690030
0.5969776511
0.5646332502
0.4746615589
0.5256399512
0.5044491887
0.5346601605
0.4967014790
0.5122663975
0.4638187289
0.5487769842
0.4644351602
0.4991690218
0.4956938028
0.4657301903
0.5091978908
0.5186285377
0.4953643382
0.4823657572
0.5382186174
0.4398192465
0.4965881407
0.4988668263
0.5378786922
0.4947664142
0.4966694713
0.4776766002
0.4709010720
0.4775788784
0.4972054958
0.5443214774
0.4791100025
0.5270152688
0.5083557367
0.4829148948
0.5611558557
0.5706527233
0.5255143642
0.4974476397
0.5378177762
0.5297849178
0.5463064313
0.5476520658
0.4829973280
0.4932946265
0.4943120182
0.5581196547
0.4578008652
0.5862334967
0.6077699065
0.5603628755
0.6671273112
0.5290100574
0.6291614771
0.6254089475
0.6365294456
0.6161137223
0.5813462734
0.6478214264
0.5878282189
0.6616105437
0.6519538760
0.5840011835
0.6364036202
0.6230332255
0.5531606674
0.6886417270
0.7000095844
0.7178499699
0.6373017430
0.6542810202
0.6517492533
0.6100803018
0.6793925762
0.6689553261
0.6436850429
0.6664929986
0.6762100458
0.6847855449
0.6659741402
0.6620517373
0.6225059628
0.6742210388
0.7415518761
0.6765128374
0.7253921032
0.7703597546
0.6589719057
0.7545178533
0.7817932367
0.6922053695
0.7447416782
0.7052291632
0.7248489857
0.7114378214
0.7281157970
0.6993315220
0.6780816913
0.7343347669
0.7536367178
0.7307428122
0.7085187435
0.7100161910
0.7221467495
0.7268576622
0.7564005852
0.7035793066
0.6822974086
0.7432760000
0.7367599010
0.7600712180
0.7647889853
0.7441752553
0.7278947234
0.6903176904
0.6806836724
0.7548147440
0.6860736609
0.7611047029
0.6839771867
0.7625960112
0.7464032173
0.7005621195
0.6723230481
0.7272109985
0.6494719386
0.7033046484
0.6613602042
0.6642974615
0.6573733091
0.6377745867
0.6655130386
0.5859116316
0.6650255322
0.6933296919
0.6032277942
0.6028063297
0.5879334211
0.5640596151
0.5371218324
0.6060482264
0.6402285099
0.6072893143
0.6144707799
0.6881768703
0.6772076488
0.7104212046
0.6450972557
0.6368954778
0.6244226098
0.6179075837
0.6442068219
0.6013512015
0.6497139931
0.5999848843
0.7151024938
0.6845738888
0.6666964889
0.6566342115
0.7064925432
0.6900620461
0.7021956444
0.6133406162
0.7177730799
0.6539809108
0.7079000473
0.6919227242
0.5967260599
0.6559400558
0.6533060074
0.6049656868
0.6178009510
0.6474195719
0.6355572343
0.5608581305
0.6087178588
0.6530832648
0.6085349321
0.6680078506
0.5619730353
0.6169716120
0.6719998717
0.6761912704
0.6533930302
0.6601647139
0.6939447522
0.6724207401
0.6582106352
0.6379854083
0.6047747731
0.6126371622
0.6093240976
0.6270467043
0.6076560616
0.5792503953
0.6318102479
0.6141603589
0.5667462349
0.5941744447
0.6005491614
0.6112172008
0.6903256178
0.5499729514
0.4972002208
0.5937728882
0.5949059725
0.5512014031
0.5780732036
0.5902153254
0.5849754810
0.6484423876
0.5437384248
0.6292306185
0.6406638622
0.5368276834
0.6530712843
0.5963309407
0.6418949366
0.5673204660
0.5480466485
0.5870808959
0.5449503064
0.5905094147
0.6097435951
0.5695394278
0.5626690388
0.6032211781
0.5129971504
0.5220544338
0.5668383241
0.5289301276
0.5111658573
0.5102612376
0.5584743023
0.5568134189
0.4701274633
0.6009419560
0.5902957916
0.4827503264
0.4810207188
0.4712726474
0.4645939469
0.5003823638
0.4686015546
0.5028612018
0.5792031288
0.5149883032
0.5235756040
0.5034070611
0.4472326040
0.4799867272
0.4803566635
0.5384486914
0.5178852081
0.5294471979
0.5370979905
0.4902542233
0.5397522449
0.4607603550
0.5309253335
0.5147547126
0.5249470472
0.4758990705
0.4535777569
