0.9967432022
0.9977161884
0.9976783991
0.9987843037
0.9972835779
0.9982000589
0.9978585243
0.9963734150
0.9972305298
0.9973145723
0.9966014624
0.9980950356
0.9985318184
0.9980140328
0.9986650944
0.9978272319
0.9971071482
0.9972261786
0.9978138804
0.9991451502
0.9968925714
0.9980077744
0.9974965453
0.9975239038
0.9980555177
0.9982993007
0.9979544878
0.9972482920
0.9968607426
0.9975571632
0.9971876144
0.9973662496
0.9972761869
0.9975217581
0.9976992011
0.9967978597
0.9976252913
0.9982442856
0.9978251457
0.9989572763
0.9980375767
0.9977887869
0.9974676371
0.9974700809
0.9980506897
0.9987252951
0.9988132715
0.9981240630
0.9976009130
0.9987127781
0.9990820885
0.9980016947
0.9971418381
0.9985415339
0.9978071451
0.9979266524
0.9973660707
0.9973007441
0.9964196682
0.9986532927
0.9988216162
0.9980366230
0.9971869588
0.9971188307
0.9972167015
0.9986345172
0.9973285198
0.9983981848
0.9982706308
0.9985726476
0.9963496923
0.9975564480
0.9973473549
0.9983634949
0.9982548356
0.9972630739
0.9965234399
0.9975614548
0.9966436028
0.9975780845
0.9979219437
0.9962213039
0.9983493686
0.9976374507
0.9976670742
0.9973033071
0.9984369278
0.9985345602
0.9980150461
0.9981597662
0.9975862503
0.9985083342
0.9974664450
0.9990112782
0.9977505803
0.9978795052
0.9961111546
0.9991387129
0.9970853329
0.9989551306
0.9980149269
0.9975131750
0.9977935553
0.9985309839
0.9951632023
0.9978767633
0.9976508617
0.9983840585
0.9990186691
0.9980592728
0.9978984594
0.9982749224
0.9985673428
0.9981726408
0.9977402687
0.9976075888
0.9987550974
0.9972263575
0.9985210896
0.9984592795
0.9980997443
0.9967769980
0.9978381991
0.9978967905
0.9972298741
0.9988024235
0.9986388683
0.9985777140
0.9981283545
0.9983208179
0.9975782633
0.9985088706
0.9970803261
0.9978212714
0.9991778135
0.9986203313
0.9973978996
0.9977543354
0.9977315068
0.9982508421
0.9986388683
0.9988706112
0.9982683659
0.9969382882
0.9971310496
0.9969984889
0.9978151321
0.9984753132
0.9983830452
0.9967411757
0.9981302023
0.9985197783
0.9985296726
0.9977447391
0.9977576137
0.9979448318
0.9987158179
0.9985792041
0.9981046915
0.9983257055
0.9971265197
0.9971243143
0.9972588420
0.9973214269
0.9976683855
0.9975141883
0.9985488653
0.9972875118
0.9985163808
0.9975504875
0.9982321262
0.9977132678
0.9981396198
0.9976986051
0.9988023639
0.9981541634
0.9981196523
0.9983541965
0.9987329841
0.9982026815
0.9980925322
0.9976136684
0.9983935952
0.9976480603
0.9963183403
0.9960117340
0.9986601472
0.9982850552
0.9983510971
0.9979871511
0.9971372485
0.9979835749
0.9975970984
0.9982908368
0.9975540638
0.9977903366
0.9985233545
0.9978553057
0.9982986450
0.9974195957
0.9977290630
0.9988203645
0.9984585047
0.9982284307
0.9974945784
0.9985951185
0.9976044893
0.9979276061
0.9974130392
0.9979347587
0.9972026348
0.9979457855
0.9981361032
0.9966638088
0.9974970222
0.9961740375
0.9979984760
0.9980431795
0.9975954294
0.9969935417
0.9977955222
0.9974049926
0.9988267422
0.9973429441
0.9976977110
0.9982228279
0.9979097843
0.9978567362
0.9970672131
0.9980673790
0.9977451563
0.9971103668
0.9988114834
0.9976314902
0.9970142841
0.9970892668
0.9984160662
0.9979960322
0.9986351728
0.9970149398
0.9980178475
0.9980629086
0.9979640245
0.9973793030
0.9974825382
0.9983560443
0.9979431629
0.9988293648
0.9985251427
0.9989528656
0.9979546070
0.9967993498
0.9989899993
0.9977964163
0.9986895919
0.9984951615
0.9977207184
0.9967544079
0.9974976778
0.9987187982
0.9981250763
0.9980280399
0.9963978529
0.9979543686
0.9982560873
0.9978135824
0.9982848167
0.9975544214
0.9983487129
0.9984236956
0.9980816245
0.9965395927
0.9975734353
0.9964727759
0.9980711937
0.9980638027
0.9975227118
0.9980006218
0.9981691241
0.9978006482
0.9960558414
0.9978621602
0.9985284805
0.9984272718
0.9975984097
0.9961134791
0.9978028536
0.9972411990
0.9966108799
0.9969044924
0.9959479570
0.9980245829
0.9982967973
0.9985254407
0.9979251027
0.9964776039
0.9979081750
0.9982622862
0.9984470606
0.9980678558
0.9975026846
0.9976316094
0.9981434345
0.9983879328
0.9988117218
0.9984356165
0.9972531796
0.9962929487
0.9989913702
0.9977648258
0.9974641800
0.9977313876
0.9982090592
0.9985674024
0.9970027208
0.9985738993
0.9978556633
0.9954812527
0.9980289340
0.9977768660
0.9976658821
0.9971851110
0.9984999299
0.9977793097
0.9981799126
0.9972990751
0.9980727434
0.9974434376
0.9973708391
0.9984037876
0.9973364472
0.9962065220
0.9975358248
0.9979269505
0.9980301261
0.9978069663
0.9980543852
0.9984413385
0.9973484278
0.9980540872
0.9975114465
0.9988008142
0.9982625246
0.9982984662
0.9975917339
0.9972409010
0.9983131886
0.9978997111
0.9986293316
0.9959464073
0.9977836609
0.9973009825
0.9976191521
0.9980996847
0.9963148832
0.9981410503
0.9985051155
0.9970152378
0.9964448214
0.9985058308
0.9980050325
0.9980848432
0.9972207546
0.9982759953
0.9968764782
0.9985042214
0.9975429773
0.9987736940
0.9969224930
0.9968155622
0.9982713461
0.9974707365
0.9978879690
0.9977014065
0.9983070493
0.9977880716
0.9966427088
0.9973853230
0.9978597164
0.9983608127
0.9955711961
0.9983024001
0.9973750114
0.9979322553
0.9982250929
0.9978832603
0.9971467257
0.9986650944
0.9984986782
0.9975803494
0.9984116554
0.9983178377
0.9978292584
0.9969756007
0.9981697798
0.9972483516
0.9970416427
0.9976991415
0.9972940087
0.9986595511
0.9980978966
0.9973377585
0.9970709085
0.9975932837
0.9981211424
0.9992338419
0.9977146983
0.9964154959
0.9987329245
0.9978524446
0.9976386428
0.9977139235
0.9976318479
0.9983017445
0.9987509251
0.9983361959
0.9981048107
0.9983001351
0.9967973828
0.9985892773
0.9977520704
0.9976158142
0.9969930053
0.9979340434
0.9981352091
0.9979639053
0.9970928431
0.9966003299
0.9978640079
0.9988175631
0.9983495474
0.9965315461
0.9988415241
0.9976585507
0.9981596470
0.9980846643
0.9976372719
0.9965258241
0.9988201261
0.9970954657
0.9971948862
0.9982177615
0.9971239567
0.9960044622
0.9979211688
0.9988756180
0.9985865355
0.9974460006
0.9968138337
0.9985084534
0.9971393347
0.9972740412
0.9972755909
0.9981652498
0.9984357357
0.9977040291
0.9984540939
0.9978114367
0.9985465407
0.9981838465
0.9966469407
0.9969186783
0.9983918071
0.9981994629
0.9977927208
0.9964170456
0.9974902868
0.9962466955
0.9976471663
0.9983369112
0.9961942434
0.9979659915
0.9982961416
0.9975123405
0.9979326129
0.9973346591
0.9986282587
0.9978848100
0.9977301359
0.9966185689
0.9985171556
0.9986858964
0.9988683462
0.9984650612
0.9971860051
0.9983556867
0.9980646372
0.9976854324
0.9971127510
0.9955846071
0.9970362186
0.9956749678
0.9981834888
0.9971019030
0.9968090653
0.9972435236
0.9979181290
0.9980454445
0.9970786572
0.9974160790
0.9974998832
0.9981063604
0.9975515604
0.9978749752
0.9963957071
0.9982473850
0.9962663054
0.9986449480
0.9978169203
0.9979839325
0.9966697097
0.9986137748
0.9986984730
0.9980262518
0.9984278679
0.9973641038
0.9984858036
0.9976992607
0.9972472787
0.9977158904
0.9986902475
0.9977624416
0.9977056980
0.9975874424
0.9978649616
0.9972419739
0.9978593588
0.9982553720
0.9979723692
0.9959670901
0.9972209930
0.9993417859
0.9991676807
0.9974272847
0.9991027713
0.9970487356
0.9979152679
0.9975361824
0.9986050129
0.9975517988
0.9990450144
0.9970301986
0.9975578785
0.9987040758
0.9970025420
0.9969434738
0.9982955456
0.9985033274
0.9985877872
0.9983109236
0.9981191158
0.9975366592
0.9976110458
0.9959432483
0.9975457191
0.9972605109
0.9976854324
0.9984886646
0.9979325533
0.9959360361
0.9953013062
0.9987722635
0.9980423450
0.9980448484
0.9986481667
0.9985383153
0.9978148937
0.9968632460
0.9968832135
0.9984544516
0.9973328114
0.9983838201
0.9982581139
0.9977917075
0.9990042448
0.9988765717
0.9958876967
0.9963014722
0.9985725880
0.9986439943
0.9984887838
0.9980739355
0.9973139763
0.9980864525
0.9988468289
0.9985308647
0.9949628115
0.9972817898
0.9972803593
0.9982651472
0.9987528324
0.9967120886
0.9961302280
0.9983547926
0.9977975488
0.9981557131
0.9973380566
0.9965475798
0.9982156754
0.9979832172
0.9974314570
0.9979417920
0.9971979260
0.9979251623
0.9989644289
0.9980443716
0.9979197383
0.9979261160
0.9990034103
0.9978531003
0.9972922206
0.9982071519
0.9988981485
0.9979405403
0.9984724522
0.9982250929
0.9975056648
0.9962915182
0.9978410602
0.9985885024
0.9980874062
0.9985209703
0.9983911514
0.9985121489
0.9973640442
0.9971604943
0.9962948561
0.9977716804
0.9977575541
0.9979363680
0.9967226982
0.9962151647
0.9968335032
0.9979232550
0.9978256226
0.9977467060
0.9981416464
0.9986928701
0.9969494343
0.9960238934
0.9985508919
0.9961265326
0.9982554913
0.9968357086
0.9982416034
0.9975807667
0.9982304573
0.9965887666
0.9966997504
0.9980570078
0.9954816103
0.9980038404
0.9980341196
0.9979229569
0.9977003336
0.9976654649
0.9975930452
0.9971933365
0.9987483025
0.9985740185
0.9978963733
0.9969115257
0.9969106913
0.9988046885
0.9981328249
0.9983361959
0.9973230362
0.9968277812
0.9979310036
0.9974772334
0.9976659417
0.9975190759
0.9975327253
0.9977985620
0.9989804029
0.9978047609
0.9978643656
0.9975781441
0.9987701178
0.9973686934
0.9976748228
0.9976563454
0.9980558753
0.9986703992
0.9982724786
0.9968688488
0.9969037175
0.9975394011
0.9971524477
0.9985769987
0.9970532060
0.9978369474
0.9985051155
0.9986678958
0.9983751774
0.9979043007
0.9980016947
0.9983158112
0.9975821376
0.9971908927
0.9985995293
0.9969260693
0.9986445904
0.9975824356
0.9595964551
0.9662488699
0.9629699588
0.9778751135
0.9610947967
0.9683113098
0.9683973789
0.9609001875
0.9620844722
0.9623199701
0.9656307101
0.9673677087
0.9699963927
0.9693757892
0.9726069570
0.9693804979
0.9668737650
0.9663475752
0.9663228989
0.9777235985
0.9599652290
0.9681780338
0.9603051543
0.9645172358
0.9704920053
0.9674180746
0.9639241099
0.9624103308
0.9629911184
0.9646245837
0.9631702900
0.9649782181
0.9642411470
0.9570937157
0.9646832943
0.9591872692
0.9608579278
0.9641079903
0.9652945399
0.9784312248
0.9626699686
0.9674966335
0.9683265686
0.9646326303
0.9658488035
0.9726290703
0.9735053778
0.9722777605
0.9640145302
0.9728407860
0.9754201174
0.9627036452
0.9597050548
0.9695193768
0.9643020630
0.9681839943
0.9595904946
0.9640382528
0.9641393423
0.9738173485
0.9738861918
0.9689090252
0.9677546620
0.9644005299
0.9604919553
0.9702507854
0.9638512135
0.9759193659
0.9688470364
0.9705433249
0.9485611320
0.9668957591
0.9593780637
0.9685901403
0.9696086049
0.9628206491
0.9583038092
0.9662158489
0.9539699554
0.9627692699
0.9696168900
0.9577828646
0.9713441133
0.9614696503
0.9713271260
0.9641433954
0.9707647562
0.9675347805
0.9703313112
0.9652663469
0.9594184756
0.9704659581
0.9626201987
0.9812399149
0.9701094627
0.9616948366
0.9620763659
0.9766286612
0.9611539841
0.9755830765
0.9678342342
0.9664890766
0.9705048800
0.9700597525
0.9535176754
0.9678927660
0.9678952694
0.9723387361
0.9815702438
0.9696204662
0.9716725349
0.9650377035
0.9715044498
0.9709185958
0.9625266790
0.9639978409
0.9727915525
0.9659506083
0.9728810787
0.9660511613
0.9685597420
0.9596034288
0.9671105146
0.9658758640
0.9608433247
0.9739004374
0.9719859362
0.9701020718
0.9709780216
0.9709119797
0.9624686241
0.9711356163
0.9633632898
0.9685890675
0.9789959192
0.9724267721
0.9644987583
0.9675872326
0.9687277079
0.9715428352
0.9723492861
0.9744186401
0.9725911617
0.9651185274
0.9588856697
0.9633949399
0.9685349464
0.9714422226
0.9697492123
0.9606086612
0.9721878767
0.9732930660
0.9724453688
0.9637500048
0.9648622870
0.9652194977
0.9759502411
0.9706817269
0.9664460421
0.9691348076
0.9625212550
0.9546388388
0.9673638940
0.9638153315
0.9677461386
0.9616270065
0.9717469215
0.9598752260
0.9721502662
0.9596995115
0.9683251381
0.9592685103
0.9713776708
0.9644286633
0.9765816331
0.9703232050
0.9601033926
0.9698802233
0.9747555256
0.9680060148
0.9711136222
0.9667823315
0.9680390358
0.9687247276
0.9514564872
0.9550962448
0.9756557345
0.9673525095
0.9766932726
0.9678694010
0.9665477276
0.9723259211
0.9646261930
0.9689753056
0.9686882496
0.9698727131
0.9694089890
0.9654411674
0.9706466198
0.9565430880
0.9630136490
0.9722638130
0.9713509679
0.9720623493
0.9585947990
0.9704294205
0.9647560120
0.9662296772
0.9699542522
0.9677221775
0.9660678506
0.9664513469
0.9695016146
0.9595505595
0.9580642581
0.9572585821
0.9665595293
0.9693425894
0.9692205191
0.9579555988
0.9653909802
0.9663096666
0.9764441252
0.9577591419
0.9680351019
0.9677027464
0.9620189071
0.9638979435
0.9631036520
0.9690493345
0.9634203911
0.9670192003
0.9788151383
0.9622982144
0.9567093849
0.9602771401
0.9687638879
0.9730582237
0.9742349386
0.9589058161
0.9617904425
0.9635697007
0.9672614336
0.9652841091
0.9653732181
0.9710049629
0.9636985660
0.9731130600
0.9669862986
0.9740301371
0.9663132429
0.9665460587
0.9770511389
0.9698693752
0.9769628048
0.9709786773
0.9664928913
0.9616410732
0.9640132189
0.9715867639
0.9664674997
0.9641310573
0.9588049650
0.9667570591
0.9677898884
0.9712862372
0.9718906879
0.9621216059
0.9681209326
0.9664180279
0.9687266350
0.9547935724
0.9607708454
0.9573279023
0.9698383808
0.9705020785
0.9632537365
0.9645309448
0.9716790915
0.9609413147
0.9594904184
0.9688493609
0.9706432819
0.9708740711
0.9713413119
0.9541569948
0.9680798650
0.9623289108
0.9566546679
0.9626387358
0.9497818947
0.9654943943
0.9703620672
0.9668797255
0.9700277448
0.9522485733
0.9667163491
0.9723255634
0.9725904465
0.9677954316
0.9644690156
0.9642394185
0.9715840816
0.9697804451
0.9731503725
0.9747464657
0.9567512870
0.9580110312
0.9776000977
0.9673548937
0.9622228146
0.9690335989
0.9710732698
0.9707121849
0.9645445943
0.9714549780
0.9675794244
0.9518722296
0.9651265144
0.9683051109
0.9674772024
0.9651554823
0.9722929597
0.9639012218
0.9681824446
0.9588829279
0.9610310793
0.9643694162
0.9639378786
0.9699711204
0.9608653784
0.9556336403
0.9672847390
0.9716842175
0.9682431221
0.9658033848
0.9613942504
0.9687298536
0.9618591070
0.9614537954
0.9603477716
0.9723581076
0.9725087881
0.9720071554
0.9669432640
0.9630983472
0.9710606933
0.9715197682
0.9683727026
0.9600999355
0.9639785290
0.9656643867
0.9599558115
0.9660657644
0.9595022798
0.9687933922
0.9708491564
0.9577405453
0.9593622684
0.9705035686
0.9635671973
0.9708454609
0.9626593590
0.9725825787
0.9611641169
0.9717893600
0.9621832371
0.9736218452
0.9628410935
0.9556878209
0.9691026211
0.9590034485
0.9694480300
0.9647334218
0.9725782275
0.9625192285
0.9602850676
0.9671066999
0.9643620253
0.9715148211
0.9562847614
0.9684054852
0.9574320316
0.9686239958
0.9696178436
0.9613015652
0.9602693319
0.9712701440
0.9684422016
0.9699888229
0.9720646143
0.9712268114
0.9693584442
0.9636836648
0.9660307169
0.9669002295
0.9637981653
0.9643614888
0.9675785303
0.9720472693
0.9705951214
0.9672648907
0.9587395787
0.9639014006
0.9699655175
0.9826853275
0.9662943482
0.9598453045
0.9749846458
0.9679474831
0.9611197710
0.9656075239
0.9678784609
0.9718708992
0.9735450745
0.9667513371
0.9727125764
0.9646739960
0.9557858109
0.9721757770
0.9638965130
0.9647791386
0.9603332877
0.9674259424
0.9681056738
0.9648035765
0.9581381083
0.9622703791
0.9658589959
0.9752995372
0.9710043669
0.9624091983
0.9723833799
0.9666278362
0.9669754505
0.9675196409
0.9578706026
0.9626072645
0.9717577100
0.9625193477
0.9550349712
0.9691661596
0.9637914896
0.9544966221
0.9652022123
0.9756348133
0.9726699591
0.9637395740
0.9587235451
0.9709948301
0.9633340836
0.9636084437
0.9647229910
0.9704514742
0.9705029726
0.9620357752
0.9735821486
0.9660733938
0.9694588780
0.9711390734
0.9595686197
0.9600281715
0.9665065408
0.9666169882
0.9696829319
0.9580626488
0.9652086496
0.9555214643
0.9695519209
0.9662163258
0.9591306448
0.9647705555
0.9731594324
0.9649405479
0.9679750800
0.9670415521
0.9751684070
0.9656084776
0.9661962986
0.9570143223
0.9645134211
0.9703010321
0.9776070118
0.9675524235
0.9623849392
0.9666693807
0.9669646621
0.9583307505
0.9630138874
0.9546190500
0.9594894648
0.9598591328
0.9662343264
0.9583771229
0.9586010575
0.9643003941
0.9683398008
0.9658387303
0.9663631916
0.9679074287
0.9628696442
0.9698154926
0.9639978409
0.9674320221
0.9612774253
0.9668458104
0.9576582909
0.9744826555
0.9650569558
0.9659100175
0.9652805328
0.9757844210
0.9767993689
0.9658685923
0.9724650979
0.9620850086
0.9714390039
0.9587156177
0.9636038542
0.9616714716
0.9717478752
0.9686957598
0.9644527435
0.9685120583
0.9636887312
0.9571514130
0.9645019770
0.9667651653
0.9643922448
0.9545986652
0.9636117220
0.9775217772
0.9778149128
0.9645118713
0.9754027128
0.9671707749
0.9594635367
0.9626480937
0.9734061360
0.9606769085
0.9764370322
0.9634634256
0.9616720676
0.9761164188
0.9629360437
0.9557954669
0.9690066576
0.9715353251
0.9738029838
0.9694600105
0.9665769339
0.9683905840
0.9618370533
0.9590827227
0.9630334377
0.9639608860
0.9655773640
0.9679623842
0.9686540961
0.9580845833
0.9515846968
0.9770799279
0.9643880129
0.9678158760
0.9730752707
0.9736406803
0.9648846388
0.9596473575
0.9609406590
0.9721791744
0.9658066034
0.9678397179
0.9692785740
0.9675718546
0.9782612324
0.9801609516
0.9514262080
0.9588103294
0.9709624648
0.9745203257
0.9705679417
0.9676856399
0.9594441652
0.9682450294
0.9762291908
0.9694337845
0.9565273523
0.9622884989
0.9652162194
0.9738415480
0.9781773090
0.9611309767
0.9517558217
0.9617009163
0.9609586596
0.9673020244
0.9679866433
0.9645710588
0.9702707529
0.9666177034
0.9560208321
0.9722214937
0.9591490626
0.9677501917
0.9747992754
0.9661276340
0.9598720670
0.9652168155
0.9759802818
0.9684224129
0.9619876146
0.9665735960
0.9736304879
0.9707174301
0.9687771797
0.9698882699
0.9666511416
0.9525293708
0.9681016207
0.9715102315
0.9650545716
0.9715981483
0.9720263481
0.9709614515
0.9607725143
0.9620313048
0.9563919306
0.9686957002
0.9658969641
0.9675868750
0.9604328871
0.9533096552
0.9623323679
0.9702636003
0.9673671722
0.9713780880
0.9672516584
0.9712709188
0.9636718035
0.9636019468
0.9717799425
0.9562744498
0.9718982577
0.9566186666
0.9698604941
0.9658205509
0.9729587436
0.9587022066
0.9663929939
0.9686882496
0.9517812729
0.9681726694
0.9670885801
0.9661356211
0.9629678726
0.9654535055
0.9628177881
0.9608457088
0.9726037979
0.9708676338
0.9634518623
0.9621267319
0.9606107473
0.9762356877
0.9694275260
0.9656779766
0.9633705020
0.9576083422
0.9635917544
0.9635655880
0.9659569263
0.9618766904
0.9629613161
0.9709210396
0.9744129181
0.9628416300
0.9683586359
0.9644741416
0.9753049612
0.9637945890
0.9639157057
0.9652740955
0.9643563628
0.9752126932
0.9688836932
0.9637551904
0.9648833871
0.9657099247
0.9605801702
0.9726511836
0.9586603642
0.9705479145
0.9687656164
0.9706883430
0.9702181816
0.9662235975
0.9686048031
0.9722082615
0.9623500109
0.9584552050
0.9736513495
0.9598715305
0.9742029905
0.9641314745
0.9128354788
0.9092612863
0.9207478762
0.9446069002
0.9272141457
0.9114292264
0.9250371456
0.9155516624
0.9247294068
0.9180923700
0.9135396481
0.9137510657
0.9340378642
0.9285680652
0.9371240735
0.9273956418
0.9218560457
0.9165775776
0.9240287542
0.9412523508
0.9166451693
0.9294360876
0.9162098169
0.9053314924
0.9274250269
0.9296099544
0.9197555780
0.9157881737
0.9132081270
0.9204169512
0.9151207805
0.8987172842
0.9119355679
0.9150041342
0.9192825556
0.9117348194
0.9250283241
0.9140397906
0.9256547689
0.9395344257
0.9089378119
0.9175206423
0.9246616364
0.9207265377
0.9164339304
0.9327521920
0.9312151074
0.9336588383
0.9268269539
0.9354768395
0.9356817603
0.9150138497
0.9162204266
0.9269943237
0.9174156189
0.9241796732
0.9202115536
0.9215983152
0.9142759442
0.9315878153
0.9348695874
0.9273680449
0.9218850136
0.9187451601
0.9180788994
0.9241126180
0.9252306819
0.9323366880
0.9363927245
0.9363291264
0.9022839665
0.9268760085
0.9187555909
0.9323747754
0.9302034378
0.9134979248
0.9024528265
0.9183084965
0.9074255228
0.9175781012
0.9259313941
0.9108240008
0.9291886091
0.9210573435
0.9273494482
0.9265872240
0.9262704253
0.9297811985
0.9311050177
0.9203324318
0.9143686295
0.9274776578
0.9297446609
0.9450092912
0.9263599515
0.9183954597
0.9114589691
0.9423304796
0.9133557677
0.9358430505
0.9247782826
0.9196418524
0.9292894006
0.9229568243
0.9013912082
0.9278462529
0.9215478897
0.9292912483
0.9518139362
0.9287450910
0.9317996502
0.9218545556
0.9308338761
0.9243837595
0.9164232016
0.9206066132
0.9323606491
0.9139316678
0.9396661520
0.9242790341
0.9338194728
0.9146020412
0.9234417677
0.9349001646
0.9160703421
0.9305856228
0.9299085140
0.9321333170
0.9306426644
0.9306560755
0.9132085443
0.9275193810
0.9200507402
0.9198939204
0.9377090931
0.9313615561
0.9169833660
0.9281796217
0.9292768240
0.9263333082
0.9273574352
0.9274118543
0.9355012178
0.9220030904
0.9126982689
0.9069328308
0.9307494164
0.9292718768
0.9287250042
0.9124907255
0.9257464409
0.9397010803
0.9306334257
0.9238249063
0.9219064116
0.9229024053
0.9420976639
0.9286557436
0.9188348651
0.9258905649
0.9071156979
0.9136534929
0.9176853299
0.9149397016
0.9163247943
0.9179247618
0.9271726608
0.9040904045
0.9290339947
0.9227957726
0.9278255105
0.9177750945
0.9379721880
0.9104395509
0.9269921780
0.9241585135
0.9157596827
0.9294865131
0.9339132309
0.9219855070
0.9269015789
0.9181193113
0.9268433452
0.9243187904
0.8968785405
0.9053695202
0.9380021095
0.9314859509
0.9369527102
0.9166713953
0.9089313745
0.9216128588
0.9073226452
0.9218844175
0.9233202934
0.9335160255
0.9302147627
0.9202126265
0.9217150807
0.9145886898
0.9205036163
0.9373291135
0.9240596294
0.9237616062
0.9012069702
0.9279136658
0.9211847782
0.9060585499
0.9326403141
0.9295915365
0.9301824570
0.9274948835
0.9237155914
0.9170633554
0.9160107374
0.9138599038
0.9194539785
0.9339194894
0.9203069210
0.9186816216
0.9245724678
0.9235150814
0.9409999847
0.9213776588
0.9201860428
0.9256688356
0.9110132456
0.9197392464
0.9129017591
0.9281523228
0.9182168841
0.9208398461
0.9413447380
0.9218324423
0.9074244499
0.9198451042
0.9321388006
0.9331597090
0.9360201955
0.9145603180
0.9062976837
0.9243516922
0.9249174595
0.9134820104
0.9115672708
0.9318578243
0.9202651978
0.9310171604
0.9255850315
0.9391281009
0.9277631044
0.9137895107
0.9419730902
0.9252216816
0.9339037538
0.9344578981
0.9309866428
0.9099339843
0.9258126616
0.9270992279
0.9076292515
0.9194048643
0.9072046280
0.9176574945
0.9244220257
0.9225939512
0.9253466725
0.9191900492
0.9275844097
0.9170934558
0.9240451455
0.9170012474
0.9082972407
0.9051254988
0.9262428284
0.9213943481
0.9218327999
0.9243604541
0.9337835312
0.9184824228
0.9086359739
0.9256969690
0.9267435074
0.9332814217
0.9275480509
0.9032832384
0.9291003346
0.9197962284
0.9067610502
0.9106928706
0.9008115530
0.9186596274
0.9292520285
0.9260381460
0.9282188416
0.9053298831
0.9262233973
0.9305853248
0.9393358231
0.9262489676
0.9165554047
0.9284442663
0.9273856878
0.9157772660
0.9363068342
0.9297978878
0.9122121334
0.9029589891
0.9361212254
0.9229894876
0.9109110832
0.9168767929
0.9280169606
0.9250133038
0.9187746048
0.9335858822
0.9180275798
0.9036493897
0.9174826145
0.9272640944
0.9156646729
0.9184870720
0.9272333384
0.9170339704
0.9188144207
0.9117179513
0.9182314873
0.9201989174
0.9153428078
0.9357501268
0.9195278883
0.9116950631
0.9119942784
0.9233880043
0.9203214645
0.9221979380
0.9173700213
0.9247124195
0.9259092808
0.9213206172
0.9177953005
0.9305480719
0.9259924293
0.9313405156
0.9260120392
0.9239550829
0.9307314157
0.9320213795
0.9280496836
0.9055497646
0.9180490971
0.9146006107
0.9195233583
0.9298793077
0.9158216715
0.9304728508
0.9255893230
0.9048752785
0.9052740335
0.9306588769
0.9167577028
0.9315096140
0.9193704128
0.9264225960
0.9180448055
0.9322618842
0.9143913388
0.9353475571
0.9160696864
0.9093759060
0.9305139780
0.9177471995
0.9236955643
0.9259238243
0.9337833524
0.9192105532
0.9107357264
0.9240389466
0.9164239168
0.9308695793
0.9188668728
0.9236266613
0.9032837152
0.9249744415
0.9297415614
0.9203128815
0.9103481770
0.9290801883
0.9308810234
0.9244590998
0.9325362444
0.9256721735
0.9286986589
0.9138197899
0.9215328693
0.9157560468
0.9196010232
0.9077462554
0.9209074378
0.9359338880
0.9218530655
0.9181392789
0.9187151790
0.9159867764
0.9290276766
0.9467854500
0.9177827835
0.9112351537
0.9366305470
0.9262596369
0.9151861668
0.9181622267
0.9168848991
0.9215843678
0.9278209209
0.9224266410
0.9314557314
0.9242190719
0.9022233486
0.9365501404
0.9197872877
0.9158052206
0.9106504917
0.9248062968
0.9236521721
0.9133526087
0.9118555188
0.9206365347
0.9267717004
0.9378167391
0.9177894592
0.9103639722
0.9365003109
0.9275095463
0.9313762188
0.9189188480
0.9135690928
0.9046533108
0.9381162524
0.9099100232
0.9078410864
0.9260629416
0.9071733952
0.9122279882
0.9165031910
0.9382064342
0.9255443811
0.9166173935
0.9084509611
0.9281177521
0.9161351919
0.9188146591
0.9181656837
0.9184695482
0.9239726663
0.9263836741
0.9335434437
0.9257225990
0.9316308498
0.9223145843
0.9105396271
0.9087071419
0.9147522449
0.9245260954
0.9262872934
0.9027369022
0.9195781350
0.9144207835
0.9260729551
0.9308063984
0.8970716000
0.9191182852
0.9270542860
0.9186645746
0.9224386811
0.9217709303
0.9329284430
0.9226166010
0.9212470055
0.9105503559
0.9223456383
0.9227298498
0.9397416711
0.9293514490
0.9226158857
0.9328725934
0.9122308493
0.9206004143
0.9182183743
0.9089499116
0.9170001149
0.9125398397
0.9237025380
0.9178606272
0.9122753143
0.9174608588
0.9252051115
0.9193603992
0.9194070101
0.9251031876
0.9143871069
0.9291038513
0.9146502018
0.9232769608
0.9165945053
0.9282291532
0.9041339159
0.9253942966
0.9220566750
0.9183052778
0.9184370041
0.9296520948
0.9347643256
0.9158072472
0.9378478527
0.9196985960
0.9359979630
0.9097167253
0.9168458581
0.9162608385
0.9302108884
0.9179816246
0.9265407324
0.9189677238
0.9197460413
0.9117803574
0.9175643325
0.9209511876
0.9163239002
0.9135518074
0.9208812118
0.9442818165
0.9470879436
0.9204523563
0.9388508201
0.9228885174
0.9247775078
0.9249175787
0.9287064075
0.9224134684
0.9372724891
0.9253365993
0.9221383929
0.9395269156
0.9170200825
0.9074330330
0.9304259419
0.9323670268
0.9282902479
0.9290822744
0.9205600619
0.9170615673
0.9167233706
0.9107364416
0.9177469015
0.9181488752
0.9221054316
0.9224345684
0.9229373932
0.9085911512
0.9051637650
0.9401670098
0.9303451777
0.9230532646
0.9299860597
0.9419023991
0.9185653329
0.9093269110
0.9128938317
0.9338735938
0.9200131893
0.9349790812
0.9244934320
0.9283586740
0.9393365383
0.9421464801
0.8945102692
0.9027708769
0.9308092594
0.9374318123
0.9269056916
0.9247834682
0.9130029678
0.9250110984
0.9349400997
0.9409281015
0.9010615349
0.9230048060
0.9203611016
0.9250797629
0.9437789917
0.9089547396
0.9039978385
0.9153445363
0.9209350348
0.9255729914
0.9230892062
0.9195610285
0.9205074310
0.9244081974
0.9017972946
0.9218856096
0.9178908467
0.9223487973
0.9366942644
0.9204840660
0.9099811316
0.9267219901
0.9441330433
0.9191547632
0.9172406197
0.9268715978
0.9326927662
0.9287344217
0.9273874760
0.9251683354
0.9222671986
0.9047105908
0.9267212152
0.9265761375
0.9220207334
0.9336943626
0.9322139025
0.9270548224
0.9127579927
0.9164814949
0.9070672989
0.9239051342
0.9258289933
0.9161924124
0.9156876802
0.9084503651
0.9218785763
0.9184608459
0.9201589823
0.9219450355
0.9201356173
0.9406421185
0.9196829200
0.9114310741
0.9308954477
0.8986372948
0.9270620346
0.9116042852
0.9240310788
0.9203315973
0.9313056469
0.9159002304
0.9079786539
0.9249838591
0.9004374743
0.9270280600
0.9197504520
0.9227608442
0.9126412272
0.9207262397
0.9165463448
0.9069876671
0.9320400953
0.9301494956
0.9182728529
0.9064829350
0.9165377617
0.9311252832
0.9210353494
0.9337681532
0.9108459353
0.9032036662
0.9189000130
0.9132306576
0.9209837317
0.9126335382
0.9170592427
0.9323423505
0.9388759136
0.9227817059
0.9236220717
0.9177638292
0.9311776161
0.9109585285
0.9188714623
0.9171284437
0.9230928421
0.9364684820
0.9251499772
0.9234080911
0.9279113412
0.9150440097
0.9202582240
0.9213476777
0.9141047597
0.9226489663
0.9324878454
0.9276303053
0.9299585819
0.9292938709
0.9251272678
0.9196796417
0.9221872091
0.9199829102
0.9332773089
0.9205929041
0.9311612248
0.9254559278
0.8866971135
0.8958599567
0.9108498096
0.9251298904
0.9134389162
0.9026789665
0.9022206068
0.8911279440
0.8909109831
0.9089692831
0.8852341175
0.9045480490
0.9175986052
0.9186474681
0.9196549654
0.9152776003
0.9083127975
0.9018942118
0.9011228085
0.9298429489
0.9036662579
0.9106841087
0.8973532915
0.9033762217
0.9117631912
0.9110409617
0.8996326923
0.9080514312
0.8904659748
0.9021766186
0.9006454349
0.8953965902
0.8923842907
0.8987783194
0.9003670216
0.9049062133
0.9034500122
0.8943743110
0.9172652960
0.9240418673
0.8976451159
0.9119093418
0.9053586721
0.9083772302
0.9206681848
0.9102342129
0.9179109335
0.9174714088
0.9033235908
0.9243937731
0.9344594479
0.9026368856
0.9134013653
0.9024218321
0.9143692255
0.9029754996
0.9104230404
0.9012442827
0.8995630145
0.9175193906
0.9171918631
0.9114443064
0.9097198248
0.8981571198
0.9078871012
0.9103325605
0.9150508642
0.9279882908
0.9194966555
0.9201433659
0.8948904872
0.8895977736
0.8945921659
0.9126425385
0.9224426746
0.9058802128
0.8810583353
0.9030247331
0.8967349529
0.9081330299
0.9141292572
0.8998380303
0.9223287106
0.8977849483
0.9162491560
0.9126060009
0.9242396355
0.9046266079
0.9158255458
0.9192353487
0.9026467800
0.9026597738
0.9052391052
0.9273839593
0.9207885265
0.9000331163
0.8902713060
0.9349521399
0.8953030109
0.9235054255
0.9033371210
0.9089813232
0.9031305313
0.9120745063
0.8830718398
0.9140486717
0.9048837423
0.9111331701
0.9269474745
0.9122259021
0.9171029329
0.8915770054
0.9180134535
0.9092028141
0.9038615227
0.9014471769
0.9279722571
0.9055189490
0.9141595364
0.9192155600
0.9083305597
0.8980352879
0.8870028257
0.9065753222
0.8976830244
0.9107364416
0.9076163173
0.9119523764
0.9036887884
0.9222085476
0.9045995474
0.9094718695
0.8871960640
0.9127236605
0.9199517965
0.9224609137
0.8987894058
0.9122298360
0.9112043381
0.9176800847
0.9242604971
0.9254665375
0.8970159292
0.8913729191
0.9002717733
0.8975622058
0.9190018177
0.9075465202
0.9095951319
0.8828361034
0.8993680477
0.9169459343
0.9167857170
0.9064861536
0.9041689634
0.9038723707
0.9221404195
0.9247375727
0.8929394484
0.9013947845
0.8917615414
0.8965443373
0.8910461664
0.9056725502
0.9040191174
0.9028760195
0.9202045202
0.8934338093
0.9203023911
0.9001494646
0.9037035108
0.8941497803
0.9182054996
0.9099199772
0.9014837742
0.9142023921
0.9089060426
0.9163908362
0.9234556556
0.9116780162
0.9105425477
0.9110294580
0.9202329516
0.9036521912
0.8916365504
0.8952583075
0.9178668261
0.9168788195
0.9183124304
0.8966778517
0.9040730596
0.9128998518
0.8951206207
0.9004915953
0.9205847979
0.9172976017
0.9051146507
0.9124753475
0.9123010635
0.8918470144
0.8985047340
0.9184787869
0.9154741764
0.9092493653
0.9030427933
0.9163055420
0.8989002109
0.9011162519
0.9112972617
0.9058218598
0.9042401314
0.9071089029
0.9035996199
0.9086905122
0.8983657956
0.8988855481
0.9111269712
0.9172501564
0.8965904117
0.8857770562
0.9159792662
0.9099257588
0.9079764485
0.9045957327
0.9091421366
0.9115605354
0.8990278244
0.9034126997
0.8912032843
0.9082645774
0.9068887234
0.9036949873
0.9276424646
0.9191672802
0.9011579752
0.8915911913
0.9120463729
0.9121066332
0.9280139208
0.9096090794
0.9081127644
0.9034328461
0.8967437744
0.9019740820
0.8965631723
0.9171330929
0.9101387858
0.9244394898
0.9039240479
0.9261782765
0.9109978676
0.8781308532
0.9284578562
0.9059703350
0.9240233302
0.9197001457
0.9047464132
0.8994124532
0.9065655470
0.9094578624
0.9114879370
0.8996815681
0.8763341904
0.8943150043
0.8997331858
0.8982453346
0.9124144316
0.9005059004
0.9052346945
0.9001039267
0.9068589211
0.9050304294
0.9001087546
0.8872511387
0.9074695110
0.8959565163
0.9022775292
0.9104917049
0.9126477242
0.9008225203
0.8802256584
0.9035854936
0.9146726131
0.9215894938
0.9091244936
0.8943806887
0.8943044543
0.9002102017
0.9051333666
0.8899527192
0.8965337873
0.8972155452
0.9167484045
0.9224961400
0.9174082279
0.8893648386
0.9158599377
0.9015841484
0.9183176160
0.9126703739
0.9060301781
0.9127669930
0.9133268595
0.9026851654
0.9290227890
0.9147760272
0.8878908157
0.8906081915
0.9284562469
0.9001815319
0.8986459374
0.8898931146
0.9172059298
0.9108892679
0.9038784504
0.9216063023
0.8973156214
0.8855504990
0.8942921162
0.9165487885
0.9101057053
0.9162572622
0.9162532091
0.9022958279
0.9019857645
0.9041819572
0.9106135964
0.9145703316
0.9011045694
0.9118807316
0.9049057961
0.8839569092
0.8928609490
0.9083930254
0.9024866819
0.9125487804
0.9109302759
0.9179433584
0.8976497054
0.8982723951
0.9061211348
0.9105102420
0.9069076777
0.9196137190
0.9035112858
0.9200462103
0.9238874912
0.9087375402
0.9173291922
0.8912248611
0.9030225873
0.9073969126
0.9043082595
0.9060420990
0.8917074203
0.9094045162
0.9074493647
0.8910430670
0.8863080740
0.9170566797
0.9084982276
0.9073628187
0.9098898172
0.9170792103
0.8941688538
0.9188144803
0.9002363682
0.9211237431
0.9049707651
0.8863593340
0.9008623362
0.9054033756
0.8889752626
0.9154697061
0.9151667356
0.9084209800
0.9100798368
0.9028664827
0.9004933238
0.8993671536
0.8975251913
0.8908584118
0.8960843086
0.9063187242
0.9107251167
0.8945311308
0.8903846741
0.9127928019
0.9125932455
0.9028002024
0.9086298943
0.9138796329
0.9105169773
0.8996059895
0.9130010605
0.9023865461
0.8889718056
0.8945671916
0.8964992762
0.9257861972
0.9091653824
0.9062030911
0.8924084306
0.9106878042
0.9177188873
0.9385412931
0.9087296724
0.8900423646
0.9223638773
0.9038326144
0.9092023373
0.9106592536
0.9023603201
0.9121845961
0.9143632650
0.9118542075
0.9160431623
0.9030572772
0.8886832595
0.9197168946
0.9015597701
0.9071268439
0.8928210139
0.9041107893
0.9223829508
0.8992635012
0.9008001089
0.8974102736
0.9062329531
0.9132710695
0.9079893827
0.8966797590
0.9212819934
0.8964089751
0.9116392136
0.9029003978
0.8953315616
0.9022437334
0.9164949656
0.8928204179
0.8896490335
0.9141848087
0.8936096430
0.8949308395
0.9058282971
0.9223614931
0.9060006142
0.9047537446
0.9034525156
0.9106508493
0.9190082550
0.8916394711
0.8892646432
0.9072418213
0.8976894617
0.9161510468
0.9150559902
0.9071584940
0.9066730738
0.9102025032
0.9031018019
0.8952614069
0.8990721107
0.9190692902
0.9075276852
0.8970324993
0.9073240161
0.8853255510
0.9180423021
0.9116734862
0.8933755159
0.8968355656
0.9142678976
0.9051278234
0.9125030041
0.8999674916
0.9202123880
0.9165401459
0.8885282278
0.8952616453
0.9061998129
0.9146560431
0.9244885445
0.9115839005
0.9060958624
0.9133958817
0.8973109126
0.9019353390
0.9038385153
0.9008754492
0.9057331085
0.8906233311
0.9070529342
0.8942233324
0.8905061483
0.9208620787
0.9139072895
0.8961038589
0.9006401300
0.9154900312
0.8968269825
0.9118692279
0.8869806528
0.9029959440
0.9013918042
0.9192512631
0.8970306516
0.9175156355
0.9135234356
0.9141399860
0.8968401551
0.9127822518
0.9150643945
0.9017736912
0.9211211205
0.9065408707
0.9183677435
0.8999626637
0.8836118579
0.9161957502
0.9148309827
0.9056460857
0.9014545083
0.9011774063
0.9172825217
0.8911197186
0.9096206427
0.8886320591
0.9000313282
0.8881798983
0.9086037874
0.9340472221
0.9305734634
0.8978456855
0.9310182333
0.9041405320
0.9190912247
0.9040080309
0.9113991261
0.9016698003
0.9262108803
0.9040552378
0.8979837894
0.9241112471
0.8976285458
0.8950130939
0.8968490362
0.9062496424
0.9051907659
0.9135863781
0.9116249084
0.9086482525
0.9068054557
0.8992159367
0.9138029814
0.8891309500
0.9062300920
0.9007421732
0.9055893421
0.8897342682
0.8927837610
0.9196537137
0.9191484451
0.8985069394
0.9040205479
0.9215680361
0.8973398805
0.8915418983
0.8881697059
0.9131335616
0.8941147923
0.9082765579
0.9175140858
0.9062820077
0.9339259863
0.9364414811
0.8995922804
0.9011653662
0.9196897745
0.9203022718
0.9030267000
0.9108692408
0.9023529291
0.9077551961
0.9183145761
0.9183824062
0.8845047951
0.9116593599
0.9055364132
0.9082385898
0.9261566401
0.8971496820
0.8932992220
0.9036928415
0.9059357643
0.9176580310
0.9100958109
0.8901078701
0.8979098201
0.9251371622
0.8994328976
0.8848612309
0.9093523622
0.9000241756
0.9134988785
0.9077830315
0.9107629061
0.9111132026
0.9271990061
0.9079171419
0.8968542814
0.9002460837
0.9052882195
0.9086784124
0.9115177393
0.9003020525
0.9032168388
0.8877801895
0.9068804383
0.9170846343
0.9141845107
0.9156751633
0.9005571604
0.9013481736
0.8890302181
0.9028967619
0.8739108443
0.9010447860
0.9010013342
0.9147544503
0.9180749655
0.8914152384
0.9052702188
0.9006768465
0.9025443196
0.9086833000
0.9241994619
0.9256089926
0.9165689945
0.8938851357
0.9180809259
0.9027489424
0.9157849550
0.9031346440
0.9055891633
0.8990072012
0.9164638519
0.8949624300
0.8900947571
0.9182954431
0.8835957050
0.9081751108
0.9102233052
0.8978987336
0.8853701949
0.8941789269
0.9066544771
0.9026488066
0.9046759605
0.9042691588
0.8990643024
0.8920418024
0.9033950567
0.9176360369
0.9077221155
0.9130634069
0.8934174776
0.8937806487
0.9032680988
0.8972028494
0.9142431021
0.9031025171
0.8974698782
0.9237449169
0.9260773063
0.8952053785
0.9123373628
0.9029374123
0.9262675047
0.9024186134
0.9003219008
0.9059026837
0.9108338952
0.9197597504
0.9144879580
0.9078071713
0.9126207829
0.8988869190
0.9005041122
0.9109450579
0.8945578337
0.9038744569
0.9137321711
0.9144310951
0.9112685919
0.9093562365
0.9084260464
0.9094783068
0.9034862518
0.9089136124
0.9147783518
0.9134068489
0.9169296622
0.9131968021
0.8725538254
0.8842042685
0.8943482637
0.9144755602
0.9056945443
0.8936501741
0.8945736289
0.8766363263
0.8751019239
0.8961441517
0.8686907291
0.8851187825
0.9102165699
0.9021419287
0.9075834751
0.9098231792
0.8964459896
0.8902102709
0.8943932056
0.9162149429
0.8810364604
0.8917304277
0.8985918164
0.8768234253
0.9045020342
0.8945183754
0.8888006210
0.8943170905
0.8818653822
0.8904841542
0.8965224028
0.8727723360
0.8807591200
0.8844084740
0.8822660446
0.8849604130
0.8956531286
0.8791986704
0.9036573172
0.9120080471
0.8990030289
0.9109811783
0.8962634802
0.8925133348
0.9157683253
0.9117552042
0.9056115150
0.9114525318
0.8840335011
0.9225788116
0.9248899221
0.8884395361
0.9015508890
0.8931691647
0.9050492048
0.8919119239
0.8997962475
0.8964861631
0.8837320805
0.9066941738
0.9044823647
0.9078373313
0.8944811225
0.8814188242
0.9003001451
0.9041862488
0.8918812275
0.9190310240
0.9076145887
0.9071178436
0.8781112432
0.8855918646
0.8860992789
0.9009128213
0.9131860733
0.8962857723
0.8592768908
0.8822928667
0.8856581450
0.8912768960
0.8953093290
0.8837798238
0.9118217230
0.8897773027
0.8994350433
0.8976297379
0.9095669985
0.8956192732
0.9035907984
0.9121069908
0.8886343241
0.8995672464
0.9009073377
0.9144302607
0.9045830369
0.8837354183
0.8838365674
0.9197245836
0.8952208161
0.9089986086
0.8951309919
0.9021815658
0.8864887953
0.9056150913
0.8715912700
0.8949645758
0.8982803226
0.8975172639
0.9178235531
0.8959246874
0.9079309702
0.8907781839
0.9087808728
0.8946350813
0.8887444735
0.8873744011
0.9136484861
0.8961701393
0.8982045054
0.9130688906
0.8999793530
0.8886208534
0.8839920759
0.9084542394
0.8888881207
0.8991121054
0.8913591504
0.9001492262
0.8892265558
0.9078139067
0.8880798817
0.8996434808
0.8750423789
0.8942283392
0.9131221771
0.9140059948
0.8775514364
0.9002810717
0.9001897573
0.9093827605
0.9097684026
0.9077351093
0.8785521388
0.8786571026
0.8926655650
0.8944971561
0.9148313403
0.9011721611
0.9086830616
0.8673428893
0.8836742043
0.9127271175
0.9090088606
0.8932975531
0.8946125507
0.8893760443
0.9084068537
0.9085698128
0.8841725588
0.8935014009
0.8711270094
0.8882506490
0.8826763630
0.8923779726
0.8827193975
0.8822035789
0.9020822048
0.8903098106
0.9033154845
0.8922675848
0.8931692839
0.8774690628
0.9043149948
0.8972932100
0.8895322084
0.9074634314
0.8962820768
0.9098167419
0.9061142206
0.8845885992
0.8956801295
0.8992351890
0.9002813101
0.8977477551
0.8683391809
0.8879805803
0.9027347565
0.9102081060
0.9077823162
0.8809963465
0.8741616011
0.9062817097
0.8790819645
0.8897121549
0.9081349373
0.9012714624
0.8845609426
0.9058771133
0.9038980007
0.8747877479
0.8905578852
0.9078665376
0.9038076401
0.8992902040
0.8837509155
0.9081336856
0.8866567612
0.8850977421
0.8982354403
0.9015619755
0.8905421495
0.8822715878
0.8888832331
0.8922899961
0.8961338997
0.8894978762
0.8957426548
0.9109029174
0.8874130249
0.8876658678
0.9142876267
0.9036276340
0.8941789865
0.9083061218
0.9057056904
0.8990443945
0.8839644194
0.8982271552
0.8821866512
0.8940936327
0.8907264471
0.8927708268
0.9219155908
0.9062392712
0.8791724443
0.8788840175
0.8915130496
0.9039832354
0.9145727158
0.8999928236
0.8930973411
0.8922185898
0.8784661889
0.8896708488
0.8689181209
0.8935899734
0.8916954994
0.9092612267
0.8859497905
0.9217535853
0.9012903571
0.8771801591
0.9199867845
0.8871917725
0.9114753604
0.9068129063
0.8933125734
0.8939664364
0.8942031860
0.9052689672
0.8994762897
0.8965719938
0.8724744916
0.8798455000
0.8847277164
0.8893842697
0.8951277733
0.8896623850
0.8944875002
0.8891562223
0.8938769102
0.8952206373
0.8827505112
0.8755917549
0.8986928463
0.8843241334
0.8874387741
0.9028767347
0.8974941969
0.8777282238
0.8646538258
0.8993463516
0.8910051584
0.9097639322
0.8946188688
0.8859802485
0.8876917362
0.8841840625
0.8860691786
0.8792039752
0.8787719011
0.8911604881
0.8967901468
0.9106932878
0.8993320465
0.8766110539
0.8984713554
0.8924874067
0.9092473984
0.8983232379
0.8871493936
0.8988244534
0.9083150625
0.8904278278
0.9234280586
0.8914452791
0.8722997904
0.8722115159
0.9177932143
0.8932656646
0.8891817331
0.8810205460
0.9068149328
0.9046669006
0.8899661899
0.9079711437
0.8883056045
0.8760828972
0.8787864447
0.9070426226
0.8934270740
0.9024214149
0.9043630958
0.8907064199
0.8908287883
0.8918146491
0.8857400417
0.9047789574
0.8809651732
0.9052233696
0.8923411369
0.8779197335
0.8748136759
0.8949034810
0.8928101063
0.8980450630
0.8940963745
0.9055733681
0.8730016351
0.8933855295
0.8915131092
0.8978751302
0.9034402966
0.9110341668
0.8865637183
0.9082790613
0.9088972807
0.8991694450
0.9065607786
0.8676798344
0.8854873776
0.9051140547
0.8969473839
0.8948984146
0.8770613074
0.8929762840
0.9023048878
0.8664578199
0.8866024017
0.8983428478
0.9023413062
0.9045445919
0.8953890800
0.9093369246
0.8804783821
0.9062857032
0.8902686834
0.9115984440
0.8936865926
0.8779051304
0.8851740956
0.8920589089
0.8850635290
0.9056724310
0.9009232521
0.9032263756
0.8934913874
0.8866674900
0.8951394558
0.8940814734
0.8817449808
0.8806161880
0.8795218468
0.8968918920
0.8941508532
0.8764319420
0.8754655123
0.9054801464
0.9084782600
0.8914016485
0.9015336037
0.8967088461
0.9029475451
0.8828382492
0.8959947824
0.8791013956
0.8781312704
0.8777670264
0.8826373816
0.9117693901
0.9022325277
0.8853307962
0.8871394396
0.9025191069
0.9021189213
0.9243874550
0.8926990032
0.8754312992
0.9188368320
0.9049756527
0.8953918219
0.8983747959
0.8870664835
0.8989519477
0.9067813158
0.9013202190
0.9085870981
0.8988407850
0.8774867058
0.9081165791
0.8921851516
0.8984199762
0.8906252384
0.8857626915
0.9062336683
0.8897850513
0.8889882565
0.8844690323
0.8866705894
0.8982911110
0.8972135186
0.8877350092
0.9117097855
0.8915984631
0.8932507634
0.8972980976
0.8806107044
0.8812292814
0.9080271721
0.8906493187
0.8711377978
0.8980364799
0.8733340502
0.8912847042
0.8845542073
0.9188294411
0.8965874910
0.8926758766
0.8882672787
0.8926940560
0.8952673674
0.8763765693
0.8832150102
0.8954288960
0.8938333988
0.9122396708
0.9057425261
0.8932750821
0.8998366594
0.8959591389
0.8897562027
0.8866872191
0.8955230713
0.9071836472
0.9018509388
0.8809252977
0.8913335204
0.8714325428
0.9019120932
0.9042255878
0.8870481253
0.8884106874
0.8919775486
0.8933504820
0.8950169086
0.8884792328
0.9061961174
0.9087806344
0.8727576137
0.8878942132
0.8962669969
0.9038239717
0.9145827293
0.9100190401
0.8922103047
0.9042086601
0.8734486103
0.8885751963
0.8987702131
0.8943699002
0.8903236389
0.8786775470
0.8911614418
0.8793287277
0.8744341135
0.9169261456
0.9003390074
0.8926393390
0.8840594292
0.9061119556
0.8817999363
0.9067732692
0.8757061958
0.8968405724
0.8966115117
0.9132338166
0.8753182888
0.9125649333
0.8995255232
0.8911707401
0.8825577497
0.9074484110
0.9076138735
0.8918970823
0.9074059725
0.8991045356
0.9054774046
0.8822445273
0.8799902201
0.8973433971
0.9093677998
0.8817763925
0.8890070915
0.8838247061
0.9008755088
0.8835495710
0.9000972509
0.8761039376
0.8920967579
0.8868046999
0.8973698020
0.9166440964
0.9208986163
0.8859733939
0.9204741120
0.8799505830
0.9128705263
0.8850570917
0.8960701227
0.8920571804
0.9246307015
0.8889088631
0.8916953802
0.9192899466
0.8937499523
0.8641169667
0.8959266543
0.8937230706
0.9031770229
0.9048355818
0.9071534872
0.9032521248
0.8982598782
0.8779433966
0.8959983587
0.8711774945
0.8969804049
0.8959057331
0.8971512318
0.8758671880
0.8890588284
0.9019334316
0.9085904360
0.8857203722
0.8919545412
0.9125571251
0.8770567179
0.8756537437
0.8833053708
0.8940619230
0.8870303631
0.9042154551
0.9010549784
0.9028272629
0.9213570356
0.9239645600
0.8897542953
0.8688960075
0.9101639986
0.9038349986
0.8874698281
0.9050580263
0.8886659145
0.8932042718
0.9055321217
0.9210423827
0.8661934733
0.8946315050
0.8899641633
0.8887970448
0.9126209021
0.8875099421
0.8795660734
0.8971046209
0.9011482000
0.8957824707
0.9105004072
0.8791396618
0.8852399588
0.9133832455
0.8764294386
0.8759223223
0.9057086706
0.8916376829
0.9080150723
0.8918319941
0.8915345073
0.9013883471
0.9141988754
0.8913757801
0.8859552145
0.8944145441
0.8928749561
0.8980262280
0.9021874070
0.8854848146
0.8871096969
0.8794269562
0.8961704373
0.8965364695
0.9031087160
0.9043577313
0.8993155360
0.8974055648
0.8930798769
0.8886867762
0.8650127649
0.8839649558
0.8893288970
0.9093770981
0.9027932286
0.8807963133
0.8998036385
0.8769910932
0.8866784573
0.9012990594
0.9156996608
0.9224293828
0.9030722380
0.8820507526
0.9110474586
0.8828451633
0.9014220834
0.8885133266
0.8991841078
0.8880851269
0.9092240334
0.8819223642
0.8793002367
0.9049248695
0.8745940924
0.8998363018
0.8914564848
0.8904421926
0.8702477217
0.8868882656
0.8980715871
0.8929162025
0.8955602646
0.8981652856
0.8744554520
0.8786134124
0.8846166134
0.9039463997
0.8866891861
0.9082634449
0.8760257363
0.8849706054
0.8913246393
0.8757996559
0.9011405110
0.8874762058
0.8807737827
0.9055393934
0.9103501439
0.8918604255
0.8975943327
0.8841365576
0.9086952209
0.8953654766
0.8841620684
0.8955477476
0.8923363686
0.9071184397
0.9062215686
0.8931262493
0.9066653252
0.8857710361
0.8864260316
0.9009070992
0.8911968470
0.8936773539
0.9036076069
0.9039840698
0.9037973881
0.9015295506
0.8947216868
0.8868352175
0.8976595402
0.9101110697
0.9042066336
0.8980616331
0.9057952166
0.8954201937
