0.9997358918
0.9997333288
0.9998534918
0.9996301532
0.9995846748
0.9996486306
0.9996823072
0.9998003244
0.9997376800
0.9997580051
0.9998198748
0.9998155236
0.9997727871
0.9997022152
0.9997369051
0.9995959997
0.9996529222
0.9997467399
0.9997962713
0.9997361898
0.9998971820
0.9998362064
0.9998400807
0.9998089075
0.9998152852
0.9998213649
0.9998239279
0.9998460412
0.9998335838
0.9998809099
0.9997285008
0.9998062253
0.9998481870
0.9998272061
0.9998201132
0.9997735023
0.9997832179
0.9998121858
0.9997371435
0.9998206496
0.9997568130
0.9998558760
0.9997600317
0.9997254014
0.9998110533
0.9997492433
0.9998421669
0.9998165369
0.9996576309
0.9997404814
0.9998195171
0.9998122454
0.9998562336
0.9997471571
0.9997738600
0.9998716712
0.9998617172
0.9998424053
0.9997861385
0.9998178482
0.9997792244
0.9998819828
0.9996376038
0.9998109937
0.9997737408
0.9998286963
0.9996668100
0.9997888207
0.9998083711
0.9997624159
0.9998682141
0.9997886419
0.9998445511
0.9997308254
0.9996321201
0.9998154044
0.9997771978
0.9998445511
0.9998025894
0.9998962283
0.9998042583
0.9996867776
0.9997368455
0.9997832775
0.9997070432
0.9997373819
0.9997636080
0.9998644590
0.9998124838
0.9996550083
0.9997868538
0.9997859597
0.9997617602
0.9997773767
0.9998050928
0.9997785091
0.9997909665
0.9997566342
0.9998424053
0.9998645186
0.9997546673
0.9997830391
0.9998213053
0.9998004436
0.9998321533
0.9997876883
0.9997568130
0.9998269081
0.9997565746
0.9997738600
0.9998628497
0.9997429848
0.9997661114
0.9997061491
0.9998151660
0.9997771978
0.9998176694
0.9998177290
0.9998300076
0.9997971058
0.9997361302
0.9998472929
0.9997514486
0.9996653795
0.9998141527
0.9998885393
0.9998074770
0.9997333288
0.9998048544
0.9998399019
0.9997915030
0.9997338057
0.9998515844
0.9997715950
0.9997852445
0.9997477531
0.9998117685
0.9997873306
0.9997794628
0.9996418357
0.9997087121
0.9998401403
0.9999011159
0.9996943474
0.9998184443
0.9996895194
0.9998235703
0.9997702241
0.9997934103
0.9998689294
0.9998422861
0.9998521805
0.9997520447
0.9998298883
0.9996839762
0.9997809529
0.9998186827
0.9997755289
0.9998164773
0.9997400045
0.9996786118
0.9997380376
0.9997357130
0.9997782707
0.9997952580
0.9997371435
0.9996286631
0.9997996092
0.9997979403
0.9997856617
0.9998498559
0.9998089075
0.9996851683
0.9997931719
0.9998316169
0.9997950196
0.9997575283
0.9997621775
0.9996898174
0.9998104572
0.9997750521
0.9997317791
0.9998575449
0.9996173382
0.9997158647
0.9997686148
0.9997423291
0.9997193217
0.9997574091
0.9997540712
0.9996997118
0.9998353720
0.9996826053
0.9997277260
0.9997691512
0.9997889996
0.9997482896
0.9997467995
0.9998178482
0.9996231198
0.9997241497
0.9997607470
0.9996055365
0.9997205138
0.9997942448
0.9998321533
0.9998599291
0.9998151064
0.9998166561
0.9996637702
0.9997107387
0.9996946454
0.9997730851
0.9998125434
0.9997010231
0.9997770786
0.9996833801
0.9997652769
0.9997175932
0.9997608662
0.9997299314
0.9997100830
0.9997553825
0.9997268915
0.9996466637
0.9996160269
0.9996287227
0.9997135401
0.9996926188
0.9997861385
0.9997442961
0.9997154474
0.9998108149
0.9998145103
0.9998299479
0.9996569753
0.9996799827
0.9998379946
0.9997220039
0.9996502995
0.9996566176
0.9996531010
0.9998573065
0.9997403622
0.9996570349
0.9998199344
0.9996130466
0.9996113777
0.9997833967
0.9996519089
0.9998100996
0.9997999668
0.9998151064
0.9997799993
0.9997792244
0.9996793270
0.9997886419
0.9997109175
0.9998466969
0.9996941090
0.9997410178
0.9998248816
0.9997529984
0.9998013973
0.9997690320
0.9998503923
0.9996759892
0.9998952150
0.9997980595
0.9997636080
0.9997748137
0.9998278618
0.9998311996
0.9996225834
0.9996442199
0.9997930527
0.9996600151
0.9997286797
0.9996569157
0.9997827411
0.9997681379
0.9997454882
0.9997135997
0.9995775819
0.9997610450
0.9998086095
0.9997653961
0.9996930957
0.9996209145
0.9998561144
0.9997888207
0.9997560978
0.9997644424
0.9997209311
0.9996281862
0.9997461438
0.9997237921
0.9997887611
0.9998473525
0.9997974634
0.9997521639
0.9997828603
0.9997835159
0.9995858669
0.9997429848
0.9997769594
0.9997639060
0.9998046160
0.9997748137
0.9996796846
0.9998644590
0.9996899962
0.9997961521
0.9997481704
0.9997988343
0.9997119308
0.9997029305
0.9997195005
0.9997758865
0.9997144938
0.9996969104
0.9997154474
0.9997823238
0.9997990727
0.9997220039
0.9997593164
0.9997370839
0.9997900724
0.9997822046
0.9997290373
0.9998484850
0.9997395873
0.9996740818
0.9998452067
0.9998723269
0.9997522235
0.9998371005
0.9998202324
0.9997491837
0.9997846484
0.9998073578
0.9997565150
0.9997302294
0.9997552633
0.9997637272
0.9998329878
0.9997460842
0.9998275042
0.9997223616
0.9998496771
0.9998105764
0.9996816516
0.9997462034
0.9998453856
0.9998090267
0.9997876287
0.9998328090
0.9998108149
0.9998590946
0.9998223782
0.9997923374
0.9998443127
0.9997670650
0.9997404814
0.9998427629
0.9998253584
0.9997961521
0.9997776747
0.9998117685
0.9997826815
0.9997857809
0.9997305870
0.9997540116
0.9997074604
0.9998259544
0.9997108579
0.9998110533
0.9997342825
0.9997972250
0.9996918440
0.9998727441
0.9997006059
0.9997781515
0.9998698235
0.9996960163
0.9996913671
0.9997367859
0.9998121262
0.9998367429
0.9998432994
0.9998458624
0.9998480082
0.9998395443
0.9998393059
0.9998192787
0.9997179508
0.9997532368
0.9998471737
0.9998270273
0.9998244047
0.9998232126
0.9997653961
0.9998026490
0.9997599721
0.9997603893
0.9997361898
0.9997990131
0.9997922778
0.9997298717
0.9998180866
0.9996596575
0.9997106791
0.9998651743
0.9998700619
0.9997382164
0.9998068810
0.9997677803
0.9997199774
0.9997203350
0.9997994900
0.9997770190
0.9997330904
0.9997519851
0.9998243451
0.9997710586
0.9997968078
0.9997579455
0.9997454882
0.9997561574
0.9997861385
0.9997552037
0.9997406006
0.9998669624
0.9997836351
0.9997183681
0.9998238683
0.9996982217
0.9997292757
0.9996972084
0.9998363256
0.9997751117
0.9997544289
0.9996134043
0.9997245073
0.9997842312
0.9997911453
0.9997110367
0.9997087717
0.9998331666
0.9997704029
0.9997737408
0.9998603463
0.9998162985
0.9998174906
0.9996984005
0.9997536540
0.9997889996
0.9996309876
0.9997133017
0.9997963905
0.9997065067
0.9998137355
0.9996596575
0.9997977018
0.9994289875
0.9997682571
0.9996739626
0.9996935129
0.9996765256
0.9997298717
0.9998039007
0.9997597933
0.9998137355
0.9997915030
0.9997733831
0.9996218085
0.9997986555
0.9997821450
0.9997488260
0.9996443987
0.9996944666
0.9997834563
0.9996519089
0.9997329712
0.9996845722
0.9997885227
0.9997684956
0.9997441769
0.9996669888
0.9997905493
0.9996186495
0.9995874166
0.9997445345
0.9997290373
0.9997016191
0.9995234013
0.9998222589
0.9997717738
0.9996160269
0.9996180534
0.9996943474
0.9997396469
0.9996838570
0.9997086525
0.9996874332
0.9997755289
0.9998246431
0.9997043014
0.9997149706
0.9997904301
0.9997480512
0.9998533726
0.9997524023
0.9996620417
0.9998244643
0.9997725487
0.9997216463
0.9998173714
0.9996757507
0.9997932911
0.9998211861
0.9997348189
0.9995342493
0.9998388886
0.9997638464
0.9997469783
0.9997575283
0.9997599721
0.9997131228
0.9997887611
0.9997828603
0.9998211265
0.9998215437
0.9998337030
0.9998218417
0.9998224974
0.9996181726
0.9997845888
0.9997733831
0.9996876717
0.9997618794
0.9997808933
0.9996933937
0.9997810125
0.9996182919
0.9998022914
0.9997176528
0.9997868538
0.9997552633
0.9996350408
0.9998154640
0.9998244643
0.9998220205
0.9998081923
0.9997253418
0.9997186661
0.9996422529
0.9997172356
0.9997113347
0.9997559786
0.9996632338
0.9998739958
0.9998564720
0.9998412728
0.9997452497
0.9996666908
0.9997586012
0.9997500777
0.9996914864
0.9997913837
0.9997619390
0.9997344017
0.9997107983
0.9997333288
0.9997183681
0.9997318983
0.9996612072
0.9997138977
0.9996871352
0.9998266697
0.9998052120
0.9998071194
0.9998052120
0.9998551011
0.9997588396
0.9998424649
0.9997863173
0.9997725487
0.9997724891
0.9997576475
0.9996497631
0.9998478889
0.9998300076
0.9998047352
0.9997833967
0.9998550415
0.9997322559
0.9997165203
0.9997885227
0.9997562170
0.9996838570
0.9997364879
0.9998172522
0.9997379780
0.9997118711
0.9998145103
0.9998923540
0.9998477697
0.9998673201
0.9996626377
0.9997305870
0.9997132421
0.9996422529
0.9998306036
0.9998531342
0.9997587204
0.9998115897
0.9997684360
0.9998246431
0.9998052120
0.9996744394
0.9998352528
0.9997934699
0.9998527765
0.9998232126
0.9996598959
0.9997804165
0.9998449683
0.9997969866
0.9997617006
0.9997038841
0.9997696877
0.9998075366
0.9997322559
0.9997457266
0.9998024702
0.9998067617
0.9997060299
0.9998325109
0.9998520017
0.9996955395
0.9997000694
0.9998388886
0.9998394251
0.9998275042
0.9997819662
0.9998507500
0.9998060465
0.9998675585
0.9998404980
0.9998058081
0.9997761250
0.9998135567
0.9997276068
0.9997828603
0.9998445511
0.9997791648
0.9998669624
0.9998697042
0.9997395277
0.9997676611
0.9997860193
0.9998109341
0.9997906685
0.9997338653
0.9997543097
0.9997563362
0.9998623133
0.9997930527
0.9997496605
0.9998439550
0.9998059273
0.9998538494
0.9997908473
0.9998587370
0.9997218251
0.9997238517
0.9996889830
0.9998323917
0.9997133017
0.9998397827
0.9997783899
0.9997344017
0.9997152090
0.9997949600
0.9997561574
0.9998418093
0.9998608828
0.9998726845
0.9998958111
0.9998198748
0.9996883869
0.9998034239
0.9998154640
0.9997946024
0.9998220205
0.9998272657
0.9997501373
0.9997889996
0.9998468161
0.9998344183
0.9998129606
0.9997916222
0.9998126030
0.9998592138
0.9998735189
0.9998238087
0.9998075366
0.9998092651
0.9997096658
0.9997746944
0.9998376966
0.9998378754
0.9997791052
0.9997491837
0.9998229742
0.9997680783
0.9997429848
0.9998278618
0.9997699261
0.9996556044
0.9997965097
0.9997816086
0.9996616840
0.9997416139
0.9998059273
0.9998390675
0.9997403622
0.9997680187
0.9996572733
0.9997582436
0.9997836947
0.9998016953
0.9998060465
0.9997653365
0.9997635484
0.9998093843
0.9996269941
0.9997566938
0.9997766018
0.9998485446
0.9997363091
0.9997539520
0.9996796846
0.9997234344
0.9998222589
0.9996328354
0.9998530149
0.9997305870
0.9996047020
0.9996870756
0.9997918606
0.9997478127
0.9997910261
0.9997001886
0.9997818470
0.9997717142
0.9997505546
0.9997521043
0.9997826815
0.9997746944
0.9998308420
0.9997025728
0.9996641278
0.9998819828
0.9997811317
0.9997708797
0.9998475313
0.9998268485
0.9997434616
0.9997324944
0.9998017550
0.9998262525
0.9997053146
0.9998425245
0.9998224974
0.9998159409
0.9997562170
0.9997366667
0.9998331070
0.9998700619
0.9997444153
0.9998487830
0.9997056127
0.9996590614
0.9998712540
0.9996706247
0.9998238087
0.9998261929
0.9997727275
0.9997124672
0.9998968840
0.9996510744
0.9996923208
0.9997159839
0.9998356104
0.9996663928
0.9998203516
0.9997227192
0.9996975064
0.9983347654
0.9984324574
0.9987251759
0.9986077547
0.9974408150
0.9985200167
0.9987057447
0.9981838465
0.9988278151
0.9983068705
0.9987609386
0.9983754158
0.9980756044
0.9986622334
0.9985356331
0.9982590675
0.9982955456
0.9985430241
0.9986348152
0.9980789423
0.9990414381
0.9982924461
0.9982901812
0.9985864162
0.9984917641
0.9987678528
0.9982292652
0.9987825751
0.9985628128
0.9983635545
0.9985751510
0.9982379079
0.9983862638
0.9987604618
0.9977059364
0.9985345006
0.9989101887
0.9984844923
0.9988346100
0.9987713099
0.9976655245
0.9989309311
0.9985116720
0.9981453419
0.9986478090
0.9975253344
0.9986420274
0.9983960986
0.9978012443
0.9978890419
0.9980907440
0.9989939928
0.9987028837
0.9984455109
0.9989868402
0.9987027645
0.9981587529
0.9988682270
0.9987921715
0.9989488125
0.9985551238
0.9983062744
0.9985078573
0.9984672070
0.9986772537
0.9986550212
0.9984729290
0.9983396530
0.9984561205
0.9982105494
0.9986573458
0.9984812737
0.9985953569
0.9982714653
0.9982621074
0.9980798960
0.9979822636
0.9983985424
0.9988498688
0.9983308315
0.9976434708
0.9979178905
0.9975565076
0.9978913069
0.9983171225
0.9975650311
0.9987876415
0.9985964298
0.9983795881
0.9970799685
0.9981417656
0.9970829487
0.9980169535
0.9980661869
0.9985048175
0.9982805252
0.9979262948
0.9985978603
0.9986615777
0.9988725781
0.9987502098
0.9986088276
0.9981436729
0.9985166788
0.9983379245
0.9986159801
0.9986454248
0.9986493587
0.9979957938
0.9984485507
0.9987188578
0.9983588457
0.9987920523
0.9982509613
0.9985368252
0.9980056882
0.9979827404
0.9984617233
0.9983198643
0.9981949925
0.9985255003
0.9987713099
0.9982408285
0.9983384013
0.9977841377
0.9988152981
0.9986666441
0.9979134798
0.9982398748
0.9987614155
0.9983587265
0.9984309673
0.9987893105
0.9989088774
0.9986909032
0.9987565279
0.9985657334
0.9985053539
0.9983433485
0.9985203743
0.9980778098
0.9981093407
0.9989358187
0.9984217882
0.9984624386
0.9982551336
0.9983614683
0.9979538321
0.9983364940
0.9980320334
0.9984908104
0.9990127087
0.9991320968
0.9988484383
0.9981904030
0.9986302257
0.9986363649
0.9986329079
0.9987139106
0.9982881546
0.9984893799
0.9983148575
0.9987027645
0.9985810518
0.9980758429
0.9983924627
0.9979171753
0.9981832504
0.9985216856
0.9981908798
0.9985498190
0.9989621639
0.9984828234
0.9984578490
0.9984954000
0.9985818863
0.9983883500
0.9988114834
0.9987533689
0.9987406731
0.9981663227
0.9982002378
0.9988820553
0.9984521866
0.9984521866
0.9983999133
0.9982882738
0.9985617399
0.9982009530
0.9983301163
0.9985941648
0.9981648922
0.9983046651
0.9984440804
0.9984072447
0.9986154437
0.9986985922
0.9981788397
0.9985662699
0.9983774424
0.9986939430
0.9980586767
0.9982730746
0.9985991120
0.9985952377
0.9988137484
0.9986721277
0.9988843203
0.9981803894
0.9985750914
0.9987156391
0.9980595112
0.9977562428
0.9987411499
0.9986690283
0.9988548160
0.9986455441
0.9983869791
0.9979032278
0.9984833598
0.9986089468
0.9981771708
0.9982962012
0.9981940985
0.9982232451
0.9986890554
0.9978824854
0.9986675978
0.9984218478
0.9980512857
0.9984771013
0.9983452559
0.9984658360
0.9983853102
0.9987397194
0.9982144833
0.9981815219
0.9983936548
0.9988075495
0.9987323284
0.9982293844
0.9979492426
0.9986805916
0.9987162352
0.9985085726
0.9982472658
0.9977570772
0.9983984232
0.9987841845
0.9987170696
0.9986923933
0.9979865551
0.9988753796
0.9988879561
0.9985852242
0.9979792833
0.9981935620
0.9982088804
0.9986844063
0.9986255765
0.9975359440
0.9982589483
0.9987207055
0.9986025095
0.9982942343
0.9985076189
0.9983562231
0.9989689589
0.9986623526
0.9987855554
0.9985657930
0.9987231493
0.9977743626
0.9974610806
0.9984380603
0.9986748695
0.9987928271
0.9983773232
0.9984327555
0.9986648560
0.9981207848
0.9984722137
0.9978372455
0.9986979365
0.9987064600
0.9989005327
0.9979726076
0.9973266125
0.9984648824
0.9984374046
0.9989293814
0.9987212420
0.9986259937
0.9983509183
0.9986238480
0.9980671406
0.9985585213
0.9983704686
0.9988324642
0.9986715913
0.9981850386
0.9985389709
0.9985796809
0.9984036684
0.9982963204
0.9981749058
0.9983166456
0.9986842871
0.9983925223
0.9979597330
0.9984645844
0.9988448620
0.9985105991
0.9980964661
0.9985183477
0.9980030656
0.9979096055
0.9985009432
0.9984488487
0.9984829426
0.9982017279
0.9989247918
0.9985975027
0.9980568290
0.9981921911
0.9988040924
0.9981101155
0.9982744455
0.9982326627
0.9982250929
0.9982644320
0.9976389408
0.9980801344
0.9986090064
0.9985358715
0.9981105924
0.9984468222
0.9986113310
0.9978757501
0.9981687665
0.9987085462
0.9986438751
0.9986580610
0.9981504083
0.9987013936
0.9986249208
0.9976407290
0.9978199005
0.9983060956
0.9987424016
0.9980542660
0.9983143806
0.9985955954
0.9986820817
0.9985646009
0.9981667995
0.9987015724
0.9981592298
0.9988583922
0.9990540147
0.9977312088
0.9985656738
0.9978697300
0.9982129335
0.9989353418
0.9987643361
0.9979561567
0.9983894825
0.9988342524
0.9985195994
0.9980490208
0.9983261824
0.9983211756
0.9982696772
0.9983471632
0.9978740811
0.9982002974
0.9983668923
0.9979330897
0.9983771443
0.9990324974
0.9975513220
0.9988965988
0.9982531071
0.9975510836
0.9977518320
0.9984142780
0.9987528920
0.9984456301
0.9982758760
0.9983195662
0.9987769127
0.9981191754
0.9986483455
0.9983383417
0.9986544847
0.9981676340
0.9981265068
0.9979759455
0.9984595776
0.9980207086
0.9988654256
0.9983470440
0.9979326725
0.9981913567
0.9983983636
0.9982218742
0.9981517792
0.9981231689
0.9986768961
0.9979487658
0.9981497526
0.9988418818
0.9984347820
0.9976359606
0.9978169799
0.9975367785
0.9988163114
0.9982158542
0.9984182119
0.9976226091
0.9981517792
0.9978512526
0.9979352951
0.9980616570
0.9983202815
0.9983446598
0.9979799390
0.9983580112
0.9983565807
0.9983789921
0.9985501766
0.9986484647
0.9987714291
0.9985144734
0.9987403154
0.9977326393
0.9983655214
0.9985087514
0.9987261295
0.9988877773
0.9986742735
0.9980838299
0.9984650612
0.9987978935
0.9988921881
0.9987297058
0.9985638261
0.9988603592
0.9983066916
0.9983801842
0.9984387755
0.9985314012
0.9987705946
0.9982962012
0.9980869889
0.9990541935
0.9986183643
0.9988644123
0.9984509945
0.9982740283
0.9984368682
0.9987161160
0.9990479946
0.9980363846
0.9977188110
0.9987834692
0.9983037710
0.9989348650
0.9980787039
0.9981462955
0.9990770817
0.9982230663
0.9981122017
0.9987708926
0.9988413453
0.9989696741
0.9986214638
0.9986184835
0.9984189272
0.9987496138
0.9989460707
0.9986895323
0.9988189936
0.9986570477
0.9983384609
0.9982416034
0.9983299971
0.9983311296
0.9984537363
0.9976849556
0.9987704754
0.9991482496
0.9982180595
0.9984913468
0.9983974695
0.9986566305
0.9989019036
0.9983846545
0.9977344275
0.9985654354
0.9988644719
0.9983811378
0.9983273745
0.9978951216
0.9978951812
0.9980996847
0.9989095926
0.9985867739
0.9984169006
0.9986639023
0.9989304543
0.9987152815
0.9978927374
0.9984706044
0.9985846281
0.9986871481
0.9989103079
0.9981341362
0.9986329675
0.9985657930
0.9986714125
0.9979997873
0.9984908104
0.9986579418
0.9982970953
0.9979813099
0.9984512329
0.9984792471
0.9988597631
0.9984871149
0.9985635281
0.9986017942
0.9985196590
0.9986424446
0.9988156557
0.9981565475
0.9984717369
0.9982478619
0.9980088472
0.9980537295
0.9986399412
0.9983737469
0.9986325502
0.9983687997
0.9990617037
0.9983277321
0.9981766939
0.9982254505
0.9987116456
0.9983747005
0.9983675480
0.9985249043
0.9986723065
0.9979361296
0.9984885454
0.9980002642
0.9985170364
0.9990774393
0.9986429811
0.9986889362
0.9990491271
0.9982029200
0.9983576536
0.9985442162
0.9988182187
0.9985123873
0.9985538721
0.9984347820
0.9987307191
0.9982928038
0.9986174107
0.9985604882
0.9984685183
0.9984910488
0.9986894131
0.9980219603
0.9985780716
0.9980307817
0.9980002046
0.9983403683
0.9990096688
0.9985499382
0.9988250732
0.9983756542
0.9982087016
0.9977301359
0.9981076121
0.9985238314
0.9985844493
0.9985409379
0.9983275533
0.9986878037
0.9984483123
0.9981092215
0.9988016486
0.9986724854
0.9974629879
0.9983866215
0.9984599352
0.9980787039
0.9989086390
0.9982763529
0.9987391233
0.9981039762
0.9984523654
0.9992552400
0.9989274144
0.9975645542
0.9984796047
0.9974466562
0.9986180067
0.9983535409
0.9986478686
0.9990304112
0.9984387159
0.9982445240
0.9979678988
0.9990160465
0.9984782934
0.9981493950
0.9987932444
0.9982824326
0.9980984926
0.9981895685
0.9977560043
0.9980243444
0.9986200333
0.9982563257
0.9983868599
0.9977943897
0.9985108972
0.9980500937
0.9981015921
0.9978486300
0.9990289211
0.9984387159
0.9972344637
0.9984692335
0.9978559017
0.9982016087
0.9986072779
0.9980209470
0.9987754822
0.9981987476
0.9980826974
0.9986473918
0.9986020327
0.9990032911
0.9983881712
0.9979571104
0.9984219074
0.9981058836
0.9979774952
0.9974301457
0.9977216721
0.9987855554
0.9987823367
0.9984280467
0.9976622462
0.9984908104
0.9967505932
0.9982604980
0.9979304671
0.9988533258
0.9979424477
0.9982353449
0.9981499910
0.9981292486
0.9980165958
0.9974647164
0.9981722832
0.9980505705
0.9982051253
0.9982348680
0.9976940155
0.9978861809
0.9983295798
0.9981850386
0.9979660511
0.9985814095
0.9980121851
0.9977958202
0.9984611869
0.9975588322
0.9975892305
0.9977462888
0.9983351827
0.9985187650
0.9985665679
0.9983105659
0.9981346130
0.9973715544
0.9978973866
0.9983725548
0.9985043406
0.9982488155
0.9980263710
0.9985066652
0.9984121323
0.9976786375
0.9982470274
0.9986253977
0.9981507063
0.9982748032
0.9980345964
0.9980442524
0.9987995625
0.9983118176
0.9976591468
0.9981006384
0.9981471300
0.9987515211
0.9978159666
0.9979188442
0.9980309606
0.9987223148
0.9981706142
0.9980444908
0.9978284240
0.9980779886
0.9986004829
0.9985810518
0.9985246658
0.9982708097
0.9989045858
0.9982416034
0.9987193942
0.9986766577
0.9982639551
0.9984170794
0.9984737635
0.9977552295
0.9986793399
0.9987180829
0.9985713959
0.9976421595
0.9982434511
0.9983308315
0.9982237816
0.9987612963
0.9989807010
0.9981808662
0.9982056618
0.9986604452
0.9988763332
0.9981402159
0.9989628792
0.9984022975
0.9986755848
0.9987736940
0.9983100891
0.9979529381
0.9982849360
0.9981998801
0.9981756210
0.9985241890
0.9987771511
0.9982942343
0.9985690117
0.9987201691
0.9978708625
0.9988456368
0.9983989000
0.9988578558
0.9988218546
0.9984174371
0.9986913204
0.9987382889
0.9980746508
0.9979622960
0.9984731078
0.9988209009
0.9984329939
0.9989812374
0.9987241626
0.9982891679
0.9986760616
0.9987234473
0.9983575344
0.9984399080
0.9983863831
0.9989523292
0.9983396530
0.9987356663
0.9991590381
0.9984627962
0.9984372854
0.9989348650
0.9983729124
0.9987303019
0.9992767572
0.9981222153
0.9984747767
0.9986096621
0.9985433221
0.9983468056
0.9988009930
0.9982699156
0.9985277653
0.9941834807
0.9950553179
0.9962340593
0.9953861237
0.9927247763
0.9952917695
0.9956277609
0.9951823950
0.9958837032
0.9942829609
0.9967240095
0.9952562451
0.9945055246
0.9949209690
0.9958767891
0.9934786558
0.9937151670
0.9948053360
0.9957624674
0.9945130944
0.9965993166
0.9961401224
0.9953022599
0.9951438308
0.9950093031
0.9960426092
0.9938170910
0.9960169792
0.9960000515
0.9957126379
0.9960982800
0.9948221445
0.9953788519
0.9967671633
0.9932262897
0.9954208732
0.9968602657
0.9957177639
0.9962279201
0.9957063794
0.9947973490
0.9959005713
0.9959238768
0.9946931601
0.9960395098
0.9931374788
0.9967106581
0.9951902628
0.9938009977
0.9937837124
0.9949339628
0.9961005449
0.9965460300
0.9948629141
0.9967504740
0.9960933924
0.9957184792
0.9962203503
0.9948202372
0.9965859652
0.9955905080
0.9960932732
0.9938452840
0.9953231812
0.9959732294
0.9959693551
0.9949376583
0.9953367710
0.9964091778
0.9943211079
0.9969076514
0.9956629276
0.9959520102
0.9943515062
0.9951293468
0.9951587915
0.9941021204
0.9952901006
0.9958618879
0.9950735569
0.9926170111
0.9941112995
0.9933786392
0.9954181910
0.9942439795
0.9932603240
0.9954594374
0.9963520765
0.9955967665
0.9927676916
0.9941551685
0.9938049316
0.9937117100
0.9943804741
0.9952436686
0.9951846600
0.9946517944
0.9949051738
0.9953631163
0.9964649677
0.9951876998
0.9954367876
0.9953826666
0.9954427481
0.9956194162
0.9950267673
0.9962265491
0.9954873323
0.9948350191
0.9947237968
0.9964068532
0.9947445989
0.9956201315
0.9942851067
0.9960030913
0.9950442314
0.9945078492
0.9955285788
0.9946228266
0.9954046607
0.9956099987
0.9965502024
0.9936591983
0.9945156574
0.9943299294
0.9960699081
0.9953564405
0.9954472780
0.9945794344
0.9963538647
0.9952810407
0.9953421354
0.9964709878
0.9958645105
0.9955201745
0.9962799549
0.9960930347
0.9950306416
0.9954737425
0.9957810640
0.9942890406
0.9943490028
0.9966139793
0.9948453903
0.9951645136
0.9943209887
0.9942950010
0.9945632219
0.9950653911
0.9958963394
0.9951813817
0.9966459870
0.9965604544
0.9959087968
0.9949243069
0.9959192276
0.9954960346
0.9959396720
0.9954099059
0.9956660271
0.9942897558
0.9953452349
0.9945663810
0.9952263832
0.9943679571
0.9949897528
0.9940714836
0.9951180220
0.9955166578
0.9947663546
0.9955559969
0.9964519739
0.9953819513
0.9955300093
0.9954367876
0.9953765273
0.9953546524
0.9958344698
0.9958662391
0.9954501390
0.9948076010
0.9956618547
0.9964936972
0.9951264858
0.9945341349
0.9949094057
0.9942536950
0.9954572916
0.9939435720
0.9943857193
0.9952582121
0.9948370457
0.9950475693
0.9954438210
0.9953475595
0.9959593415
0.9954448938
0.9946527481
0.9960703850
0.9956879616
0.9950188398
0.9951082468
0.9941080809
0.9955586791
0.9952375293
0.9952559471
0.9960328341
0.9959076643
0.9952910542
0.9952449799
0.9959955215
0.9940441847
0.9938005209
0.9962295294
0.9953087568
0.9959728122
0.9939041138
0.9953404665
0.9944918156
0.9955028296
0.9951853752
0.9948968887
0.9934638739
0.9953641891
0.9943648577
0.9951895475
0.9928344488
0.9952499866
0.9957486391
0.9942245483
0.9954289198
0.9955788255
0.9952914715
0.9955230951
0.9961076975
0.9944025278
0.9938654304
0.9958605170
0.9960758686
0.9944475293
0.9942653179
0.9940125942
0.9962131977
0.9954527617
0.9949679971
0.9951654673
0.9933935404
0.9933662415
0.9958238602
0.9950965643
0.9958941340
0.9948076010
0.9962240458
0.9959245324
0.9955134392
0.9941161871
0.9951639771
0.9949068427
0.9963234663
0.9952636361
0.9942916632
0.9950754046
0.9948582649
0.9962071776
0.9947034121
0.9963279963
0.9944659472
0.9971817732
0.9954136610
0.9949529767
0.9960311651
0.9964554310
0.9946318865
0.9924635887
0.9951143861
0.9955741167
0.9951604009
0.9931470752
0.9946849942
0.9957445860
0.9941411018
0.9951357245
0.9946326017
0.9957419038
0.9954180717
0.9965529442
0.9932341576
0.9937576056
0.9955835342
0.9964624047
0.9960615635
0.9958378673
0.9961088300
0.9957228303
0.9949220419
0.9953196049
0.9952085018
0.9953086376
0.9968032837
0.9959620833
0.9943217039
0.9956902862
0.9956933260
0.9946148396
0.9950622320
0.9957133532
0.9954278469
0.9957014322
0.9946223497
0.9935517907
0.9954541922
0.9961240292
0.9955754280
0.9934092164
0.9953846931
0.9939633608
0.9934039116
0.9946885109
0.9956808686
0.9951885939
0.9946520329
0.9962301254
0.9960487485
0.9955170155
0.9936481714
0.9961230755
0.9946129918
0.9954488873
0.9951795340
0.9923593998
0.9953850508
0.9941252470
0.9951962233
0.9968466163
0.9959763288
0.9945152998
0.9957432747
0.9961465597
0.9938007593
0.9936802387
0.9959787130
0.9948523045
0.9952453971
0.9945158958
0.9952653646
0.9960470200
0.9939867258
0.9950199723
0.9952219129
0.9963194132
0.9949594140
0.9942670465
0.9952844381
0.9955184460
0.9958326817
0.9949392080
0.9956566095
0.9955302477
0.9964936972
0.9965710044
0.9941991568
0.9955060482
0.9951794147
0.9940521717
0.9966427088
0.9960833788
0.9951835871
0.9959328771
0.9967113733
0.9958546162
0.9951740503
0.9955787659
0.9949361682
0.9948716760
0.9953584671
0.9939583540
0.9958621264
0.9951375723
0.9944270849
0.9939097166
0.9967118502
0.9935522676
0.9963445663
0.9956946969
0.9938188195
0.9932496548
0.9949752688
0.9963210821
0.9951158762
0.9954705834
0.9936211109
0.9966298342
0.9945166111
0.9953941703
0.9954286814
0.9956127405
0.9946584105
0.9950560927
0.9950037003
0.9958119392
0.9947636724
0.9963781834
0.9950670004
0.9946372509
0.9942339659
0.9951498508
0.9947966337
0.9953534603
0.9937373400
0.9962697029
0.9932091832
0.9948890209
0.9967747927
0.9954864383
0.9933887720
0.9944339991
0.9921762943
0.9959855080
0.9940431118
0.9944585562
0.9944105148
0.9945448637
0.9927986860
0.9945816994
0.9947676063
0.9950518608
0.9949808121
0.9943366647
0.9944384098
0.9953075647
0.9951488972
0.9942623377
0.9959408641
0.9955925941
0.9945379496
0.9953980446
0.9945073128
0.9953824282
0.9951077700
0.9957150221
0.9959890842
0.9951699972
0.9932358265
0.9950232506
0.9956279397
0.9961843491
0.9958227873
0.9954963326
0.9957026243
0.9948360920
0.9945999384
0.9959409237
0.9957784414
0.9962061644
0.9948949814
0.9946792126
0.9962056875
0.9959821701
0.9957010746
0.9953038692
0.9939668179
0.9951603413
0.9947360754
0.9963952303
0.9929196835
0.9928177595
0.9958684444
0.9946887493
0.9964147210
0.9940169454
0.9948335886
0.9957203269
0.9947058558
0.9951183796
0.9946579337
0.9950844049
0.9959202409
0.9958402514
0.9950859547
0.9945614338
0.9953207970
0.9959530830
0.9943548441
0.9943279028
0.9949848056
0.9954234958
0.9954146147
0.9953464270
0.9943244457
0.9957691431
0.9933077097
0.9951066375
0.9969566464
0.9951649904
0.9952530861
0.9937477112
0.9956133366
0.9964714050
0.9942246675
0.9936938882
0.9947653413
0.9952208400
0.9948822260
0.9950110912
0.9946146011
0.9936462641
0.9953013062
0.9957273006
0.9953241944
0.9948979616
0.9955061674
0.9969376922
0.9961204529
0.9940544367
0.9957340360
0.9948760271
0.9953835607
0.9954864383
0.9943456054
0.9954268932
0.9958953857
0.9954277277
0.9936953783
0.9947810769
0.9951353073
0.9943875074
0.9951552749
0.9949294329
0.9947124124
0.9963537455
0.9952825308
0.9961553812
0.9956262708
0.9960075617
0.9958974719
0.9967222214
0.9947410822
0.9952367544
0.9945590496
0.9927022457
0.9939396381
0.9955540895
0.9945480824
0.9954003692
0.9932641387
0.9962934256
0.9954065084
0.9946089983
0.9943013191
0.9946755171
0.9954015017
0.9948215485
0.9953520298
0.9967265129
0.9941655993
0.9949488640
0.9941276312
0.9949430823
0.9965263009
0.9944880009
0.9956734776
0.9966397285
0.9951466322
0.9960820675
0.9954330921
0.9958213568
0.9952922463
0.9952561855
0.9954816103
0.9956456423
0.9943530560
0.9953275323
0.9953548908
0.9955358505
0.9950895309
0.9952557087
0.9938459992
0.9955681562
0.9942820072
0.9952770472
0.9947470427
0.9959540367
0.9954359531
0.9965891838
0.9950604439
0.9952580929
0.9934353232
0.9950242639
0.9950002432
0.9961626530
0.9944174290
0.9952012300
0.9956798553
0.9964270592
0.9958678484
0.9962932467
0.9944181442
0.9938212037
0.9947524071
0.9952325821
0.9945625067
0.9966416359
0.9957316518
0.9954570532
0.9949297905
0.9959848523
0.9975532293
0.9967192411
0.9938527346
0.9945454597
0.9927225113
0.9956672192
0.9949804544
0.9962928295
0.9974049330
0.9962726831
0.9946163893
0.9944599867
0.9962216616
0.9955747128
0.9942857027
0.9958192706
0.9954078197
0.9948100448
0.9948484898
0.9941381216
0.9945516586
0.9951245785
0.9947835207
0.9951615930
0.9947559834
0.9961242676
0.9953219891
0.9939231873
0.9944002628
0.9971246719
0.9958949089
0.9938547611
0.9951130152
0.9954596758
0.9942044616
0.9949827194
0.9947977066
0.9958937764
0.9959248304
0.9948934317
0.9957517385
0.9954635501
0.9969787598
0.9951518774
0.9951424003
0.9947736859
0.9953138828
0.9940688014
0.9936310053
0.9947105050
0.9960721731
0.9959421158
0.9946808815
0.9942136407
0.9953899980
0.9931107163
0.9946691990
0.9946209192
0.9957398176
0.9949545860
0.9946123362
0.9946844578
0.9944319725
0.9942002892
0.9944069386
0.9957863092
0.9953844547
0.9942848682
0.9953917861
0.9948244691
0.9936716557
0.9937667251
0.9947111607
0.9949165583
0.9962658286
0.9942760468
0.9945638180
0.9961407185
0.9941782951
0.9923471212
0.9947237968
0.9960981607
0.9957572222
0.9966045618
0.9948539734
0.9944424033
0.9938133955
0.9955241680
0.9942511320
0.9955967665
0.9948919415
0.9944193363
0.9954469204
0.9956072569
0.9950820208
0.9956489205
0.9957287312
0.9947935343
0.9946939945
0.9962808490
0.9953314662
0.9959930182
0.9949557781
0.9935931563
0.9944038391
0.9959120750
0.9955011606
0.9944589138
0.9943646193
0.9939367771
0.9959440827
0.9955393076
0.9950835109
0.9933667779
0.9935051203
0.9955520630
0.9951982498
0.9956297874
0.9949592948
0.9959746599
0.9957745075
0.9955289960
0.9951996207
0.9945353270
0.9950289726
0.9958649874
0.9946625233
0.9951175451
0.9951304793
0.9960533381
0.9940226674
0.9938270450
0.9946002960
0.9946224689
0.9958183765
0.9958279133
0.9945217371
0.9942234755
0.9949123859
0.9957814813
0.9941022992
0.9963517785
0.9948457479
0.9936997890
0.9955260158
0.9957567453
0.9946547151
0.9955995083
0.9950363636
0.9948468208
0.9952424765
0.9955231547
0.9944633245
0.9957289696
0.9955995679
0.9937317967
0.9959840775
0.9955850840
0.9962337613
0.9962457418
0.9952440262
0.9964118004
0.9965004325
0.9942349792
0.9936637878
0.9952778816
0.9960000515
0.9944934845
0.9964326024
0.9965102673
0.9953562021
0.9954783916
0.9962819815
0.9944437742
0.9954959154
0.9954495430
0.9962310791
0.9954192638
0.9950217009
0.9972050190
0.9946136475
0.9950000048
0.9959050417
0.9950575233
0.9952414036
0.9972633123
0.9936345220
0.9946672916
0.9951862097
0.9952858686
0.9932327867
0.9960725904
0.9953175783
0.9949417114
0.9995595217
0.9994570017
0.9995930791
0.9995877743
0.9995063543
0.9996672869
0.9996098280
0.9995412827
0.9996304512
0.9995546341
0.9997019768
0.9996727705
0.9997565746
0.9995227456
0.9996770620
0.9995141029
0.9995985031
0.9996422529
0.9996619225
0.9995231628
0.9997613430
0.9996550679
0.9997002482
0.9995554686
0.9995433688
0.9997086525
0.9995599985
0.9996651411
0.9996192455
0.9997022152
0.9995800257
0.9994974136
0.9996136427
0.9996309280
0.9994589090
0.9995207787
0.9996627569
0.9996370077
0.9996960163
0.9997195005
0.9994297028
0.9998016953
0.9994936585
0.9994016886
0.9995708466
0.9994210601
0.9995842576
0.9995177388
0.9993993044
0.9995059967
0.9996975660
0.9998031855
0.9996289611
0.9995819330
0.9996882677
0.9996500015
0.9996267557
0.9997384548
0.9996449947
0.9997093678
0.9996402860
0.9995222092
0.9996915460
0.9996536374
0.9996278286
0.9995626211
0.9996399283
0.9995971322
0.9995794892
0.9995465279
0.9996191263
0.9995111227
0.9996139407
0.9995474815
0.9993437529
0.9993675947
0.9992736578
0.9996423125
0.9996873140
0.9996504188
0.9994070530
0.9994610548
0.9993487597
0.9994773269
0.9995211363
0.9995646477
0.9996366501
0.9997188449
0.9996522665
0.9994031787
0.9995173812
0.9991171360
0.9995591640
0.9994360209
0.9996420145
0.9996228218
0.9994184971
0.9996367693
0.9996097088
0.9997322559
0.9995919466
0.9995105267
0.9993847609
0.9996203184
0.9996362925
0.9996662140
0.9996663332
0.9996561408
0.9994922876
0.9996647835
0.9996322393
0.9994938374
0.9995917678
0.9996031523
0.9996945858
0.9994433522
0.9995788336
0.9995939732
0.9995050430
0.9995871186
0.9995737076
0.9996383786
0.9994987249
0.9996696711
0.9995038509
0.9996550083
0.9996461868
0.9993712306
0.9995107651
0.9997024536
0.9995068908
0.9996095896
0.9996649027
0.9996434450
0.9995853901
0.9995634556
0.9995639324
0.9996509552
0.9993362427
0.9995048046
0.9994639158
0.9994184375
0.9997603893
0.9995965958
0.9995657802
0.9994220734
0.9995592237
0.9994812012
0.9994555116
0.9995006323
0.9996210337
0.9996594191
0.9997068644
0.9997297525
0.9993487000
0.9996602535
0.9995553493
0.9994775057
0.9996758699
0.9996050596
0.9995166659
0.9996086359
0.9996702671
0.9996496439
0.9993197918
0.9995661974
0.9994868040
0.9993606806
0.9995827675
0.9995136261
0.9994316697
0.9997513294
0.9996483326
0.9996122122
0.9995410442
0.9997103214
0.9994094372
0.9994969368
0.9996668100
0.9996810555
0.9994539022
0.9994789362
0.9996775389
0.9995359778
0.9994912148
0.9995699525
0.9995729327
0.9995695353
0.9996672869
0.9994419217
0.9995941520
0.9994188547
0.9993378520
0.9996085763
0.9995908737
0.9995174408
0.9996773601
0.9994788170
0.9995135069
0.9995203614
0.9995959997
0.9993111491
0.9994821548
0.9997317791
0.9995664358
0.9997607470
0.9996867180
0.9996559620
0.9994513988
0.9996142983
0.9996955395
0.9996290207
0.9995667934
0.9996757507
0.9994015098
0.9996916056
0.9996049404
0.9996244311
0.9994297028
0.9994654655
0.9995709658
0.9995748401
0.9995692968
0.9995294809
0.9995812774
0.9996265173
0.9994999766
0.9996868372
0.9995486736
0.9995425344
0.9994682074
0.9996106029
0.9996151924
0.9996122718
0.9994472265
0.9995670319
0.9994011521
0.9996525049
0.9996945858
0.9994280338
0.9993818998
0.9994208217
0.9995800257
0.9996035695
0.9996166229
0.9995310307
0.9994183779
0.9995130301
0.9996656179
0.9996212721
0.9996134043
0.9994102716
0.9997328520
0.9996110201
0.9995611310
0.9995074272
0.9994209409
0.9994781613
0.9996196628
0.9996466637
0.9994419813
0.9994499683
0.9996690750
0.9995138645
0.9994664192
0.9996242523
0.9994399548
0.9997537136
0.9996532798
0.9997203946
0.9996826649
0.9996621609
0.9995734692
0.9994240999
0.9995924830
0.9994857311
0.9996181130
0.9996048212
0.9995782375
0.9995459318
0.9995241165
0.9994756579
0.9994993210
0.9995830059
0.9996743202
0.9996464849
0.9994900227
0.9993736148
0.9994721413
0.9995324612
0.9996613264
0.9996621609
0.9996255636
0.9995117188
0.9996191263
0.9993678331
0.9995644093
0.9996300340
0.9996702671
0.9995789528
0.9995871186
0.9996842146
0.9995406866
0.9995515943
0.9996244907
0.9995224476
0.9994702935
0.9996601343
0.9995852113
0.9995816946
0.9996695518
0.9996311665
0.9994927645
0.9994999170
0.9996169806
0.9995279908
0.9993749857
0.9994851351
0.9996116757
0.9994775057
0.9994447231
0.9996284246
0.9996119738
0.9995710254
0.9995363951
0.9995822906
0.9994943738
0.9994602799
0.9995177984
0.9993472099
0.9996287227
0.9994231462
0.9994771481
0.9995690584
0.9996012449
0.9996272326
0.9996128678
0.9996618032
0.9994001389
0.9996225238
0.9996348619
0.9995952845
0.9996563196
0.9995378256
0.9995204210
0.9996233582
0.9994602203
0.9994485378
0.9993865490
0.9996846318
0.9994333982
0.9993619323
0.9996792078
0.9996562004
0.9996518493
0.9993883371
0.9997128844
0.9995810986
0.9996407032
0.9997866154
0.9991875887
0.9997093678
0.9995450377
0.9994751811
0.9996781945
0.9995815754
0.9994529486
0.9996019006
0.9996375442
0.9995808601
0.9994760752
0.9996365309
0.9995642304
0.9994832873
0.9995598197
0.9994167089
0.9994910359
0.9995722771
0.9993478060
0.9996085167
0.9997284412
0.9992789030
0.9996704459
0.9995616674
0.9993684292
0.9994586706
0.9995163679
0.9996905327
0.9995746613
0.9995447397
0.9995300770
0.9996752739
0.9995657206
0.9996159077
0.9996484518
0.9996157289
0.9995613098
0.9994781017
0.9995959401
0.9995753765
0.9995368719
0.9995986223
0.9995299578
0.9994915724
0.9995020628
0.9995439649
0.9995959401
0.9994592667
0.9994498491
0.9996653199
0.9994921684
0.9994535446
0.9996331930
0.9995949864
0.9994771481
0.9994136095
0.9991617203
0.9995123148
0.9993892312
0.9995700121
0.9993230104
0.9994490147
0.9995417595
0.9993792772
0.9994869232
0.9995306134
0.9995745420
0.9994760752
0.9995399117
0.9994597435
0.9995075464
0.9994763136
0.9997222424
0.9995197058
0.9996200800
0.9996200800
0.9993894696
0.9995117188
0.9996403456
0.9996932745
0.9996770620
0.9994843602
0.9995748997
0.9995663762
0.9995675087
0.9997045398
0.9996232986
0.9995008707
0.9996592999
0.9995239973
0.9994721413
0.9996452928
0.9995673895
0.9996460676
0.9993737936
0.9996001720
0.9996681213
0.9995678663
0.9996087551
0.9996879101
0.9993718863
0.9995629787
0.9995796084
0.9996839762
0.9995222092
0.9992864132
0.9995228648
0.9994623661
0.9996111989
0.9996581674
0.9994590878
0.9996398687
0.9996360540
0.9995496273
0.9996136427
0.9995622635
0.9997593760
0.9995280504
0.9994002581
0.9994840622
0.9996061325
0.9995345473
0.9995513558
0.9995790124
0.9996187091
0.9994980097
0.9995974898
0.9994497299
0.9996316433
0.9994741678
0.9993902445
0.9995440841
0.9996977448
0.9994519949
0.9995318055
0.9994888902
0.9996040463
0.9996434450
0.9995892048
0.9995307922
0.9996507168
0.9996598959
0.9993559122
0.9995211959
0.9995082617
0.9994239807
0.9996906519
0.9996761084
0.9996348619
0.9996249676
0.9996317625
0.9996581078
0.9995937347
0.9995545149
0.9996427298
0.9996065497
0.9997209311
0.9996849298
0.9995287061
0.9995874166
0.9996492863
0.9996291995
0.9995074272
0.9995637536
0.9996470213
0.9995394945
0.9995514154
0.9996008277
0.9996618032
0.9996968508
0.9995979071
0.9995725751
0.9996528625
0.9997127652
0.9996883869
0.9996348619
0.9994826913
0.9996593595
0.9996215105
0.9995592237
0.9995833635
0.9996486902
0.9995779395
0.9997076988
0.9995354414
0.9997222424
0.9996355772
0.9995005131
0.9995653629
0.9996219873
0.9996406436
0.9996205568
0.9995182753
0.9995843172
0.9995448589
0.9995942116
0.9995512366
0.9996141195
0.9997110367
0.9996781349
0.9995567203
0.9997729063
0.9996207952
0.9996007681
0.9996501207
0.9996416569
0.9997069836
0.9996445179
0.9995343685
0.9996833801
0.9996252060
0.9995307922
0.9996148348
0.9995018244
0.9995895028
0.9996960163
0.9994696379
0.9996815324
0.9995146394
0.9996492863
0.9995410442
0.9996943474
0.9996392727
0.9997256994
0.9996030331
0.9996194839
0.9995316267
0.9994900227
0.9997132421
0.9995890260
0.9996966124
0.9996509552
0.9996809959
0.9994665384
0.9994754791
0.9996676445
0.9996312857
0.9995089769
0.9995754361
0.9996217489
0.9995762110
0.9996960759
0.9996711016
0.9996119738
0.9996298552
0.9995255470
0.9998006821
0.9996911287
0.9994270205
0.9994952679
0.9995282888
0.9995628595
0.9995592833
0.9996761680
0.9997581244
0.9995207191
0.9995890856
0.9994906187
0.9998276234
0.9996498823
0.9993944168
0.9997071028
0.9995670915
0.9996372461
0.9994693995
0.9993999600
0.9995502830
0.9995702505
0.9995526075
0.9996427298
0.9994072914
0.9996191263
0.9995729327
0.9994941950
0.9996182919
0.9997771978
0.9996418953
0.9993207455
0.9996767640
0.9994062185
0.9995267391
0.9997226596
0.9994574785
0.9995732307
0.9994566441
0.9993623495
0.9994009733
0.9996119738
0.9996989965
0.9995498657
0.9995143414
0.9996081591
0.9996523857
0.9994893670
0.9993833303
0.9994468689
0.9996564388
0.9996030331
0.9996069670
0.9993686676
0.9996108413
0.9993037581
0.9994337559
0.9994693995
0.9996472597
0.9992994070
0.9994521141
0.9995616078
0.9995127916
0.9993779659
0.9992468357
0.9995245337
0.9994872808
0.9995169044
0.9996265173
0.9992954731
0.9993487000
0.9994472861
0.9994190931
0.9995018244
0.9996191263
0.9994661808
0.9995496869
0.9994936585
0.9994370341
0.9995297194
0.9993333817
0.9995130301
0.9996799231
0.9995403290
0.9994782805
0.9994240999
0.9993423820
0.9993963838
0.9995393157
0.9995723963
0.9996191263
0.9994509220
0.9996033907
0.9994770288
0.9995049834
0.9995079041
0.9994981289
0.9994984865
0.9996164441
0.9995771646
0.9995039701
0.9996230006
0.9995566607
0.9994323850
0.9995831251
0.9995212555
0.9996891022
0.9993833899
0.9993927479
0.9994952679
0.9995507002
0.9994830489
0.9993775487
0.9995847940
0.9994134307
0.9995912313
0.9995075464
0.9996131063
0.9995859265
0.9996317625
0.9995304346
0.9995239973
0.9995803833
0.9994356632
0.9995672703
0.9996263385
0.9995634556
0.9996290803
0.9996061921
0.9995759726
0.9993493557
0.9994827509
0.9993833303
0.9995888472
0.9996907711
0.9997469783
0.9995658994
0.9995018840
0.9995145798
0.9997289181
0.9994676113
0.9996174574
0.9995982647
0.9995709062
0.9996130466
0.9995974302
0.9994024038
0.9994895458
0.9994515777
0.9995296001
0.9996396899
0.9996980429
0.9995006323
0.9994979501
0.9996045828
0.9994913340
0.9995540380
0.9993872046
0.9997095466
0.9996558428
0.9995617867
0.9997309446
0.9996102452
0.9994306564
0.9994646907
0.9995803237
0.9996222258
0.9993844032
0.9997162819
0.9996721745
0.9996031523
0.9995908737
0.9995662570
0.9994812012
0.9996824265
0.9995109439
0.9996593595
0.9995918870
0.9996556044
0.9997054338
0.9994894266
0.9995043278
0.9996744394
0.9995523691
0.9995564222
0.9998391867
0.9993882179
0.9995318651
0.9995372295
0.9996101856
0.9996421337
0.9996387362
0.9995636940
0.9995020628
0.9993641376
0.9993362427
0.9996726513
0.9994006753
0.9992942214
0.9994567633
0.9994608164
0.9994984865
0.9993898869
0.9995340109
0.9996402264
0.9996042252
0.9996398687
0.9991391897
0.9995229840
0.9992742538
0.9992485046
0.9995267987
0.9995089769
0.9994158745
0.9997129440
0.9997169971
0.9996637106
0.9995847940
0.9993758202
0.9995411634
0.9995493889
0.9996966720
0.9996417761
0.9997674227
0.9995566607
0.9996215105
0.9995893240
0.9995865822
0.9995131493
0.9995329976
0.9995970130
0.9996837378
0.9994395971
0.9995874166
0.9995902777
0.9996875525
0.9994302988
0.9995102882
0.9996622205
0.9994094968
0.9997382164
0.9995495081
0.9994850159
0.9994469881
0.9996160269
0.9996818304
0.9996997118
0.9994835854
0.9994801283
0.9996563792
0.9996979237
0.9995724559
0.9994614124
0.9995656013
0.9996523857
0.9997277260
0.9992679358
0.9996132851
0.9995080829
0.9995998144
0.9995008111
0.9995449781
0.9996192455
0.9994388819
0.9996533990
0.9994205832
0.9995828867
0.9994875193
0.9994221926
0.9996169806
0.9993570447
0.9996194839
0.9995857477
0.9997838140
0.9993714094
0.9994081259
0.9994326830
0.9995406866
0.9993944168
0.9994654059
0.9995276928
0.9995880127
0.9996617436
0.9993641376
0.9994747043
0.9994110465
0.9994265437
0.9995226860
0.9994882941
0.9995931387
0.9996103644
0.9994689226
0.9996014833
0.9996446371
0.9994553328
0.9996342659
0.9995310307
0.9995783567
0.9996705055
0.9994758368
0.9994994998
0.9996279478
0.9994398355
0.9996193647
0.9996212125
0.9995796680
0.9995200634
0.9993253946
0.9995973110
0.9995452166
0.9995566607
0.9996434450
0.9996188879
0.9996015429
0.9994634390
0.9996267557
0.9993984699
0.9994037151
0.9996248484
0.9996921420
0.9996521473
0.9994934201
0.9996236563
0.9996216297
0.9994831085
0.9994293451
0.9997400045
0.9995499849
0.9995906949
0.9994940758
0.9995975494
0.9994652271
0.9994571805
0.9994072914
0.9995124340
0.9995400906
0.9997997284
0.9993814230
0.9995291233
0.9993270040
0.9995871782
0.9994798899
0.9995631576
0.9997375607
0.9995121956
0.9995886683
0.9995062351
0.9995387793
0.9993638992
0.9995920658
0.9995632172
0.9994575381
0.9996020794
0.9996184111
0.9991408587
0.9994245172
0.9993758202
0.9996219873
0.9993940592
0.9994617701
0.9993202686
0.9994277954
0.9994864464
0.9994660616
0.9996151328
0.9996055961
0.9995025396
0.9995091558
0.9994734526
0.9995444417
0.9992932081
0.9993895292
0.9995462894
0.9995939732
0.9995259643
0.9994626045
0.9997378588
0.9992261529
0.9994332790
0.9994548559
0.9994096756
0.9994955063
0.9994158745
0.9993362427
0.9993363619
0.9995126724
0.9992849231
0.9993968010
0.9994161129
0.9995152950
0.9994533658
0.9994769096
0.9997028112
0.9993320704
0.9992541075
0.9993340969
0.9991369843
0.9994887114
0.9994490147
0.9996123314
0.9996303320
0.9994962215
0.9995595813
0.9993399382
0.9994655848
0.9993902445
0.9995815158
0.9995266199
0.9994497299
0.9994755983
0.9993889332
0.9995158911
0.9994825125
0.9994560480
0.9993227124
0.9994235635
0.9993389845
0.9995496869
0.9993388653
0.9993087649
0.9992384315
0.9995135069
0.9995298386
0.9994874597
0.9993179440
0.9994415641
0.9995921850
0.9995594025
0.9995039701
0.9993777275
0.9994240403
0.9997203350
0.9995143414
0.9993189573
0.9992039204
0.9993191957
0.9996924996
0.9994040728
0.9992358685
0.9995915890
0.9993867874
0.9989686012
0.9995433688
0.9991527796
0.9995875359
0.9995801449
0.9996291399
0.9994201660
0.9993291497
0.9995192289
0.9995846748
0.9994387627
0.9996533990
0.9994585514
0.9993578196
0.9996418953
0.9994739294
0.9994832277
0.9994121790
0.9996775985
0.9994132519
0.9997757673
0.9995173812
0.9996715188
0.9996381402
0.9996733665
0.9996488094
0.9992102385
0.9992666245
0.9995272160
0.9994937181
0.9994218349
0.9993793964
0.9995669127
0.9995224476
0.9994634390
0.9994959235
0.9995071888
0.9995381832
0.9996547699
0.9993222952
0.9994553328
0.9994213581
0.9997212887
0.9996508360
0.9994355440
0.9995480776
0.9994221926
0.9994509816
0.9995769858
0.9993562102
0.9995696545
0.9996415973
0.9995850325
0.9995568991
0.9996498823
0.9995542169
0.9994537830
0.9994878173
0.9996528625
0.9994145632
0.9995484352
0.9996151328
0.9993048906
0.9996581674
0.9993929863
0.9996477365
0.9995491505
0.9996231198
0.9994336367
0.9994771481
0.9994513392
0.9994695783
0.9993859529
0.9993878007
0.9993642569
0.9995608330
0.9996639490
0.9994247556
0.9996347427
0.9995205998
0.9995591044
0.9995747805
0.9992934465
0.9997491241
0.9994866848
0.9995356798
0.9997186661
0.9996538162
0.9995352030
0.9996711612
0.9995774627
0.9995641708
0.9995155931
0.9996652603
0.9993986487
0.9994825125
0.9994829893
0.9995616674
0.9996566772
0.9995463490
0.9996439219
0.9995349646
0.9996461868
0.9995523691
0.9994638562
0.9994697571
0.9996526241
0.9995962977
0.9995589256
0.9996883869
0.9995776415
0.9997193813
0.9996928573
0.9996064901
0.9996448755
0.9995576143
0.9994083643
0.9996058941
0.9994615316
0.9996109009
0.9995286465
0.9996513128
0.9995504618
0.9996280670
0.9995163679
0.9994558692
0.9993481040
0.9996202588
0.9995197654
0.9996273518
0.9994241595
0.9994626045
0.9994343519
0.9996808767
0.9995015264
0.9995543957
0.9996149540
0.9993718863
0.9995650053
0.9992910624
0.9996044636
0.9996245503
0.9997414351
0.9995344281
0.9996597767
0.9995821714
0.9996315837
0.9996538162
0.9994697571
0.9993370771
0.9996433258
0.9996495247
0.9996669292
0.9995828867
0.9994125366
0.9996255636
0.9995537400
0.9994823933
0.9994444847
0.9995815754
0.9995701313
0.9993813038
0.9996445179
0.9994852543
0.9994542599
0.9996819496
0.9996930361
0.9994854331
0.9996539354
0.9993193746
0.9993325472
0.9994367957
0.9994385242
0.9995245337
0.9994766712
0.9993762970
0.9995487928
0.9994465113
0.9995170832
0.9994560480
0.9994636178
0.9994523525
0.9995284081
0.9994708300
0.9993313551
0.9996895790
0.9994983673
0.9992914200
0.9995728731
0.9994536638
0.9995186329
0.9994561672
0.9995599985
0.9994601011
0.9994390607
0.9991697073
0.9994027615
0.9994832873
0.9995690584
0.9993665218
0.9994246960
0.9995472431
0.9995101690
0.9995256662
0.9997169971
0.9995709658
0.9995543361
0.9993158579
0.9994852543
0.9995733500
0.9993981123
0.9993975163
0.9994632006
0.9991970658
0.9995895624
0.9992812276
0.9994301796
0.9989163876
0.9994424582
0.9992119074
0.9990590811
0.9995570183
0.9994148016
0.9995232821
0.9993371964
0.9996328354
0.9993410707
0.9994093180
0.9992397428
0.9995442629
0.9995619655
0.9994117022
0.9992156029
0.9992828369
0.9994128942
0.9992358685
0.9992964268
0.9992231131
0.9994889498
0.9996213913
0.9994751215
0.9993555546
0.9995976686
0.9993577003
0.9993535876
0.9995788336
0.9993795753
0.9993562698
0.9992009401
0.9996464849
0.9996008873
0.9991546869
0.9993920326
0.9993667603
0.9994049072
0.9992568493
0.9991777539
0.9995056391
0.9994343519
0.9996948242
0.9993822575
0.9994441271
0.9994919300
0.9994789958
0.9996355772
0.9994186163
0.9994684458
0.9996705055
0.9995367527
0.9994971752
0.9995546937
0.9994286299
0.9995020628
0.9995346069
0.9993869066
0.9987602830
0.9994816780
0.9994978905
0.9993393421
0.9995193481
0.9995872974
0.9994869232
0.9995869398
0.9994710684
0.9996412396
0.9996422529
0.9996975660
0.9995976090
0.9996269941
0.9993499517
0.9994192123
0.9995158911
0.9993312359
0.9994599819
0.9994929433
0.9992737174
0.9996282458
0.9992083311
0.9994998574
0.9995415211
0.9992787242
0.9995238781
0.9991124868
0.9996696115
0.9996157885
0.9995638132
0.9996711612
0.9994716644
0.9994902015
0.9992438555
0.9995570779
0.9993821383
0.9994510412
0.9994288087
0.9997397661
0.9996942282
0.9996546507
0.9995501041
0.9993978143
0.9994672537
0.9996242523
0.9993577003
0.9995612502
0.9994158745
0.9992667437
0.9994661212
0.9995439649
0.9994549751
0.9995033145
0.9992885590
0.9994407892
0.9994220734
0.9997272491
0.9994888306
0.9995425940
0.9996225238
0.9996858835
0.9994460940
0.9996424913
0.9995815754
0.9995681047
0.9995744824
0.9995783567
0.9995080233
0.9995970726
0.9996783733
0.9997116327
0.9996448755
0.9997082949
0.9994876385
0.9996434450
0.9995778799
0.9994848371
0.9995204210
0.9996153712
0.9996666908
0.9994907379
0.9995363355
0.9995733500
0.9997285604
0.9997220635
0.9996489286
0.9994046688
0.9994649887
0.9995990992
0.9993821979
0.9996638298
0.9997506738
0.9995887280
0.9996126890
0.9995748997
0.9996148348
0.9995106459
0.9994902611
0.9995863438
0.9996150136
0.9996677637
0.9995744228
0.9994452596
0.9995529652
0.9996308088
0.9995234013
0.9994945526
0.9995779991
0.9995951653
0.9996962547
0.9995304346
0.9994482994
0.9997543097
0.9996529818
0.9994961023
0.9996615648
0.9996167421
0.9994688034
0.9995716810
0.9995428920
0.9996886253
0.9996122122
0.9995779991
0.9996606112
0.9995155931
0.9997155666
0.9995815754
0.9996174574
0.9996065497
0.9996131659
0.9994726181
0.9994812012
0.9996600747
0.9995748997
0.9995924830
0.9996528625
0.9994532466
0.9995136261
0.9995572567
0.9994970560
0.9995324612
0.9994373322
0.9995393753
0.9995032549
0.9996708035
0.9995137453
0.9994013906
0.9996048212
0.9996615648
0.9996769428
0.9995294809
0.9996422529
0.9994983673
0.9993728399
0.9993255138
0.9995214939
0.9995190501
0.9996529818
0.9995047450
0.9995270967
0.9995465279
0.9992515445
0.9992148876
0.9995920062
0.9997749329
0.9996950626
0.9997104406
0.9995923638
0.9991961718
0.9995636940
0.9996051192
0.9995009303
0.9996056557
0.9995406270
0.9994267821
0.9994729161
0.9994878769
0.9996043444
0.9995430112
0.9994490147
0.9995627403
0.9996824265
0.9997449517
0.9996237755
0.9995747805
0.9995468855
0.9993740320
0.9995192289
0.9996061325
0.9995518923
0.9994876981
0.9994246960
0.9994579554
0.9995377660
0.9994643927
0.9995157123
0.9995994568
0.9993861318
0.9996007085
0.9995655417
0.9994380474
0.9995613098
0.9994789362
0.9996477962
0.9992656708
0.9995776415
0.9994429350
0.9995068312
0.9995632172
0.9996277094
0.9995096326
0.9992804527
0.9995973110
0.9994807243
0.9994025826
0.9994488955
0.9993679523
0.9996256828
0.9995424747
0.9994486570
0.9995148182
0.9994106293
0.9996174574
0.9994832277
0.9996732473
0.9995253682
0.9991469383
0.9993163943
0.9996076822
0.9994618893
0.9995599985
0.9994883537
0.9994660616
0.9994969368
0.9995189905
0.9994833469
0.9995123148
0.9994661808
0.9995788336
0.9994211197
0.9994733334
0.9997348785
0.9994715452
0.9995038509
0.9997203350
0.9996706247
0.9995312691
0.9994483590
0.9995094538
0.9996099472
0.9992614985
0.9996458292
0.9996979237
0.9995543957
0.9995335937
0.9995346665
0.9994800687
0.9997391701
0.9993748069
0.9996551275
0.9994349480
0.9993627667
0.9997433424
0.9992438555
0.9997079968
0.9995163679
0.9995173216
0.9993261099
0.9997242689
0.9991178513
0.9994444847
0.9994531870
0.9995722771
0.9992645979
0.9996340275
0.9995778799
0.9993873835
0.9971207380
0.9975754619
0.9984755516
0.9967215061
0.9957168102
0.9968380332
0.9973294735
0.9977043867
0.9976785183
0.9974318743
0.9981376529
0.9978640079
0.9971125722
0.9971647263
0.9973586202
0.9956955910
0.9967061877
0.9969665408
0.9977297187
0.9971448183
0.9986910820
0.9982608557
0.9976702929
0.9979571104
0.9980506301
0.9978731275
0.9977223873
0.9983856082
0.9980995655
0.9983738661
0.9978922606
0.9980333447
0.9981851578
0.9984102845
0.9975103140
0.9977167845
0.9982172251
0.9980666637
0.9973339438
0.9978280663
0.9976018667
0.9978758097
0.9975579977
0.9973412752
0.9981671572
0.9973988533
0.9985166788
0.9981105924
0.9971238375
0.9973177910
0.9974533319
0.9976968765
0.9982924461
0.9971848130
0.9979877472
0.9987442493
0.9983989596
0.9980751276
0.9978129864
0.9976750612
0.9979323745
0.9985882640
0.9962831736
0.9980880022
0.9977576733
0.9983621836
0.9966784716
0.9981201291
0.9983788729
0.9969406724
0.9986940622
0.9979799390
0.9982581139
0.9972543120
0.9969848394
0.9982867241
0.9978230596
0.9980492592
0.9976890087
0.9984433651
0.9974545240
0.9965065718
0.9972351789
0.9975070953
0.9974812269
0.9969702959
0.9975631237
0.9982317686
0.9977866411
0.9962204695
0.9978535175
0.9976900816
0.9973290563
0.9972668886
0.9976928234
0.9973857403
0.9977355003
0.9976786375
0.9981857538
0.9983645678
0.9975641966
0.9979369640
0.9982420802
0.9975519180
0.9980563521
0.9977920651
0.9976602793
0.9980195761
0.9974623919
0.9972091913
0.9984959960
0.9976958036
0.9977652431
0.9971114397
0.9978117943
0.9978425503
0.9975920320
0.9980278015
0.9980710745
0.9978078604
0.9978866577
0.9981606007
0.9973889589
0.9969790578
0.9979443550
0.9987118244
0.9977885485
0.9974884391
0.9981462359
0.9980239868
0.9979490042
0.9971547127
0.9983263016
0.9976774454
0.9978530407
0.9980057478
0.9980587959
0.9975545406
0.9980757236
0.9973968267
0.9971694946
0.9980634451
0.9987246394
0.9972374439
0.9979608059
0.9975408316
0.9979394674
0.9974989295
0.9980785251
0.9985284805
0.9983932972
0.9984193444
0.9975697994
0.9979999065
0.9977475405
0.9979376793
0.9980418086
0.9980766773
0.9979433417
0.9976246357
0.9972218275
0.9975494146
0.9966542721
0.9976404309
0.9981994033
0.9973335266
0.9972012639
0.9981710911
0.9977777004
0.9978803396
0.9984657764
0.9981557131
0.9970527887
0.9977700710
0.9982403517
0.9974851608
0.9976304770
0.9980248213
0.9970034957
0.9978075624
0.9976629019
0.9976090193
0.9985770583
0.9969831705
0.9972705245
0.9973785281
0.9971965551
0.9975885153
0.9965928793
0.9975069761
0.9975590110
0.9982035160
0.9973938465
0.9974323511
0.9973748922
0.9978660941
0.9969246387
0.9976210594
0.9980576038
0.9971246123
0.9973345995
0.9981080294
0.9964554310
0.9969320893
0.9977396727
0.9976191521
0.9981155396
0.9981844425
0.9980952740
0.9967540503
0.9972258806
0.9967353940
0.9973069429
0.9982838631
0.9976956844
0.9978870153
0.9972155094
0.9975247383
0.9971439838
0.9977968931
0.9972698092
0.9970715642
0.9972288013
0.9975044131
0.9959321022
0.9971503019
0.9960103035
0.9972807169
0.9972760677
0.9975107908
0.9975033402
0.9973614216
0.9978803992
0.9978975058
0.9986060262
0.9966298342
0.9964592457
0.9981912374
0.9973331690
0.9971467257
0.9972617626
0.9969747066
0.9982748032
0.9973244667
0.9961794615
0.9979914427
0.9966518879
0.9965631962
0.9977518320
0.9968924522
0.9982347488
0.9977710843
0.9980362058
0.9979063272
0.9979196787
0.9964851141
0.9979126453
0.9975665808
0.9983504415
0.9971280098
0.9972485304
0.9984040856
0.9971219301
0.9980536699
0.9974147081
0.9983149767
0.9971311092
0.9986336231
0.9980092645
0.9972324371
0.9977294207
0.9984979033
0.9978204370
0.9958111048
0.9967626333
0.9980840683
0.9968765378
0.9962378740
0.9969510436
0.9979078770
0.9978477955
0.9973863363
0.9971728325
0.9970424771
0.9974874854
0.9981376529
0.9972352386
0.9970120788
0.9967274666
0.9985191822
0.9976339340
0.9974236488
0.9978594780
0.9973533750
0.9968079329
0.9982080460
0.9973210096
0.9978948236
0.9982897639
0.9980104566
0.9974437952
0.9975500107
0.9977902174
0.9969780445
0.9970465899
0.9980322123
0.9978306293
0.9981060028
0.9976068139
0.9965290427
0.9982343912
0.9974821806
0.9979659915
0.9972486496
0.9977910519
0.9969426394
0.9969589710
0.9977712631
0.9977101684
0.9977648854
0.9972280860
0.9975066781
0.9976658821
0.9980143309
0.9963210821
0.9980092645
0.9978240728
0.9979044199
0.9976834655
0.9970627427
0.9980727434
0.9970678687
0.9970047474
0.9985852838
0.9983834028
0.9969547987
0.9981270432
0.9982711673
0.9973088503
0.9971628189
0.9982939959
0.9973959923
0.9972094297
0.9973659515
0.9979737997
0.9982349277
0.9971460104
0.9982284307
0.9978407025
0.9985935688
0.9982032776
0.9974985123
0.9972423315
0.9980678558
0.9980246425
0.9977893829
0.9980013371
0.9976463318
0.9987192750
0.9980072975
0.9978358150
0.9978879690
0.9975023270
0.9974734187
0.9979774952
0.9983000755
0.9978137016
0.9977726936
0.9982190132
0.9978897572
0.9978127480
0.9967532158
0.9968887568
0.9973299503
0.9980272651
0.9972298145
0.9980843663
0.9971576929
0.9979070425
0.9967045784
0.9985907078
0.9970798492
0.9975855350
0.9983744621
0.9969907403
0.9970403314
0.9973497391
0.9979593754
0.9982436895
0.9979555607
0.9982619286
0.9982374907
0.9979262352
0.9980603456
0.9978631735
0.9974117875
0.9974589348
0.9984561801
0.9977429509
0.9981989264
0.9978110790
0.9981244802
0.9978705645
0.9974542856
0.9975960255
0.9973875880
0.9978052378
0.9974358082
0.9969562292
0.9981583953
0.9968348742
0.9969433546
0.9985568523
0.9982683659
0.9971566200
0.9979546070
0.9976923466
0.9976468086
0.9974408150
0.9978462458
0.9979798198
0.9976069927
0.9968148470
0.9982855320
0.9977848530
0.9978374839
0.9972565174
0.9971543550
0.9975636005
0.9981409311
0.9976631403
0.9975329638
0.9979791641
0.9981571436
0.9971390963
0.9980777502
0.9969185591
0.9975697994
0.9966912270
0.9975971580
0.9978265762
0.9981153011
0.9961535931
0.9972375631
0.9980099797
0.9976803064
0.9975056648
0.9974792004
0.9983046651
0.9976097345
0.9976668358
0.9981548190
0.9980761409
0.9980679750
0.9976389408
0.9971553087
0.9981335998
0.9969779253
0.9975045919
0.9974033237
0.9973852634
0.9982327223
0.9968280196
0.9980888963
0.9952138066
0.9973650575
0.9974898696
0.9971576929
0.9974213243
0.9966654181
0.9977470636
0.9972597361
0.9977674484
0.9976942539
0.9976074100
0.9970954657
0.9978131652
0.9981384277
0.9982134104
0.9969047904
0.9972916842
0.9982585907
0.9966297746
0.9970797300
0.9970591664
0.9977924228
0.9977555275
0.9977033138
0.9968962073
0.9979857206
0.9962859154
0.9964011908
0.9976958036
0.9974731207
0.9974324703
0.9961968660
0.9983292818
0.9981700182
0.9961382151
0.9959697723
0.9964445829
0.9975907803
0.9973001480
0.9975936413
0.9973902106
0.9975286722
0.9978606701
0.9974390268
0.9972876906
0.9971396923
0.9973790050
0.9985237718
0.9979416132
0.9964247942
0.9981262684
0.9973548651
0.9968210459
0.9979857802
0.9966616035
0.9977645874
0.9979493618
0.9973717928
0.9958086014
0.9981858730
0.9974620342
0.9972811937
0.9972771406
0.9975492954
0.9971011877
0.9981259108
0.9976893663
0.9982008934
0.9977940321
0.9980349541
0.9981175661
0.9985479116
0.9965400696
0.9977121949
0.9974769950
0.9963874817
0.9967987537
0.9975215793
0.9965759516
0.9974985719
0.9961168170
0.9978870153
0.9972764850
0.9974815249
0.9970190525
0.9967520237
0.9978710413
0.9977970719
0.9982119799
0.9981154799
0.9968216419
0.9970885515
0.9968299866
0.9972939491
0.9972484708
0.9974302053
0.9973717928
0.9984946251
0.9982442856
0.9982647300
0.9971081018
0.9973051548
0.9973205328
0.9973716736
0.9973472357
0.9978351593
0.9974623919
0.9976881146
0.9974099398
0.9976717234
0.9972805381
0.9967954159
0.9969039559
0.9967267513
0.9971473813
0.9979283810
0.9981929660
0.9982562065
0.9978088737
0.9983127117
0.9970459938
0.9979125261
0.9974982738
0.9975306988
0.9973107576
0.9979528189
0.9958241582
0.9979253411
0.9978629351
0.9981803298
0.9982392192
0.9983835220
0.9971508980
0.9969692230
0.9979381561
0.9972851872
0.9965308905
0.9976787567
0.9979522228
0.9975754023
0.9972704053
0.9981900454
0.9985210299
0.9983559847
0.9982197285
0.9970052242
0.9970417023
0.9973700047
0.9968899488
0.9978787899
0.9984691739
0.9983367324
0.9975367188
0.9978634119
0.9974522591
0.9975684881
0.9971277714
0.9978896379
0.9980610609
0.9976886511
0.9979261756
0.9969910383
0.9976959229
0.9982534051
0.9976844788
0.9975769520
0.9973357320
0.9975433350
0.9979410768
0.9972676039
0.9973216057
0.9980555773
0.9978522658
0.9970382452
0.9976242185
0.9983884096
0.9973362088
0.9971873760
0.9981691837
0.9983606339
0.9982740879
0.9981575012
0.9986023903
0.9978284836
0.9985438585
0.9980658293
0.9975771904
0.9976755977
0.9977663755
0.9969695807
0.9976429343
0.9979180098
0.9975746274
0.9987577200
0.9985196590
0.9975026250
0.9972865582
0.9975582361
0.9980555773
0.9979243279
0.9972477555
0.9977358580
0.9979901314
0.9982093573
0.9976067543
0.9977291822
0.9980921745
0.9979048967
0.9982677698
0.9976952076
0.9981631041
0.9976043701
0.9970262051
0.9968431592
0.9982404113
0.9970673919
0.9982556105
0.9976022243
0.9971537590
0.9975163341
0.9978942871
0.9964962006
0.9983330965
0.9984838963
0.9983326197
0.9988865852
0.9980676174
0.9970200062
0.9981039762
0.9982855320
0.9975043535
0.9982473254
0.9977011681
0.9970822334
0.9976918101
0.9982851148
0.9980827570
0.9981649518
0.9979884624
0.9980293512
0.9981786609
0.9983712435
0.9980870485
0.9980711341
0.9975768328
0.9969166517
0.9973153472
0.9983245134
0.9979031086
0.9976569414
0.9975612164
0.9977918267
0.9980149865
0.9977616668
0.9981399775
0.9970964193
0.9966987371
0.9980028868
0.9979301691
0.9966433644
0.9975990057
0.9980473518
0.9982709289
0.9977202415
0.9976298809
0.9972229004
0.9974179268
0.9977502823
0.9973721504
0.9976047873
0.9978367090
0.9979691505
0.9977785349
0.9962942600
0.9980785251
0.9974012971
0.9982793331
0.9973230958
0.9975135326
0.9969222546
0.9973795414
0.9980748892
0.9965318441
0.9986207485
0.9971561432
0.9965312481
0.9972504973
0.9979504943
0.9976307154
0.9981482029
0.9973671436
0.9973776340
0.9974608421
0.9972996712
0.9975603819
0.9979029894
0.9974910021
0.9981048107
0.9975889921
0.9976373911
0.9984812737
0.9979757071
0.9978219271
0.9982590079
0.9986068010
0.9972424507
0.9972480536
0.9980072975
0.9983152151
0.9974655509
0.9981130362
0.9980680346
0.9975936413
0.9976731539
0.9975160360
0.9981924295
0.9981323481
0.9978580475
0.9983395338
0.9970616102
0.9970103502
0.9985632896
0.9966872334
0.9981877804
0.9977170825
0.9975985885
0.9974429607
0.9986901283
0.9965410233
0.9973741174
0.9974403381
0.9982082844
0.9963606596
0.9984077215
0.9972316027
0.9973511696
