0.9999969006
0.9999974370
0.9999957085
0.9999974370
0.9999980927
0.9999967813
0.9999963045
0.9999967217
0.9999982715
0.9999970198
0.9999961853
0.9999967813
0.9999948740
0.9999961853
0.9999977350
0.9999967217
0.9999969006
0.9999959469
0.9999977946
0.9999976754
0.9999967813
0.9999948740
0.9999917746
0.9999953508
0.9999965429
0.9999971986
0.9999942780
0.9999976158
0.9999957085
0.9999955893
0.9999957085
0.9999953508
0.9999967813
0.9999959469
0.9999952316
0.9999958277
0.9999963045
0.9999948740
0.9999959469
0.9999958277
0.9999946952
0.9999953508
0.9999968410
0.9999939203
0.9999952316
0.9999947548
0.9999965429
0.9999936819
0.9999957681
0.9999964833
0.9999958277
0.9999946356
0.9999952912
0.9999974370
0.9999959469
0.9999957085
0.9999954700
0.9999933243
0.9999948740
0.9999937415
0.9999936223
0.9999935031
0.9999967813
0.9999959469
0.9999970198
0.9999966621
0.9999961853
0.9999961853
0.9999963045
0.9999955893
0.9999967813
0.9999951124
0.9999954104
0.9999949336
0.9999968410
0.9999958873
0.9999960065
0.9999960661
0.9999964833
0.9999951124
0.9999949932
0.9999974966
0.9999975562
0.9999948144
0.9999965429
0.9999966025
0.9999979138
0.9999964237
0.9999947548
0.9999971390
0.9999957085
0.9999966025
0.9999959469
0.9999976158
0.9999964237
0.9999960661
0.9999928474
0.9999963641
0.9999955893
0.9999951720
0.9999952912
0.9999949932
0.9999978542
0.9999960661
0.9999960065
0.9999961853
0.9999927878
0.9999958873
0.9999949932
0.9999929667
0.9999939799
0.9999952316
0.9999928474
0.9999927282
0.9999946952
0.9999958277
0.9999943972
0.9999967217
0.9999954104
0.9999942780
0.9999947548
0.9999944568
0.9999937415
0.9999872446
0.9999960661
0.9999932051
0.9999961853
0.9999940395
0.9999953508
0.9999959469
0.9999921918
0.9999933243
0.9999930859
0.9999899268
0.9999917746
0.9999945164
0.9999955893
0.9999957085
0.9999915957
0.9999909401
0.9999912977
0.9999917746
0.9999880195
0.9999808669
0.9999881983
0.9999910593
0.9999879599
0.9999895096
0.9999929667
0.9999953508
0.9999947548
0.9999966621
0.9999933243
0.9999940991
0.9999938011
0.9999911785
0.9999971986
0.9999955297
0.9999940395
0.9999958277
0.9999939799
0.9999951124
0.9999936819
0.9999929667
0.9999932051
0.9999876022
0.9999940991
0.9999916553
0.9999885559
0.9999890327
0.9999913573
0.9999960065
0.9999874234
0.9999928474
0.9999927878
0.9999945164
0.9999921322
0.9999939203
0.9999886751
0.9999875426
0.9999924302
0.9999879003
0.9999934435
0.9999877810
0.9999911785
0.9999914169
0.9999924898
0.9999908805
0.9999922514
0.9999937415
0.9999946356
0.9999926686
0.9999926090
0.9999924898
0.9999947548
0.9999949932
0.9999966621
0.9999900460
0.9999908209
0.9999897480
0.9999946356
0.9999934435
0.9999946356
0.9999929667
0.9999946356
0.9999972582
0.9999960661
0.9999972582
0.9999959469
0.9999951124
0.9999979734
0.9999964237
0.9999964237
0.9999969006
0.9999970198
0.9999981523
0.9999983907
0.9999985695
0.9999970198
0.9999941587
0.9999961853
0.9999972582
0.9999935627
0.9999930263
0.9999975562
0.9999949932
0.9999941587
0.9999971390
0.9999898672
0.9999964237
0.9999960065
0.9999952316
0.9999957085
0.9999921918
0.9999924898
0.9999950528
0.9999914169
0.9999930859
0.9999945164
0.9999951720
0.9999961853
0.9999964833
0.9999978542
0.9999956489
0.9999947548
0.9999944568
0.9999957085
0.9999952316
0.9999937415
0.9999954104
0.9999912977
0.9999949336
0.9999964833
0.9999928474
0.9999927878
0.9999933243
0.9999953508
0.9999945164
0.9999969006
0.9999957085
0.9999940395
0.9999953508
0.9999952316
0.9999955893
0.9999957085
0.9999971986
0.9999952316
0.9999948740
0.9999941587
0.9999945164
0.9999983311
0.9999961853
0.9999957085
0.9999969602
0.9999972582
0.9999930859
0.9999946356
0.9999974370
0.9999952912
0.9999974966
0.9999952316
0.9999949932
0.9999940395
0.9999923706
0.9999936819
0.9999971986
0.9999972582
0.9999960065
0.9999943376
0.9999921322
0.9999972582
0.9999929070
0.9999948740
0.9999963045
0.9999967217
0.9999955893
0.9999928474
0.9999974966
0.9999941587
0.9999958277
0.9999964237
0.9999958277
0.9999957681
0.9999968410
0.9999971390
0.9999964237
0.9999964237
0.9999961853
0.9999954700
0.9999979734
0.9999954700
0.9999964237
0.9999938011
0.9999971986
0.9999932051
0.9999950528
0.9999946356
0.9999930859
0.9999969006
0.9999960661
0.9999952316
0.9999945164
0.9999983907
0.9999967813
0.9999947548
0.9999955893
0.9999949932
0.9999961257
0.9999971390
0.9999963045
0.9999921918
0.9999928474
0.9999976158
0.9999955893
0.9999948740
0.9999977350
0.9999946356
0.9999943972
0.9999926686
0.9999939203
0.9999949932
0.9999959469
0.9999967813
0.9999951124
0.9999964237
0.9999951720
0.9999972582
0.9999957681
0.9999969006
0.9999963641
0.9999927878
0.9999976158
0.9999985695
0.9999965429
0.9999949932
0.9999957085
0.9999965429
0.9999955297
0.9999940395
0.9999958873
0.9999958873
0.9999961853
0.9999961257
0.9999954700
0.9999963641
0.9999960661
0.9999976754
0.9999973774
0.9999944568
0.9999959469
0.9999958873
0.9999982119
0.9999957085
0.9999963641
0.9999965429
0.9999964237
0.9999949932
0.9999976158
0.9999948144
0.9999967217
0.9999934435
0.9999976158
0.9999951124
0.9999946356
0.9999927282
0.9999951124
0.9999951124
0.9999961853
0.9999973178
0.9999970198
0.9999963045
0.9999957085
0.9999949932
0.9999967217
0.9999949932
0.9999945164
0.9999874830
0.9999927878
0.9999902844
0.9999906421
0.9999915361
0.9999936819
0.9999918938
0.9999953508
0.9999954104
0.9999940395
0.9999964237
0.9999963045
0.9999958873
0.9999918938
0.9999942780
0.9999948740
0.9999979734
0.9999897480
0.9999964833
0.9999951124
0.9999980330
0.9999966621
0.9999942780
0.9999958277
0.9999954700
0.9999938607
0.9999938607
0.9999945164
0.9999949336
0.9999934435
0.9999887347
0.9999939203
0.9999893904
0.9999921322
0.9999934435
0.9999915957
0.9999893308
0.9999873638
0.9999912977
0.9999924898
0.9999932647
0.9999941587
0.9999938607
0.9999946356
0.9999954700
0.9999961853
0.9999946952
0.9999942780
0.9999963045
0.9999935031
0.9999967813
0.9999942780
0.9999907017
0.9999919534
0.9999899864
0.9999935627
0.9999922514
0.9999926090
0.9999861717
0.9999912977
0.9999884367
0.9999903440
0.9999916553
0.9999960065
0.9999914169
0.9999910593
0.9999952912
0.9999942780
0.9999951124
0.9999889135
0.9999809265
0.9999918938
0.9999931455
0.9999933243
0.9999904633
0.9999919534
0.9999897480
0.9999896288
0.9999946356
0.9999898672
0.9999919534
0.9999944568
0.9999930859
0.9999958873
0.9999919534
0.9999952912
0.9999952912
0.9999921918
0.9999908805
0.9999917746
0.9999929667
0.9999904037
0.9999930859
0.9999939203
0.9999930859
0.9999923110
0.9999948740
0.9999935627
0.9999965429
0.9999971390
0.9999947548
0.9999955297
0.9999974370
0.9999959469
0.9999976754
0.9999963641
0.9999985695
0.9999976754
0.9999974370
0.9999964237
0.9999977350
0.9999980330
0.9999973178
0.9999960661
0.9999960065
0.9999942183
0.9999933243
0.9999916553
0.9999939203
0.9999957085
0.9999923706
0.9999961853
0.9999954700
0.9999941587
0.9999945164
0.9999920130
0.9999928474
0.9999936819
0.9999967813
0.9999966621
0.9999962449
0.9999952316
0.9999899864
0.9999938011
0.9999942183
0.9999930859
0.9999932051
0.9999915957
0.9999908209
0.9999939203
0.9999976158
0.9999896884
0.9999948144
0.9999964237
0.9999976158
0.9999969006
0.9999938011
0.9999929667
0.9999923706
0.9999943972
0.9999925494
0.9999959469
0.9999940395
0.9999957085
0.9999964237
0.9999941587
0.9999964833
0.9999942780
0.9999928474
0.9999969006
0.9999957085
0.9999964237
0.9999955297
0.9999945164
0.9999967813
0.9999932051
0.9999931455
0.9999954700
0.9999979734
0.9999955297
0.9999969006
0.9999939203
0.9999949932
0.9999954104
0.9999963641
0.9999950528
0.9999958873
0.9999955893
0.9999969006
0.9999955893
0.9999951720
0.9999960661
0.9999942780
0.9999954700
0.9999961257
0.9999960661
0.9999973774
0.9999958277
0.9999961853
0.9999969602
0.9999942780
0.9999958277
0.9999960661
0.9999963045
0.9999968410
0.9999955297
0.9999967813
0.9999970794
0.9999961853
0.9999950528
0.9999969602
0.9999934435
0.9999971390
0.9999964237
0.9999939203
0.9999932051
0.9999955893
0.9999957085
0.9999974966
0.9999961257
0.9999969006
0.9999966621
0.9999951124
0.9999954700
0.9999940991
0.9999977350
0.9999953508
0.9999957085
0.9999965429
0.9999942183
0.9999947548
0.9999938607
0.9999965429
0.9999928474
0.9999965429
0.9999955893
0.9999958277
0.9999949932
0.9999949336
0.9999943972
0.9999960661
0.9999960661
0.9999936819
0.9999933243
0.9999950528
0.9999963045
0.9999947548
0.9999963641
0.9999929667
0.9999926686
0.9999946356
0.9999961853
0.9999970198
0.9999960065
0.9999938011
0.9999950528
0.9999971390
0.9999961853
0.9999960065
0.9999971390
0.9999963045
0.9999956489
0.9999965429
0.9999960065
0.9999938011
0.9999959469
0.9999976158
0.9999964237
0.9999961257
0.9999966025
0.9999970198
0.9999980330
0.9999985695
0.9999969602
0.9999976754
0.9999964237
0.9999973774
0.9999959469
0.9999967217
0.9999971390
0.9999971390
0.9999983311
0.9999936819
0.9999961853
0.9999951720
0.9999967813
0.9999957085
0.9999968410
0.9999945760
0.9999961853
0.9999970794
0.9999954700
0.9999954700
0.9999957085
0.9999979734
0.9999964237
0.9999948144
0.9999961853
0.9999934435
0.9999943972
0.9999970198
0.9999949932
0.9999957085
0.9999943972
0.9999966621
0.9999960661
0.9999960661
0.9999940395
0.9999911189
0.9999937415
0.9999942183
0.9999960661
0.9999916553
0.9999960661
0.9999947548
0.9999944568
0.9999946356
0.9999930859
0.9999955297
0.9999952316
0.9999947548
0.9999952912
0.9999942780
0.9999941587
0.9999937415
0.9999943972
0.9999940991
0.9999924898
0.9999949336
0.9999936819
0.9999946356
0.9999922514
0.9999942780
0.9999928474
0.9999939203
0.9999945164
0.9999939203
0.9999921322
0.9999945164
0.9999960661
0.9999942183
0.9999915361
0.9999948740
0.9999921322
0.9999915957
0.9999927282
0.9999930859
0.9999933243
0.9999948740
0.9999951124
0.9999954700
0.9999952316
0.9999947548
0.9999952316
0.9999945164
0.9999928474
0.9999948144
0.9999938607
0.9999937415
0.9999936819
0.9999964833
0.9999954700
0.9999954104
0.9999946356
0.9999956489
0.9999940991
0.9999935031
0.9999969006
0.9999969602
0.9999948740
0.9999952316
0.9999958277
0.9999969006
0.9999951124
0.9999924898
0.9999959469
0.9999929667
0.9999964237
0.9999948740
0.9999957681
0.9999951124
0.9999939799
0.9999912977
0.9999951124
0.9999932051
0.9999942780
0.9999935031
0.9999942183
0.9999957085
0.9999946356
0.9999960661
0.9999953508
0.9999896884
0.9999923706
0.9999926090
0.9999923110
0.9999915361
0.9999939203
0.9999903440
0.9999918938
0.9999929667
0.9999943972
0.9999949932
0.9999958277
0.9999916553
0.9999932051
0.9999933243
0.9999921322
0.9999926090
0.9999845624
0.9999936819
0.9999909997
0.9999946356
0.9999932051
0.9999939799
0.9999952316
0.9999908209
0.9999930859
0.9999879003
0.9999887943
0.9999891520
0.9999928474
0.9999928474
0.9999939203
0.9999873638
0.9999871254
0.9999887347
0.9999889135
0.9999843240
0.9999752045
0.9999805689
0.9999853373
0.9999866486
0.9999902248
0.9999909997
0.9999910593
0.9999939799
0.9999955893
0.9999904633
0.9999933243
0.9999903440
0.9999897480
0.9999964237
0.9999929667
0.9999926686
0.9999931455
0.9999924302
0.9999927282
0.9999908209
0.9999889731
0.9999926090
0.9999836087
0.9999922514
0.9999883175
0.9999852180
0.9999864101
0.9999885559
0.9999932051
0.9999850988
0.9999907613
0.9999909401
0.9999920130
0.9999896288
0.9999904633
0.9999850392
0.9999879599
0.9999885559
0.9999856353
0.9999881387
0.9999853373
0.9999908209
0.9999880195
0.9999898672
0.9999892712
0.9999887347
0.9999897480
0.9999923706
0.9999897480
0.9999908805
0.9999921322
0.9999930263
0.9999907017
0.9999942780
0.9999889731
0.9999895096
0.9999879599
0.9999905825
0.9999902248
0.9999933243
0.9999902248
0.9999935031
0.9999955893
0.9999936819
0.9999960065
0.9999945164
0.9999946952
0.9999963641
0.9999952316
0.9999949932
0.9999954700
0.9999953508
0.9999973774
0.9999977350
0.9999978542
0.9999967813
0.9999923110
0.9999949932
0.9999966025
0.9999930859
0.9999909401
0.9999963045
0.9999929070
0.9999922514
0.9999969006
0.9999892116
0.9999942183
0.9999942780
0.9999938011
0.9999942183
0.9999899864
0.9999912977
0.9999927878
0.9999905229
0.9999923706
0.9999934435
0.9999934435
0.9999940395
0.9999954700
0.9999967217
0.9999938011
0.9999923706
0.9999928474
0.9999918938
0.9999932647
0.9999929667
0.9999942183
0.9999884367
0.9999943972
0.9999965429
0.9999896884
0.9999910593
0.9999927282
0.9999927282
0.9999943972
0.9999959469
0.9999937415
0.9999924302
0.9999942780
0.9999926090
0.9999951124
0.9999948740
0.9999960661
0.9999938011
0.9999936819
0.9999899864
0.9999924898
0.9999976158
0.9999947548
0.9999951124
0.9999957681
0.9999955893
0.9999908209
0.9999940395
0.9999961853
0.9999942183
0.9999963045
0.9999932647
0.9999934435
0.9999921322
0.9999929667
0.9999886751
0.9999955297
0.9999960661
0.9999944568
0.9999910593
0.9999887347
0.9999954700
0.9999921322
0.9999928474
0.9999950528
0.9999946356
0.9999929070
0.9999921322
0.9999955893
0.9999920726
0.9999933243
0.9999954700
0.9999953508
0.9999939203
0.9999956489
0.9999966621
0.9999963045
0.9999949932
0.9999943972
0.9999946356
0.9999965429
0.9999948740
0.9999946952
0.9999929667
0.9999955893
0.9999915361
0.9999934435
0.9999933839
0.9999918938
0.9999961853
0.9999936819
0.9999953508
0.9999934435
0.9999979734
0.9999953508
0.9999945760
0.9999941587
0.9999932647
0.9999957085
0.9999957681
0.9999933243
0.9999931455
0.9999910593
0.9999967217
0.9999945164
0.9999935627
0.9999963045
0.9999939799
0.9999914169
0.9999895096
0.9999914169
0.9999924898
0.9999942183
0.9999954700
0.9999945164
0.9999948740
0.9999927878
0.9999965429
0.9999942183
0.9999949932
0.9999944568
0.9999912381
0.9999963045
0.9999971986
0.9999957085
0.9999938011
0.9999946952
0.9999951720
0.9999932647
0.9999935627
0.9999949932
0.9999939799
0.9999940395
0.9999947548
0.9999942780
0.9999953508
0.9999950528
0.9999972582
0.9999966621
0.9999939203
0.9999938011
0.9999939203
0.9999971390
0.9999957681
0.9999940395
0.9999954700
0.9999958277
0.9999941587
0.9999967813
0.9999942780
0.9999950528
0.9999923110
0.9999960661
0.9999938011
0.9999942183
0.9999912381
0.9999946356
0.9999935627
0.9999951124
0.9999967217
0.9999958277
0.9999951124
0.9999945164
0.9999940395
0.9999949932
0.9999933243
0.9999925494
0.9999876022
0.9999915361
0.9999886751
0.9999891520
0.9999898076
0.9999904633
0.9999867678
0.9999921322
0.9999933839
0.9999917746
0.9999946356
0.9999949932
0.9999930859
0.9999893308
0.9999916553
0.9999930859
0.9999962449
0.9999873638
0.9999949932
0.9999935627
0.9999965429
0.9999946356
0.9999928474
0.9999942780
0.9999938011
0.9999926686
0.9999919534
0.9999917746
0.9999932051
0.9999898672
0.9999874830
0.9999924898
0.9999867082
0.9999861717
0.9999905229
0.9999874830
0.9999836087
0.9999849200
0.9999883175
0.9999916553
0.9999923110
0.9999927282
0.9999928474
0.9999936819
0.9999920726
0.9999947548
0.9999932051
0.9999921322
0.9999957681
0.9999917746
0.9999952912
0.9999928474
0.9999870062
0.9999914169
0.9999846220
0.9999916553
0.9999911785
0.9999890327
0.9999842644
0.9999902248
0.9999877214
0.9999896884
0.9999911785
0.9999936819
0.9999868870
0.9999901652
0.9999922514
0.9999918938
0.9999941587
0.9999881983
0.9999799728
0.9999874234
0.9999903440
0.9999907613
0.9999881983
0.9999893904
0.9999870062
0.9999872446
0.9999914169
0.9999890327
0.9999910593
0.9999930859
0.9999919534
0.9999947548
0.9999909401
0.9999931455
0.9999941587
0.9999908209
0.9999909401
0.9999889135
0.9999918938
0.9999895692
0.9999910593
0.9999917746
0.9999912381
0.9999897480
0.9999927282
0.9999933243
0.9999938011
0.9999959469
0.9999914169
0.9999942780
0.9999970198
0.9999954700
0.9999966025
0.9999952316
0.9999980330
0.9999974370
0.9999955893
0.9999954700
0.9999967813
0.9999963641
0.9999965429
0.9999957085
0.9999936819
0.9999929667
0.9999920130
0.9999891520
0.9999938011
0.9999953508
0.9999912977
0.9999940395
0.9999930859
0.9999911785
0.9999929667
0.9999910593
0.9999890327
0.9999903440
0.9999946356
0.9999943972
0.9999952316
0.9999935627
0.9999886751
0.9999918342
0.9999942780
0.9999924898
0.9999925494
0.9999909997
0.9999865294
0.9999927878
0.9999972582
0.9999892712
0.9999939203
0.9999938011
0.9999961853
0.9999954700
0.9999927878
0.9999898672
0.9999901056
0.9999907017
0.9999899864
0.9999949932
0.9999927282
0.9999934435
0.9999949336
0.9999921322
0.9999957085
0.9999935627
0.9999917746
0.9999964833
0.9999930859
0.9999952316
0.9999930263
0.9999934435
0.9999952316
0.9999908209
0.9999915957
0.9999935627
0.9999967813
0.9999957085
0.9999957085
0.9999910593
0.9999923706
0.9999949932
0.9999945164
0.9999924898
0.9999937415
0.9999942780
0.9999960661
0.9999945164
0.9999955893
0.9999944568
0.9999936819
0.9999946356
0.9999941587
0.9999947548
0.9999964833
0.9999941587
0.9999948740
0.9999958873
0.9999931455
0.9999947548
0.9999949932
0.9999960065
0.9999968410
0.9999936223
0.9999955893
0.9999949932
0.9999952316
0.9999936819
0.9999954104
0.9999927282
0.9999953508
0.9999947548
0.9999922514
0.9999920130
0.9999922514
0.9999947548
0.9999960661
0.9999942780
0.9999952316
0.9999942780
0.9999934435
0.9999945760
0.9999934435
0.9999972582
0.9999935627
0.9999945164
0.9999952316
0.9999928474
0.9999928474
0.9999926090
0.9999952316
0.9999926090
0.9999954104
0.9999948144
0.9999947548
0.9999936819
0.9999948740
0.9999918938
0.9999945164
0.9999950528
0.9999923110
0.9999903440
0.9999930859
0.9999947548
0.9999927282
0.9999949932
0.9999900460
0.9999911785
0.9999933243
0.9999941587
0.9999965429
0.9999945164
0.9999926090
0.9999934435
0.9999960661
0.9999957085
0.9999958277
0.9999967813
0.9999957681
0.9999930859
0.9999946952
0.9999952912
0.9999920130
0.9999939203
0.9999955893
0.9999961853
0.9999946356
0.9999961853
0.9999957681
0.9999977350
0.9999980330
0.9999972582
0.9999973774
0.9999960065
0.9999973178
0.9999951124
0.9999955893
0.9999970794
0.9999953508
0.9999976158
0.9999921918
0.9999955893
0.9999933839
0.9999966621
0.9999932051
0.9999943972
0.9999924898
0.9999961853
0.9999973774
0.9999950528
0.9999954700
0.9999939203
0.9999969006
0.9999946952
0.9999907017
0.9999967813
0.9999957085
0.9999949336
0.9999970198
0.9999914765
0.9999938607
0.9999946356
0.9999970198
0.9999946356
0.9999952316
0.9999905825
0.9999881983
0.9999901056
0.9999952316
0.9999960661
0.9999911785
0.9999973774
0.9999938607
0.9999918938
0.9999939203
0.9999918938
0.9999945164
0.9999950528
0.9999920130
0.9999908805
0.9999934435
0.9999859333
0.9999930859
0.9999871254
0.9999882579
0.9999952316
0.9999945760
0.9999928474
0.9999938011
0.9999894500
0.9999943972
0.9999866486
0.9999906421
0.9999978542
0.9999947548
0.9999876618
0.9999860525
0.9999941587
0.9999936223
0.9999884367
0.9999887943
0.9999921322
0.9999933243
0.9999897480
0.9999930263
0.9999935031
0.9999935627
0.9999902844
0.9999938011
0.9999939203
0.9999953508
0.9999911785
0.9999948144
0.9999935031
0.9999952316
0.9999938011
0.9999920726
0.9999895692
0.9999963045
0.9999932051
0.9999926090
0.9999940395
0.9999945164
0.9999955893
0.9999934435
0.9999936819
0.9999929667
0.9999915361
0.9999954700
0.9999935627
0.9999973774
0.9999955893
0.9999897480
0.9999965429
0.9999955893
0.9999947548
0.9999918938
0.9999952912
0.9999929667
0.9999879599
0.9999898672
0.9999939203
0.9999946356
0.9999935627
0.9999935627
0.9999890327
0.9999973774
0.9999939203
0.9999881387
0.9999921918
0.9999873042
0.9999921322
0.9999884367
0.9999866486
0.9999919534
0.9999942183
0.9999903440
0.9999865890
0.9999958277
0.9999904037
0.9999924898
0.9999953508
0.9999896288
0.9999920130
0.9999879599
0.9999946356
0.9999924302
0.9999729395
0.9999936819
0.9999889731
0.9999929070
0.9999846220
0.9999918938
0.9999944568
0.9999881387
0.9999853373
0.9999924898
0.9999877214
0.9999906421
0.9999921918
0.9999940395
0.9999881983
0.9999901056
0.9999828339
0.9999715090
0.9999921918
0.9999790788
0.9999679327
0.9999829531
0.9999891520
0.9999834299
0.9999786615
0.9999905229
0.9999936223
0.9999915957
0.9999940395
0.9999929667
0.9999901056
0.9999904633
0.9999808669
0.9999961853
0.9999937415
0.9999867678
0.9999903440
0.9999927878
0.9999861121
0.9999892712
0.9999903440
0.9999907017
0.9999753237
0.9999870062
0.9999901056
0.9999866486
0.9999711514
0.9999868870
0.9999922514
0.9999835491
0.9999885559
0.9999897480
0.9999933243
0.9999831915
0.9999916553
0.9999815226
0.9999833703
0.9999855161
0.9999834299
0.9999899268
0.9999848604
0.9999861717
0.9999896288
0.9999922514
0.9999819994
0.9999867678
0.9999890327
0.9999933243
0.9999903440
0.9999856353
0.9999803305
0.9999940395
0.9999942780
0.9999935627
0.9999851584
0.9999854565
0.9999892712
0.9999925494
0.9999938011
0.9999893904
0.9999898076
0.9999867678
0.9999940991
0.9999937415
0.9999951124
0.9999915361
0.9999912977
0.9999942780
0.9999927878
0.9999953508
0.9999959469
0.9999933839
0.9999985099
0.9999979138
0.9999979138
0.9999946356
0.9999948740
0.9999946356
0.9999946356
0.9999880791
0.9999907017
0.9999964237
0.9999921918
0.9999892116
0.9999961853
0.9999821782
0.9999950528
0.9999954700
0.9999896288
0.9999914169
0.9999828935
0.9999835491
0.9999918938
0.9999873638
0.9999904633
0.9999891520
0.9999893904
0.9999925494
0.9999943376
0.9999972582
0.9999912977
0.9999938011
0.9999865294
0.9999940395
0.9999941587
0.9999905825
0.9999929667
0.9999854565
0.9999949932
0.9999936819
0.9999901056
0.9999872446
0.9999903440
0.9999932051
0.9999945164
0.9999972582
0.9999946952
0.9999905229
0.9999932647
0.9999945164
0.9999926090
0.9999908209
0.9999943972
0.9999879599
0.9999903440
0.9999883175
0.9999940991
0.9999961853
0.9999933839
0.9999881983
0.9999953508
0.9999948740
0.9999922514
0.9999915361
0.9999965429
0.9999960661
0.9999959469
0.9999952912
0.9999910593
0.9999889135
0.9999880195
0.9999920130
0.9999957085
0.9999957085
0.9999954700
0.9999917746
0.9999907017
0.9999959469
0.9999850988
0.9999942780
0.9999924898
0.9999933243
0.9999930263
0.9999885559
0.9999954104
0.9999953508
0.9999946356
0.9999938011
0.9999927878
0.9999948740
0.9999921322
0.9999955297
0.9999954700
0.9999951124
0.9999946356
0.9999935627
0.9999965429
0.9999892116
0.9999935627
0.9999893904
0.9999957085
0.9999879599
0.9999951124
0.9999884367
0.9999937415
0.9999947548
0.9999901056
0.9999920130
0.9999887943
0.9999973774
0.9999955893
0.9999881387
0.9999922514
0.9999940395
0.9999931455
0.9999970198
0.9999945164
0.9999910593
0.9999890924
0.9999955893
0.9999935627
0.9999945760
0.9999963045
0.9999899864
0.9999905229
0.9999874234
0.9999914765
0.9999933243
0.9999915957
0.9999951124
0.9999927878
0.9999952316
0.9999924302
0.9999971390
0.9999899864
0.9999959469
0.9999927878
0.9999917746
0.9999963045
0.9999985695
0.9999954700
0.9999897480
0.9999923706
0.9999966621
0.9999927878
0.9999912977
0.9999922514
0.9999934435
0.9999938011
0.9999908209
0.9999942780
0.9999933243
0.9999926090
0.9999962449
0.9999953508
0.9999886751
0.9999952316
0.9999948740
0.9999960661
0.9999949932
0.9999949336
0.9999964237
0.9999964237
0.9999927878
0.9999969602
0.9999907017
0.9999960065
0.9999920130
0.9999965429
0.9999934435
0.9999932051
0.9999876022
0.9999936819
0.9999846220
0.9999938011
0.9999948144
0.9999951720
0.9999955893
0.9999935627
0.9999949932
0.9999972582
0.9999915361
0.9999887943
0.9999798536
0.9999849796
0.9999850988
0.9999865294
0.9999842644
0.9999906421
0.9999876022
0.9999930263
0.9999908805
0.9999922514
0.9999957085
0.9999957085
0.9999947548
0.9999859333
0.9999927282
0.9999876618
0.9999961853
0.9999855757
0.9999928474
0.9999902248
0.9999971390
0.9999954104
0.9999914169
0.9999899864
0.9999922514
0.9999905229
0.9999892712
0.9999899864
0.9999924302
0.9999876022
0.9999856949
0.9999890327
0.9999778271
0.9999846220
0.9999880791
0.9999876618
0.9999847412
0.9999791980
0.9999862909
0.9999874830
0.9999896884
0.9999894500
0.9999864697
0.9999908805
0.9999946952
0.9999935627
0.9999924302
0.9999915361
0.9999963045
0.9999903440
0.9999964833
0.9999869466
0.9999911785
0.9999789000
0.9999821186
0.9999840856
0.9999860525
0.9999898076
0.9999822378
0.9999873042
0.9999864101
0.9999784231
0.9999855161
0.9999932051
0.9999853373
0.9999912381
0.9999864101
0.9999924898
0.9999943972
0.9999793768
0.9999756813
0.9999899864
0.9999852180
0.9999865294
0.9999876022
0.9999892116
0.9999837875
0.9999814034
0.9999914169
0.9999784231
0.9999829531
0.9999930859
0.9999856353
0.9999915361
0.9999890327
0.9999945760
0.9999872446
0.9999920130
0.9999873638
0.9999889135
0.9999907017
0.9999791384
0.9999848604
0.9999924898
0.9999902248
0.9999895096
0.9999908209
0.9999881387
0.9999917746
0.9999940991
0.9999918938
0.9999939203
0.9999955893
0.9999939203
0.9999955893
0.9999957085
0.9999977350
0.9999964237
0.9999971390
0.9999934435
0.9999949932
0.9999972582
0.9999961257
0.9999935627
0.9999947548
0.9999840260
0.9999916553
0.9999883771
0.9999893904
0.9999929667
0.9999834299
0.9999918938
0.9999921322
0.9999902844
0.9999953508
0.9999856949
0.9999917150
0.9999784827
0.9999961853
0.9999927282
0.9999949932
0.9999904037
0.9999841452
0.9999917746
0.9999917150
0.9999880791
0.9999894500
0.9999855161
0.9999816418
0.9999928474
0.9999962449
0.9999805689
0.9999901056
0.9999946356
0.9999962449
0.9999969006
0.9999893308
0.9999906421
0.9999862909
0.9999930263
0.9999881983
0.9999947548
0.9999884963
0.9999933243
0.9999921322
0.9999920130
0.9999911785
0.9999901056
0.9999873638
0.9999951124
0.9999914169
0.9999918342
0.9999951124
0.9999922514
0.9999941587
0.9999915957
0.9999934435
0.9999949932
0.9999957681
0.9999915361
0.9999919534
0.9999912977
0.9999945760
0.9999936819
0.9999942780
0.9999927282
0.9999933243
0.9999923110
0.9999935627
0.9999911785
0.9999926090
0.9999953508
0.9999841452
0.9999936819
0.9999951124
0.9999932051
0.9999961853
0.9999924898
0.9999943972
0.9999937415
0.9999866486
0.9999912977
0.9999949932
0.9999915361
0.9999951720
0.9999933839
0.9999970198
0.9999969006
0.9999892116
0.9999902248
0.9999955893
0.9999908805
0.9999956489
0.9999960065
0.9999904633
0.9999907017
0.9999920130
0.9999887943
0.9999957085
0.9999931455
0.9999948740
0.9999954104
0.9999911785
0.9999925494
0.9999909401
0.9999967813
0.9999936819
0.9999929070
0.9999939799
0.9999927282
0.9999920130
0.9999879599
0.9999957085
0.9999821186
0.9999953508
0.9999898672
0.9999932051
0.9999864697
0.9999858141
0.9999896288
0.9999931455
0.9999926090
0.9999905229
0.9999867678
0.9999933243
0.9999927282
0.9999923706
0.9999958277
0.9999892712
0.9999889135
0.9999890924
0.9999951124
0.9999957085
0.9999954104
0.9999859333
0.9999908805
0.9999936819
0.9999950528
0.9999924898
0.9999953508
0.9999884367
0.9999918938
0.9999917150
0.9999923110
0.9999927282
0.9999940395
0.9999970198
0.9999939203
0.9999919534
0.9999952912
0.9999946356
0.9999961853
0.9999976754
0.9999953508
0.9999958277
0.9999936819
0.9999965429
0.9999915361
0.9999923706
0.9999945760
0.9999955893
0.9999964833
0.9999860525
0.9999883175
0.9999934435
0.9999942780
0.9999969006
0.9999974966
0.9999958277
0.9999973774
0.9999980330
0.9999969006
0.9999964237
0.9999966621
0.9999982119
0.9999970198
0.9999961853
0.9999967813
0.9999948740
0.9999961853
0.9999978542
0.9999967217
0.9999969006
0.9999958277
0.9999978542
0.9999977350
0.9999966621
0.9999947548
0.9999916553
0.9999953508
0.9999964833
0.9999971986
0.9999942780
0.9999976158
0.9999957085
0.9999955297
0.9999958277
0.9999953508
0.9999967813
0.9999959469
0.9999953508
0.9999958873
0.9999963045
0.9999949932
0.9999960065
0.9999958277
0.9999946952
0.9999952316
0.9999969006
0.9999940395
0.9999952912
0.9999947548
0.9999966025
0.9999938011
0.9999957085
0.9999964833
0.9999958277
0.9999947548
0.9999952316
0.9999973774
0.9999960065
0.9999957681
0.9999954700
0.9999933243
0.9999949932
0.9999936819
0.9999936819
0.9999933839
0.9999967217
0.9999959469
0.9999971390
0.9999966621
0.9999961853
0.9999963045
0.9999963045
0.9999955893
0.9999967813
0.9999951124
0.9999954104
0.9999948740
0.9999967813
0.9999958277
0.9999959469
0.9999960661
0.9999965429
0.9999951720
0.9999948740
0.9999974966
0.9999976754
0.9999947548
0.9999966025
0.9999965429
0.9999979138
0.9999966025
0.9999946952
0.9999971986
0.9999955893
0.9999966621
0.9999959469
0.9999976754
0.9999964237
0.9999961853
0.9999928474
0.9999964237
0.9999955893
0.9999951124
0.9999952316
0.9999948740
0.9999978542
0.9999960661
0.9999959469
0.9999962449
0.9999927282
0.9999958873
0.9999950528
0.9999929667
0.9999940395
0.9999951720
0.9999927878
0.9999927282
0.9999947548
0.9999957681
0.9999942780
0.9999968410
0.9999953508
0.9999943972
0.9999946356
0.9999944568
0.9999936819
0.9999873638
0.9999960661
0.9999932051
0.9999961853
0.9999941587
0.9999953508
0.9999960661
0.9999921918
0.9999933243
0.9999932051
0.9999898076
0.9999918938
0.9999945760
0.9999955297
0.9999956489
0.9999916553
0.9999909401
0.9999914169
0.9999917150
0.9999880791
0.9999808073
0.9999881983
0.9999910593
0.9999878407
0.9999895096
0.9999929667
0.9999953508
0.9999947548
0.9999966621
0.9999933243
0.9999941587
0.9999938607
0.9999911785
0.9999972582
0.9999955297
0.9999940395
0.9999958873
0.9999939799
0.9999951720
0.9999936819
0.9999929667
0.9999932051
0.9999876022
0.9999942183
0.9999916553
0.9999885559
0.9999890327
0.9999914765
0.9999960661
0.9999873042
0.9999928474
0.9999927878
0.9999945164
0.9999920130
0.9999939203
0.9999886751
0.9999874830
0.9999924302
0.9999879003
0.9999934435
0.9999877214
0.9999911785
0.9999914169
0.9999924898
0.9999908209
0.9999923110
0.9999937415
0.9999946356
0.9999926090
0.9999926686
0.9999924898
0.9999947548
0.9999949932
0.9999966025
0.9999901056
0.9999908209
0.9999896288
0.9999946356
0.9999935627
0.9999945164
0.9999929667
0.9999947548
0.9999972582
0.9999960661
0.9999972582
0.9999958277
0.9999952316
0.9999979734
0.9999963641
0.9999965429
0.9999969006
0.9999970794
0.9999981523
0.9999984503
0.9999985695
0.9999970198
0.9999941587
0.9999961853
0.9999971390
0.9999935627
0.9999929667
0.9999975562
0.9999949932
0.9999941587
0.9999971986
0.9999898672
0.9999964237
0.9999959469
0.9999952316
0.9999957085
0.9999921322
0.9999923706
0.9999950528
0.9999915361
0.9999929667
0.9999945164
0.9999951720
0.9999961853
0.9999965429
0.9999977350
0.9999955893
0.9999947548
0.9999944568
0.9999957085
0.9999953508
0.9999937415
0.9999954700
0.9999914169
0.9999951124
0.9999963641
0.9999928474
0.9999927282
0.9999933243
0.9999952912
0.9999944568
0.9999969006
0.9999956489
0.9999940395
0.9999952316
0.9999952316
0.9999957085
0.9999957085
0.9999972582
0.9999951124
0.9999948740
0.9999942183
0.9999945164
0.9999982119
0.9999961853
0.9999957085
0.9999970198
0.9999972582
0.9999930859
0.9999945164
0.9999974370
0.9999953508
0.9999974966
0.9999952316
0.9999949932
0.9999940395
0.9999923110
0.9999936819
0.9999971390
0.9999972582
0.9999959469
0.9999941587
0.9999920130
0.9999972582
0.9999930263
0.9999948740
0.9999963045
0.9999967813
0.9999957085
0.9999928474
0.9999974966
0.9999941587
0.9999957681
0.9999964237
0.9999958277
0.9999958277
0.9999967813
0.9999971390
0.9999964237
0.9999964237
0.9999961853
0.9999953508
0.9999979734
0.9999953508
0.9999963045
0.9999938011
0.9999972582
0.9999930859
0.9999949932
0.9999947548
0.9999930859
0.9999969006
0.9999961853
0.9999952912
0.9999944568
0.9999983311
0.9999967813
0.9999946952
0.9999954700
0.9999949932
0.9999960661
0.9999971390
0.9999964237
0.9999921322
0.9999928474
0.9999976158
0.9999955893
0.9999948144
0.9999976754
0.9999946356
0.9999943972
0.9999927282
0.9999939203
0.9999949932
0.9999959469
0.9999967813
0.9999951124
0.9999964237
0.9999951124
0.9999972582
0.9999957681
0.9999967813
0.9999964237
0.9999927282
0.9999976158
0.9999986291
0.9999964833
0.9999949932
0.9999955893
0.9999965429
0.9999955297
0.9999939203
0.9999959469
0.9999959469
0.9999961853
0.9999960661
0.9999955893
0.9999963045
0.9999960661
0.9999976158
0.9999973774
0.9999943972
0.9999960065
0.9999959469
0.9999982715
0.9999957085
0.9999964237
0.9999964237
0.9999963641
0.9999949932
0.9999974966
0.9999948740
0.9999966621
0.9999933243
0.9999976158
0.9999952316
0.9999945164
0.9999927282
0.9999951124
0.9999952316
0.9999961853
0.9999973774
0.9999969602
0.9999963045
0.9999957085
0.9999949336
0.9999967813
0.9999949932
0.9999945164
0.9999874830
0.9999927282
0.9999903440
0.9999906421
0.9999915957
0.9999936819
0.9999918938
0.9999953508
0.9999954104
0.9999940395
0.9999963641
0.9999963045
0.9999958277
0.9999919534
0.9999942780
0.9999948740
0.9999979734
0.9999897480
0.9999965429
0.9999951124
0.9999980330
0.9999967813
0.9999943972
0.9999957085
0.9999955893
0.9999938607
0.9999939203
0.9999945164
0.9999948740
0.9999935627
0.9999887347
0.9999938011
0.9999893308
0.9999921322
0.9999935627
0.9999915957
0.9999892712
0.9999873042
0.9999912977
0.9999925494
0.9999932647
0.9999941587
0.9999938607
0.9999946356
0.9999955297
0.9999961853
0.9999946952
0.9999942780
0.9999963045
0.9999935031
0.9999967813
0.9999942780
0.9999907017
0.9999920130
0.9999899864
0.9999936819
0.9999921918
0.9999926090
0.9999861717
0.9999912977
0.9999883771
0.9999904037
0.9999916553
0.9999959469
0.9999914169
0.9999911189
0.9999952316
0.9999942780
0.9999950528
0.9999889731
0.9999808669
0.9999918938
0.9999932051
0.9999933839
0.9999904633
0.9999918938
0.9999898076
0.9999896884
0.9999946356
0.9999899268
0.9999920130
0.9999945164
0.9999932051
0.9999958873
0.9999918938
0.9999952912
0.9999952316
0.9999921322
0.9999908209
0.9999918938
0.9999928474
0.9999903440
0.9999930859
0.9999938607
0.9999932051
0.9999923706
0.9999947548
0.9999935627
0.9999966025
0.9999971390
0.9999947548
0.9999955297
0.9999973774
0.9999959469
0.9999977350
0.9999963045
0.9999985695
0.9999977350
0.9999974370
0.9999964237
0.9999976754
0.9999980330
0.9999973178
0.9999959469
0.9999959469
0.9999941587
0.9999933243
0.9999916553
0.9999939799
0.9999957085
0.9999923110
0.9999960661
0.9999954104
0.9999942183
0.9999945164
0.9999920130
0.9999927878
0.9999936819
0.9999967813
0.9999965429
0.9999961853
0.9999952316
0.9999900460
0.9999939203
0.9999942780
0.9999929667
0.9999930859
0.9999915957
0.9999908209
0.9999940395
0.9999974966
0.9999897480
0.9999948740
0.9999964237
0.9999976158
0.9999969006
0.9999938011
0.9999929667
0.9999923706
0.9999943972
0.9999925494
0.9999960065
0.9999940395
0.9999956489
0.9999965429
0.9999940991
0.9999964237
0.9999943972
0.9999928474
0.9999970198
0.9999957085
0.9999963045
0.9999955893
0.9999944568
0.9999966621
0.9999931455
0.9999930859
0.9999955893
0.9999979138
0.9999955893
0.9999969006
0.9999939799
0.9999949932
0.9999953508
0.9999964237
0.9999949932
0.9999959469
0.9999955893
0.9999969006
0.9999955893
0.9999952316
0.9999960661
0.9999943972
0.9999954104
0.9999960661
0.9999961257
0.9999973178
0.9999957085
0.9999961853
0.9999969602
0.9999942780
0.9999958277
0.9999960661
0.9999963045
0.9999967813
0.9999954700
0.9999966621
0.9999970794
0.9999963045
0.9999950528
0.9999970198
0.9999935627
0.9999971390
0.9999963045
0.9999939203
0.9999932051
0.9999955297
0.9999957085
0.9999974966
0.9999961257
0.9999970198
0.9999967217
0.9999952316
0.9999954104
0.9999942183
0.9999977350
0.9999952316
0.9999955893
0.9999965429
0.9999941587
0.9999946952
0.9999939203
0.9999964833
0.9999928474
0.9999965429
0.9999955893
0.9999958873
0.9999949932
0.9999948740
0.9999942780
0.9999960661
0.9999959469
0.9999937415
0.9999932051
0.9999951124
0.9999963045
0.9999948740
0.9999964237
0.9999929667
0.9999927282
0.9999946356
0.9999963045
0.9999970198
0.9999958873
0.9999938607
0.9999951124
0.9999970794
0.9999960661
0.9999959469
0.9999971390
0.9999964237
0.9999957681
0.9999966025
0.9999959469
0.9999938011
0.9999958277
0.9999977350
0.9999964237
0.9999959469
0.9999966025
0.9999970198
0.9999980330
0.9999985695
0.9999969006
0.9999976158
0.9999964237
0.9999973774
0.9999960065
0.9999966621
0.9999971390
0.9999971390
0.9999983311
0.9999935627
0.9999961853
0.9999951720
0.9999968410
nan
nan
nan
nan
nan
nan
nan
nan
nan
nan
nan
nan
nan
nan
nan
nan
nan
nan
nan
nan
nan
nan
nan
nan
nan
nan
nan
nan
nan
nan
nan
nan
nan
nan
nan
nan
nan
nan
nan
nan
nan
nan
nan
nan
nan
nan
nan
nan
nan
nan
nan
nan
nan
nan
nan
nan
nan
nan
nan
nan
nan
nan
nan
nan
nan
nan
nan
nan
nan
nan
nan
nan
nan
nan
nan
nan
nan
nan
nan
nan
nan
nan
nan
nan
nan
nan
nan
nan
nan
nan
nan
nan
nan
nan
nan
nan
nan
nan
nan
nan
nan
nan
nan
nan
nan
nan
nan
nan
nan
nan
nan
nan
nan
nan
nan
nan
nan
nan
nan
nan
nan
nan
nan
nan
nan
nan
nan
nan
nan
nan
nan
nan
nan
nan
nan
nan
nan
nan
nan
nan
nan
nan
nan
nan
nan
nan
nan
nan
nan
nan
nan
nan
nan
nan
nan
nan
nan
nan
nan
nan
nan
nan
nan
nan
nan
nan
nan
nan
nan
nan
nan
nan
nan
nan
nan
nan
nan
nan
nan
nan
nan
nan
nan
nan
nan
nan
nan
nan
nan
nan
nan
nan
nan
nan
nan
nan
nan
nan
nan
nan
nan
nan
nan
nan
nan
nan
nan
nan
nan
nan
nan
nan
nan
nan
nan
nan
nan
nan
nan
nan
nan
nan
nan
nan
nan
nan
nan
nan
nan
nan
nan
nan
nan
nan
nan
nan
nan
nan
nan
nan
nan
nan
nan
nan
nan
nan
nan
nan
nan
nan
nan
nan
nan
nan
nan
nan
nan
nan
nan
nan
nan
nan
nan
nan
nan
nan
nan
nan
nan
nan
nan
nan
nan
nan
nan
nan
nan
nan
nan
nan
nan
nan
nan
nan
nan
nan
nan
nan
nan
nan
nan
nan
nan
nan
nan
nan
nan
nan
nan
nan
nan
nan
nan
nan
nan
nan
nan
nan
nan
nan
nan
nan
nan
nan
nan
nan
nan
nan
nan
nan
nan
nan
nan
nan
nan
nan
nan
nan
nan
nan
nan
nan
nan
nan
nan
nan
nan
nan
nan
nan
nan
nan
nan
nan
nan
nan
nan
nan
nan
nan
nan
nan
nan
nan
nan
nan
nan
nan
nan
nan
nan
nan
nan
nan
nan
nan
nan
nan
nan
nan
nan
nan
nan
nan
nan
nan
nan
nan
nan
nan
nan
nan
nan
nan
nan
nan
nan
nan
nan
nan
nan
nan
nan
nan
nan
nan
nan
nan
nan
nan
nan
nan
nan
nan
nan
nan
nan
nan
nan
nan
nan
nan
nan
nan
nan
nan
nan
nan
nan
nan
nan
nan
nan
nan
nan
nan
nan
nan
nan
nan
nan
nan
nan
nan
nan
nan
nan
nan
nan
nan
nan
nan
nan
nan
nan
nan
nan
nan
nan
nan
nan
nan
nan
nan
nan
nan
nan
nan
nan
nan
nan
nan
nan
nan
nan
nan
nan
nan
nan
nan
nan
nan
nan
nan
nan
nan
nan
nan
nan
nan
nan
nan
nan
nan
nan
nan
nan
nan
nan
nan
nan
nan
nan
nan
nan
nan
nan
nan
nan
nan
nan
nan
nan
nan
nan
nan
nan
nan
nan
nan
nan
nan
nan
nan
nan
nan
nan
nan
nan
nan
nan
nan
nan
nan
nan
nan
nan
nan
nan
nan
nan
nan
nan
nan
nan
nan
nan
nan
nan
nan
nan
nan
nan
nan
nan
nan
nan
nan
nan
nan
nan
nan
nan
nan
nan
nan
nan
nan
nan
nan
nan
nan
nan
nan
nan
nan
nan
nan
nan
nan
nan
nan
nan
nan
nan
nan
nan
nan
nan
nan
nan
nan
nan
nan
nan
nan
nan
nan
nan
nan
nan
nan
nan
nan
nan
nan
nan
nan
nan
nan
nan
nan
nan
nan
nan
nan
nan
nan
nan
nan
nan
nan
nan
nan
nan
nan
nan
nan
nan
nan
nan
nan
nan
nan
nan
nan
nan
nan
nan
nan
nan
nan
nan
nan
nan
nan
nan
nan
nan
nan
nan
nan
nan
nan
nan
nan
nan
nan
nan
nan
nan
nan
nan
nan
nan
nan
nan
nan
nan
nan
nan
nan
nan
nan
nan
nan
nan
nan
nan
nan
nan
nan
