0.0023752451
0.0035670400
0.0033312738
0.0027410984
0.0025922954
0.0022705793
0.0030328333
0.0024183989
0.0032023191
0.0027019083
0.0022267103
0.0033646822
0.0027879179
0.0032956302
0.0030858815
0.0015934408
0.0027100742
0.0021104217
0.0028704703
0.0018723905
0.0027115643
0.0025098324
0.0025963485
0.0033947527
0.0034236908
0.0035198927
0.0025695860
0.0028854609
0.0025516450
0.0023813546
0.0018997788
0.0017632246
0.0027844012
0.0029430389
0.0031757057
0.0021721423
0.0026527047
0.0025868416
0.0030816197
0.0026744008
0.0033970177
0.0030890107
0.0028825700
0.0034623742
0.0031577945
0.0024184883
0.0024492145
0.0021072626
0.0029934049
0.0027752519
0.0030877292
0.0025275946
0.0031311810
0.0024137497
0.0026483834
0.0029751062
0.0027264059
0.0028347671
0.0031447709
0.0028805435
0.0034030974
0.0025601387
0.0030839741
0.0025980473
0.0034124255
0.0028628707
0.0028739870
0.0028558373
0.0023209751
0.0030903816
0.0027367473
0.0017176270
0.0028617084
0.0019362867
0.0019688904
0.0037268996
0.0027415454
0.0017906725
0.0031539798
0.0032611191
0.0026832819
0.0023174286
0.0021149516
0.0035506785
0.0031312108
0.0024573803
0.0024802387
0.0026979744
0.0031539202
0.0028486550
0.0022640228
0.0028325617
0.0028338432
0.0023641288
0.0031440854
0.0030590296
0.0032909214
0.0020462275
0.0029278696
0.0023692846
0.0022898018
0.0025933385
0.0025323629
0.0029109418
0.0023741424
0.0031423271
0.0028759241
0.0033182204
0.0024535060
0.0023878217
0.0027474463
0.0029793382
0.0032412410
0.0037147701
0.0020729601
0.0027417541
0.0031146407
0.0029124618
0.0017873347
0.0025115609
0.0021096468
0.0031081438
0.0026453137
0.0026674569
0.0026643276
0.0032236576
0.0034149885
0.0019682646
0.0019922256
0.0031287968
0.0032835007
0.0028946102
0.0030986369
0.0030555427
0.0026581287
0.0033152401
0.0029001236
0.0026536286
0.0030667782
0.0029950440
0.0032464862
0.0030804873
0.0020065904
0.0028945804
0.0026700199
0.0027459562
0.0029571354
0.0027278960
0.0022949576
0.0026980937
0.0033082068
0.0026666820
0.0034849942
0.0032861829
0.0024802089
0.0034305155
0.0029018819
0.0033589005
0.0029214025
0.0024383068
0.0032173693
0.0025743544
0.0028781593
0.0030604303
0.0029795766
0.0026039779
0.0027364194
0.0030397773
0.0034386218
0.0026403964
0.0027190447
0.0023649931
0.0017032325
0.0019576252
0.0024131536
0.0024833977
0.0019717515
0.0026423931
0.0022662878
0.0023402572
0.0024110675
0.0029609799
0.0032573640
0.0022848845
0.0028570592
0.0029999316
0.0024453402
0.0022116005
0.0024989545
0.0020201504
0.0023326278
0.0018395185
0.0028667152
0.0034412146
0.0026135147
0.0035320520
0.0021325946
0.0025531352
0.0028972924
0.0033139884
0.0025755465
0.0023563206
0.0021971762
0.0025540590
0.0032274127
0.0030074120
0.0029504299
0.0025691390
0.0025052726
0.0023409724
0.0029978454
0.0032182932
0.0020499527
0.0033388138
0.0030156374
0.0031645298
0.0032857358
0.0030832589
0.0021979213
0.0030912757
0.0031752586
0.0025400519
0.0026452243
0.0035291016
0.0036709309
0.0030760467
0.0030519068
0.0029351413
0.0028092563
0.0029592812
0.0028422773
0.0029693842
0.0023053885
0.0024556220
0.0034731328
0.0027644634
0.0027903318
0.0039217770
0.0025646389
0.0029350221
0.0021741390
0.0027541220
0.0027498007
0.0027162731
0.0031310022
0.0028213263
0.0030189455
0.0026597977
0.0026958585
0.0019887686
0.0022537410
0.0026056767
0.0030558705
0.0022752583
0.0025269389
0.0028752387
0.0024817586
0.0031961203
0.0030131340
0.0029001236
0.0026806593
0.0036208630
0.0025243163
0.0024895966
0.0040461421
0.0025858581
0.0024668276
0.0027847588
0.0032537282
0.0031711161
0.0029429197
0.0026594102
0.0039665103
0.0024442971
0.0021420419
0.0017803609
0.0030345023
0.0026911497
0.0021673143
0.0031832457
0.0029681623
0.0030315816
0.0030040443
0.0035156906
0.0022121072
0.0029284656
0.0025885105
0.0019652247
0.0019997954
0.0036543608
0.0031155050
0.0035604835
0.0026538074
0.0028320551
0.0027009249
0.0031698346
0.0027472973
0.0029459596
0.0030778348
0.0023151338
0.0029199123
0.0023027658
0.0031461716
0.0034816861
0.0026618242
0.0025981963
0.0021089315
0.0031181574
0.0038868785
0.0028091967
0.0023617148
0.0025486648
0.0030349195
0.0030469298
0.0027746856
0.0026372075
0.0024151206
0.0029393137
0.0026412010
0.0022509992
0.0025321245
0.0025994480
0.0023878813
0.0031469464
0.0034121275
0.0024916828
0.0028688908
0.0028672814
0.0029387772
0.0023663640
0.0025650859
0.0030851960
0.0030684769
0.0026735961
0.0026162267
0.0024617612
0.0026934445
0.0033080578
0.0031211078
0.0027188063
0.0027543902
0.0027976036
0.0037650764
0.0026363730
0.0029178560
0.0018775761
0.0036649704
0.0026395023
0.0029990375
0.0022937059
0.0026607513
0.0029317439
0.0022602677
0.0036450326
0.0030747652
0.0031454861
0.0025410950
0.0030331612
0.0027622581
0.0023201704
0.0032826066
0.0017688870
0.0028701723
0.0021950603
0.0033401847
0.0035517812
0.0028945506
0.0029619932
0.0023296773
0.0023627579
0.0032883883
0.0021968782
0.0033756196
0.0030072331
0.0030270219
0.0033894479
0.0034869015
0.0025748610
0.0024597645
0.0025811791
0.0025971234
0.0021989346
0.0032880902
0.0029771328
0.0035552382
0.0026540458
0.0020877123
0.0029172003
0.0026455224
0.0027032793
0.0024349391
0.0032639205
0.0029626191
0.0035045743
0.0021053851
0.0019573569
0.0031998456
0.0031848550
0.0033085942
0.0027394295
0.0023435354
0.0025348365
0.0030837953
0.0028195977
0.0025858879
0.0017498434
0.0025761127
0.0032798648
0.0026860535
0.0032245517
0.0025816858
0.0030544400
0.0033593476
0.0027065873
0.0030998290
0.0025267899
0.0029881597
0.0026659667
0.0023793578
0.0029212534
0.0029866695
0.0035338998
0.0021976233
0.0035578609
0.0027444661
0.0027491748
0.0025461614
0.0024425089
0.0032663643
0.0029321909
0.0021382868
0.0028826296
0.0022282004
0.0029290915
0.0033591390
0.0029188097
0.0028316677
0.0033250749
0.0031408966
0.0028950274
0.0026704371
0.0031016767
0.0035136044
0.0022631884
0.0025250316
0.0034947991
0.0025446415
0.0028809011
0.0032640100
0.0025910437
0.0020297468
0.0023236275
0.0023429692
0.0028244257
0.0025027692
0.0021677613
0.0030063391
0.0023067892
0.0029542446
0.0030043125
0.0022914112
0.0028181374
0.0030141175
0.0037992299
0.0020586550
0.0029278696
0.0025169849
0.0025735497
0.0028126538
0.0025556386
0.0036562085
0.0031541288
0.0030019879
0.0015717447
0.0027415156
0.0016655028
0.0030977726
0.0027134418
0.0022518337
0.0033277571
0.0023541749
0.0031839907
0.0030189753
0.0032070875
0.0024571419
0.0030678511
0.0027697682
0.0034411848
0.0027791262
0.0030037165
0.0017105043
0.0028574467
0.0026777685
0.0028690696
0.0028990805
0.0023177862
0.0030562282
0.0028658807
0.0031512380
0.0030527711
0.0030311644
0.0028828681
0.0025765598
0.0030436814
0.0021894276
0.0021210611
0.0024096966
0.0031656623
0.0030725896
0.0019341707
0.0028140247
0.0036795139
0.0029541850
0.0023181438
0.0028635263
0.0027245581
0.0024159849
0.0024752617
0.0029398799
0.0032605529
0.0023459494
0.0024708807
0.0031893253
0.0022376478
0.0021405220
0.0031528175
0.0024521649
0.0027593374
0.0026417673
0.0030325055
0.0026836693
0.0027621090
0.0025005341
0.0024260581
0.0026335120
0.0028942525
0.0026443303
0.0025777817
0.0025536120
0.0026987791
0.0023188591
0.0033370256
0.0018392205
0.0025356412
0.0024912655
0.0025252998
0.0020845830
0.0032345951
0.0030455887
0.0035274625
0.0029014349
0.0029169917
0.0029159486
0.0026326478
0.0023187995
0.0033374727
0.0027152896
0.0037755072
0.0019200742
0.0033245087
0.0026219189
0.0033948720
0.0026758015
0.0028173923
0.0022520125
0.0032077730
0.0023904741
0.0027250946
0.0035826266
0.0023614466
0.0024293065
0.0035717189
0.0023488402
0.0029078424
0.0035714209
0.0029793382
0.0030101836
0.0026386082
0.0029993653
0.0026937127
0.0023722053
0.0022046864
0.0026743412
0.0029123724
0.0033290982
0.0030169487
0.0027426779
0.0036920309
0.0032851994
0.0025514662
0.0025293529
0.0035573244
0.0037205219
0.0031504035
0.0029598773
0.0020901561
0.0027172267
0.0021629333
0.0027295649
0.0026671886
0.0023011267
0.0026296377
0.0022482574
0.0026699007
0.0027729571
0.0023629963
0.0026510060
0.0028973818
0.0026763976
0.0025686026
0.0026800334
0.0034485161
0.0030001104
0.0021274686
0.0026419461
0.0027656853
0.0028143823
0.0026067197
0.0027370751
0.0027303696
0.0028991103
0.0028031468
0.0031081438
0.0026632249
0.0022139847
0.0029333234
0.0028178394
0.0029444396
0.0020637512
0.0031586885
0.0026056767
0.0030072033
0.0032260120
0.0025806725
0.0024810731
0.0023511946
0.0024814010
0.0033515990
0.0032788813
0.0025003254
0.0025677979
0.0024572313
0.0029200017
0.0022954643
0.0034171939
0.0027320087
0.0023082495
0.0029950440
0.0028325021
0.0021984875
0.0020659268
0.0024088919
0.0024550557
0.0035070181
0.0026639402
0.0032717884
0.0030692518
0.0025930703
0.0029863119
0.0026387572
0.0031171441
0.0027732849
0.0017495751
0.0029359162
0.0025098622
0.0025691092
0.0029315650
0.0028453171
0.0025217533
0.0023801327
0.0028913319
0.0025711954
0.0026403964
0.0020320415
0.0027130246
0.0031028986
0.0036480725
0.0023129880
0.0027345121
0.0025365949
0.0035635233
0.0027434826
0.0034278035
0.0024888217
0.0018550754
0.0030708313
0.0026665330
0.0032621026
0.0033940673
0.0019537807
0.0014978349
0.0030543208
0.0017753541
0.0031725466
0.0020791292
0.0030554533
0.0029591620
0.0024119914
0.0023960471
0.0020938814
0.0024591684
0.0023657382
0.0020450354
0.0028203726
0.0021845400
0.0030488372
0.0031931996
0.0030132830
0.0023120642
0.0030025244
0.0019571781
0.0031146705
0.0024404526
0.0033447444
0.0030224323
0.0023360252
0.0026427209
0.0033283830
0.0027635098
0.0025595427
0.0025723279
0.0032682121
0.0024237633
0.0025284588
0.0025117397
0.0031748116
0.0018625557
0.0017237961
0.0025493205
0.0027541518
0.0030685961
0.0027198195
0.0025804639
0.0015932918
0.0026231408
0.0014213622
0.0023468733
0.0024829507
0.0035959780
0.0021233261
0.0024021864
0.0027586520
0.0018054247
0.0029304326
0.0023598373
0.0029966831
0.0025064349
0.0028349459
0.0026915967
0.0023099184
0.0029606521
0.0021503568
0.0027499497
0.0018774867
0.0029242039
0.0027072132
0.0024484098
0.0030802488
0.0028789937
0.0034996271
0.0031954348
0.0021798313
0.0023306608
0.0023686588
0.0030264258
0.0025843978
0.0031051934
0.0026068091
0.0024445057
0.0036130250
0.0033291876
0.0027362108
0.0026477277
0.0023116767
0.0030882061
0.0025012195
0.0032458901
0.0027454495
0.0023311675
0.0034459531
0.0028505027
0.0033374727
0.0031608045
0.0015926957
0.0027417839
0.0021377802
0.0028661191
0.0018894970
0.0026775301
0.0024974942
0.0026386678
0.0033953786
0.0034741163
0.0036447644
0.0025562942
0.0028616786
0.0025534332
0.0024291277
0.0019380450
0.0017911196
0.0028133690
0.0029872656
0.0032270849
0.0022022426
0.0027054846
0.0026355088
0.0030585527
0.0027474761
0.0034491718
0.0031675100
0.0029507875
0.0036107302
0.0032203496
0.0025195479
0.0025085807
0.0021042824
0.0030145645
0.0027301908
0.0032201409
0.0025414526
0.0031111836
0.0024049282
0.0026465654
0.0030623078
0.0027413964
0.0029083788
0.0031798780
0.0029688179
0.0034299791
0.0026606023
0.0031801164
0.0025967658
0.0035383999
0.0029762983
0.0028381348
0.0028612018
0.0023129284
0.0031689703
0.0028254688
0.0017554164
0.0029045045
0.0020413995
0.0019734204
0.0037111640
0.0027987659
0.0018076003
0.0032216609
0.0032726824
0.0026923120
0.0023931563
0.0021434128
0.0036804676
0.0031926930
0.0024488866
0.0024898052
0.0027385652
0.0032250881
0.0029524565
0.0022783577
0.0028299987
0.0028496981
0.0023448765
0.0032127798
0.0030986667
0.0032821894
0.0021021664
0.0029647946
0.0024199188
0.0023547113
0.0026421249
0.0025378764
0.0029064715
0.0023504794
0.0031774640
0.0029173791
0.0033192039
0.0024885237
0.0023895204
0.0027707517
0.0030426979
0.0032316148
0.0037245452
0.0020850301
0.0027059615
0.0032030940
0.0029084682
0.0018275678
0.0025272071
0.0021110177
0.0031284392
0.0026466548
0.0026710629
0.0026811063
0.0033516586
0.0034608245
0.0020186305
0.0019925833
0.0032264888
0.0033237040
0.0030134618
0.0031192899
0.0030809343
0.0026981831
0.0033244491
0.0029319525
0.0026625693
0.0030804873
0.0030536950
0.0033804774
0.0030997694
0.0020388663
0.0029555857
0.0026646852
0.0027403831
0.0030145347
0.0027939975
0.0022827089
0.0026681423
0.0032910109
0.0027001202
0.0034953952
0.0032790601
0.0024479032
0.0034572482
0.0029084682
0.0034090579
0.0029571950
0.0025193691
0.0032189786
0.0026598871
0.0029081106
0.0030668378
0.0030055642
0.0026612282
0.0027830005
0.0030612648
0.0034529269
0.0027103722
0.0027469695
0.0024074614
0.0017358363
0.0019934475
0.0024725795
0.0024303198
0.0019471347
0.0026752949
0.0022654831
0.0023596883
0.0024136305
0.0030106008
0.0032973289
0.0023839772
0.0028903186
0.0030322075
0.0024497807
0.0022749603
0.0025129914
0.0020525753
0.0024038851
0.0018815398
0.0028874874
0.0034306645
0.0026319325
0.0035723746
0.0021813810
0.0025709569
0.0029311478
0.0032535195
0.0026225448
0.0023110211
0.0022353232
0.0025697649
0.0033096373
0.0030460358
0.0029956400
0.0026531219
0.0025464296
0.0023362637
0.0030693412
0.0031970143
0.0021162331
0.0033347905
0.0030314624
0.0031385124
0.0033382177
0.0031614304
0.0021840334
0.0030933619
0.0032242835
0.0025320649
0.0027014315
0.0035273731
0.0037223995
0.0031719208
0.0031328201
0.0029940307
0.0027795136
0.0029722750
0.0029415190
0.0030213296
0.0023781657
0.0024942458
0.0034448802
0.0028553009
0.0028268397
0.0039512515
0.0025588870
0.0029506683
0.0021893680
0.0027804673
0.0027859211
0.0026946366
0.0032160282
0.0028394461
0.0030905008
0.0026474297
0.0027811825
0.0020025969
0.0022557378
0.0025745928
0.0030106306
0.0023222268
0.0025130212
0.0028636456
0.0025101304
0.0031919181
0.0031509995
0.0029734969
0.0026994646
0.0036629140
0.0025388002
0.0025171638
0.0040608048
0.0026144385
0.0025252998
0.0027944744
0.0032408834
0.0032194853
0.0029892623
0.0027295947
0.0039905012
0.0024681687
0.0022553205
0.0018036962
0.0029635727
0.0027526319
0.0021416843
0.0032481551
0.0030251443
0.0030039847
0.0029973686
0.0036038160
0.0022371411
0.0029651821
0.0025480688
0.0019884109
0.0019961298
0.0037578046
0.0031363964
0.0036310554
0.0027265847
0.0028545558
0.0027714372
0.0032306910
0.0028162301
0.0029885769
0.0030622482
0.0023304820
0.0030031204
0.0023328364
0.0031745136
0.0035007000
0.0027044415
0.0026349127
0.0021205544
0.0031803548
0.0038936734
0.0028489232
0.0024478734
0.0025865734
0.0030629039
0.0030576289
0.0027748048
0.0026656389
0.0024501681
0.0029923320
0.0026531816
0.0023519397
0.0025127232
0.0026006699
0.0024030209
0.0031305850
0.0034097433
0.0025691092
0.0028746724
0.0029333830
0.0029477775
0.0023480952
0.0026338696
0.0030848980
0.0030707419
0.0027005076
0.0026094913
0.0024659634
0.0027633905
0.0033191442
0.0031849742
0.0027931929
0.0028943121
0.0028127432
0.0038505495
0.0026626587
0.0029483438
0.0019046962
0.0037468076
0.0026580393
0.0030171573
0.0022900105
0.0027250051
0.0029814243
0.0022752881
0.0036102533
0.0031842887
0.0030680001
0.0025779903
0.0030376613
0.0027894378
0.0023582280
0.0032213628
0.0017844439
0.0028425157
0.0022279620
0.0033652186
0.0034947395
0.0029803514
0.0029496551
0.0023443699
0.0024331808
0.0033480525
0.0022037327
0.0033904612
0.0030023158
0.0030928552
0.0034335554
0.0034463108
0.0025972724
0.0024757385
0.0025721490
0.0026492774
0.0022486746
0.0033611059
0.0029901564
0.0036497116
0.0026704073
0.0020632148
0.0029322207
0.0026927590
0.0028333366
0.0024784505
0.0033280849
0.0029246211
0.0035506189
0.0021426976
0.0019797385
0.0032001734
0.0031382442
0.0033014119
0.0027924776
0.0023896694
0.0026008487
0.0031154752
0.0028729439
0.0026819408
0.0017774999
0.0026139021
0.0033026040
0.0026470721
0.0032592416
0.0026027560
0.0030830801
0.0034669042
0.0027452707
0.0031341612
0.0026023686
0.0030307472
0.0026617348
0.0023648143
0.0029146671
0.0030411482
0.0036148727
0.0021982491
0.0036040246
0.0028010905
0.0027773082
0.0025797486
0.0025049448
0.0033620000
0.0029264688
0.0021880567
0.0029429197
0.0022371113
0.0029767752
0.0034092963
0.0029484630
0.0029194057
0.0033156276
0.0031278431
0.0029841065
0.0026220977
0.0031670630
0.0035995245
0.0023149550
0.0025927424
0.0035107732
0.0025756061
0.0028356314
0.0033682883
0.0026922524
0.0020495951
0.0023708642
0.0023593307
0.0028764307
0.0025341213
0.0022018850
0.0030958354
0.0023457408
0.0030216277
0.0030724704
0.0023181736
0.0028162599
0.0030862093
0.0038048029
0.0020481646
0.0029282272
0.0025240481
0.0025624633
0.0028426945
0.0026346147
0.0036877096
0.0032479465
0.0030374527
0.0015762150
0.0028096735
0.0017018616
0.0031155646
0.0027315319
0.0023045838
0.0033552349
0.0023396611
0.0032220185
0.0031010807
0.0032286346
0.0024721324
0.0030440390
0.0028207004
0.0035136044
0.0028823912
0.0030282438
0.0017251372
0.0028394163
0.0027093887
0.0029185712
0.0029687583
0.0023696721
0.0030790269
0.0029097795
0.0032252073
0.0030417144
0.0031104088
0.0029793084
0.0026380420
0.0030896962
0.0022403002
0.0021210611
0.0024396181
0.0031810999
0.0030786693
0.0019723475
0.0028946698
0.0037585795
0.0029428005
0.0023270249
0.0028536022
0.0027628541
0.0024326444
0.0025682449
0.0029867887
0.0033235848
0.0023869276
0.0024660826
0.0032334030
0.0022628605
0.0021550655
0.0031648278
0.0024789870
0.0028147697
0.0026889443
0.0029911399
0.0026986003
0.0027848184
0.0025563240
0.0024298728
0.0026410818
0.0029142797
0.0026268661
0.0025689304
0.0025276542
0.0027460456
0.0023473501
0.0033703744
0.0018686354
0.0025641322
0.0025510192
0.0025037229
0.0021122992
0.0033193827
0.0030424893
0.0035610199
0.0028710961
0.0029745400
0.0029412210
0.0026370287
0.0023413002
0.0034022331
0.0026958883
0.0037867725
0.0019738972
0.0033459365
0.0026683211
0.0034998953
0.0026687682
0.0027934313
0.0022792518
0.0032168627
0.0023435354
0.0027479231
0.0035682619
0.0023668110
0.0024486184
0.0035707653
0.0024110079
0.0029783249
0.0035417974
0.0030054450
0.0030334592
0.0026508272
0.0030025542
0.0027436316
0.0024453998
0.0022227168
0.0027568042
0.0029674768
0.0033276677
0.0030584633
0.0028539598
0.0037133992
0.0033563077
0.0025688410
0.0025777221
0.0035862625
0.0038174987
0.0032025874
0.0029348433
0.0021562278
0.0027422309
0.0021438599
0.0027831793
0.0026518404
0.0023735166
0.0026481450
0.0023321211
0.0027098358
0.0028462410
0.0023807585
0.0026691258
0.0029465556
0.0027366877
0.0026220381
0.0027250350
0.0035197139
0.0030477047
0.0021286607
0.0026265085
0.0028429031
0.0028803051
0.0025827885
0.0027873814
0.0027372837
0.0029178858
0.0028468072
0.0031333566
0.0026595294
0.0022404492
0.0030014515
0.0028569102
0.0030093193
0.0020774007
0.0031449199
0.0026545823
0.0031003058
0.0032603443
0.0026302040
0.0025102496
0.0023308694
0.0025125146
0.0033818185
0.0033712089
0.0025080144
0.0026038885
0.0025066435
0.0029426217
0.0023234785
0.0034541488
0.0028170943
0.0023404360
0.0030610859
0.0028433502
0.0022382140
0.0020953119
0.0024350286
0.0024560392
0.0035037696
0.0026673377
0.0032341182
0.0030267239
0.0026205480
0.0030683577
0.0026404262
0.0031797588
0.0027251244
0.0017691553
0.0029237568
0.0025446415
0.0026393235
0.0030466616
0.0028770566
0.0025764704
0.0024043024
0.0028816462
0.0025872886
0.0027070642
0.0020789206
0.0027406514
0.0030473471
0.0037241280
0.0023722351
0.0028027296
0.0025324523
0.0036198497
0.0027321875
0.0033827424
0.0024708509
0.0018545687
0.0030571222
0.0027527511
0.0033129454
0.0034501255
0.0019984841
0.0015484095
0.0031447709
0.0018182695
0.0031242073
0.0021408200
0.0031068027
0.0029796958
0.0023970306
0.0024397671
0.0021036267
0.0024434030
0.0023874938
0.0020719171
0.0028901696
0.0021610260
0.0030996501
0.0032926500
0.0030747354
0.0023366809
0.0030686855
0.0019764006
0.0031796992
0.0025083423
0.0033409595
0.0030561984
0.0024487972
0.0026213825
0.0033055842
0.0027956963
0.0025191009
0.0026670992
0.0032842457
0.0025160611
0.0025841892
0.0025807023
0.0032123029
0.0018559098
0.0017791986
0.0026164949
0.0027742982
0.0031055212
0.0027704537
0.0025089979
0.0016546249
0.0026336908
0.0014601648
0.0023534298
0.0025300086
0.0035889745
0.0021388531
0.0024193525
0.0028108954
0.0018366277
0.0029174089
0.0023823977
0.0030151308
0.0025397539
0.0028693080
0.0026938617
0.0022991598
0.0030519366
0.0021840930
0.0027343035
0.0019397438
0.0029416978
0.0027441978
0.0024999678
0.0030541718
0.0029698014
0.0035464466
0.0032530725
0.0022608340
0.0023558438
0.0024397671
0.0030418336
0.0026832223
0.0031427443
0.0026700497
0.0037099123
0.0053819418
0.0048536062
0.0042635202
0.0038017631
0.0035190880
0.0045725405
0.0037041903
0.0048873723
0.0040580034
0.0035729110
0.0050605237
0.0042312145
0.0047462285
0.0048337877
0.0024833381
0.0042254329
0.0032857955
0.0042890608
0.0029914379
0.0040885508
0.0037432611
0.0040448606
0.0052188933
0.0049507618
0.0052135289
0.0038877726
0.0043499172
0.0039345026
0.0036995113
0.0030253530
0.0027750432
0.0040957034
0.0044617653
0.0048519373
0.0033853948
0.0040782392
0.0039077103
0.0045944154
0.0039983392
0.0050189793
0.0045423210
0.0043597817
0.0052925646
0.0047306120
0.0037715733
0.0037153661
0.0032281876
0.0044661462
0.0040646195
0.0046907961
0.0038823187
0.0046866834
0.0038099885
0.0040633380
0.0045967400
0.0040614307
0.0044004917
0.0045922101
0.0043852329
0.0051118433
0.0038236976
0.0047663450
0.0038993955
0.0050671697
0.0043544471
0.0043725967
0.0041998327
0.0034068227
0.0046239793
0.0040717125
0.0027762353
0.0042954981
0.0030406713
0.0031428635
0.0054098964
0.0041410029
0.0027421415
0.0047991276
0.0048877001
0.0041143596
0.0035930872
0.0032016933
0.0053159595
0.0046191216
0.0036217272
0.0038518012
0.0041284859
0.0048848987
0.0043239295
0.0034831464
0.0042532086
0.0043165386
0.0036307275
0.0046625137
0.0047101974
0.0050511062
0.0032313168
0.0043835044
0.0036618710
0.0035539865
0.0039680600
0.0037749112
0.0043810010
0.0036203563
0.0047311485
0.0042694509
0.0049932003
0.0036287308
0.0036286116
0.0042151511
0.0045011938
0.0048161745
0.0053553581
0.0032386184
0.0041012764
0.0046740174
0.0043637455
0.0028277040
0.0039004385
0.0032047331
0.0047149062
0.0040484071
0.0040431619
0.0039201677
0.0048997700
0.0050338209
0.0030955076
0.0031662881
0.0047018230
0.0050320327
0.0044542551
0.0047234297
0.0046477318
0.0039170384
0.0048972666
0.0043154061
0.0039695799
0.0045894384
0.0044763386
0.0049346089
0.0046423078
0.0030462146
0.0044274330
0.0041095614
0.0042443871
0.0042996109
0.0040472150
0.0034959614
0.0041506290
0.0048222542
0.0040298402
0.0051274300
0.0049947202
0.0037407577
0.0050844252
0.0044766963
0.0051946938
0.0044536591
0.0038484037
0.0049494505
0.0039610267
0.0042760372
0.0046460629
0.0043922365
0.0040273368
0.0042735636
0.0044204295
0.0050823689
0.0040693581
0.0041334927
0.0036660135
0.0026616156
0.0030446053
0.0036724508
0.0037792623
0.0030359328
0.0040320754
0.0034617186
0.0036289096
0.0035839677
0.0045639277
0.0049326718
0.0035388470
0.0044541657
0.0044558644
0.0036887825
0.0034047365
0.0037947297
0.0030921400
0.0036332011
0.0029193461
0.0043478310
0.0050150156
0.0041023791
0.0053146482
0.0033999383
0.0038539469
0.0044330955
0.0048999488
0.0038074553
0.0035949647
0.0032889247
0.0038708448
0.0048035383
0.0045819581
0.0046161115
0.0040066242
0.0038102567
0.0034893453
0.0045908988
0.0049930513
0.0032032430
0.0049434602
0.0045728087
0.0046562552
0.0049044490
0.0045255423
0.0034919083
0.0046129227
0.0047464669
0.0037641227
0.0041266084
0.0051985085
0.0055117607
0.0047474205
0.0046343505
0.0043553114
0.0042559206
0.0045416355
0.0044549108
0.0045631230
0.0035135150
0.0038153231
0.0052717626
0.0044158697
0.0043864846
0.0059427619
0.0039553642
0.0042947829
0.0034507513
0.0042067468
0.0041312277
0.0041056275
0.0046398044
0.0042805672
0.0046916306
0.0041178167
0.0040262341
0.0030826032
0.0033842921
0.0039213598
0.0047036707
0.0035846829
0.0037036538
0.0043711364
0.0038721859
0.0047698319
0.0045703351
0.0043688416
0.0039635897
0.0052631497
0.0038733184
0.0038740039
0.0058628321
0.0040270686
0.0037652552
0.0042417943
0.0048931837
0.0048388243
0.0044077933
0.0040372312
0.0056694448
0.0036333799
0.0033752024
0.0028469861
0.0043766201
0.0041247606
0.0033356845
0.0047604442
0.0044310391
0.0045391917
0.0045447052
0.0053252578
0.0035046935
0.0043525100
0.0039312243
0.0030770600
0.0031047463
0.0055681467
0.0045180619
0.0052370727
0.0041313469
0.0042076707
0.0042056441
0.0048810542
0.0041323304
0.0044150651
0.0045817196
0.0034832954
0.0043595731
0.0035391748
0.0047083199
0.0051371455
0.0040466785
0.0038812160
0.0032587051
0.0047066510
0.0057735443
0.0042642057
0.0036972463
0.0038767457
0.0045795441
0.0044970214
0.0040494502
0.0039438307
0.0035748482
0.0044623911
0.0039274693
0.0035305321
0.0038479269
0.0039635897
0.0036220551
0.0048502684
0.0051136017
0.0037100911
0.0043491721
0.0042942166
0.0043423474
0.0035226643
0.0038121343
0.0045624077
0.0045110881
0.0040944815
0.0038993955
0.0036862195
0.0040336847
0.0050478280
0.0047679842
0.0042326152
0.0042608976
0.0042495131
0.0057112277
0.0039921701
0.0042634308
0.0029187799
0.0053564310
0.0039254725
0.0045296550
0.0034557283
0.0041112602
0.0044638813
0.0034459233
0.0053017735
0.0046307445
0.0045762956
0.0039056540
0.0044967532
0.0040799677
0.0035867989
0.0048680305
0.0027550161
0.0043759644
0.0033232868
0.0049622059
0.0051902831
0.0044114888
0.0042677820
0.0036069453
0.0036118627
0.0049765706
0.0035027266
0.0049988329
0.0045799613
0.0045249760
0.0052235425
0.0049137473
0.0039136410
0.0037221313
0.0038467050
0.0039476752
0.0034809709
0.0050317943
0.0043721795
0.0052676201
0.0040735900
0.0030638278
0.0044331253
0.0039781332
0.0041441917
0.0037903190
0.0052061677
0.0043199360
0.0052931011
0.0032908320
0.0031243861
0.0048657060
0.0048440099
0.0049133599
0.0041530132
0.0036302209
0.0039220750
0.0048048794
0.0042547286
0.0040374696
0.0027541220
0.0040557086
0.0050147772
0.0040959716
0.0049114227
0.0039883852
0.0048345327
0.0050530732
0.0040327013
0.0046953559
0.0038669109
0.0044662058
0.0040277243
0.0036220849
0.0043406188
0.0046992600
0.0052367151
0.0033207536
0.0052469075
0.0042270422
0.0042165220
0.0037782490
0.0037811697
0.0049489141
0.0044436753
0.0032908618
0.0044591129
0.0034863353
0.0044358373
0.0049386919
0.0045222640
0.0043949783
0.0050091147
0.0047667623
0.0044150352
0.0041379035
0.0047183037
0.0053817332
0.0034943521
0.0038911998
0.0051270425
0.0038769245
0.0042865574
0.0050518513
0.0039989054
0.0031030178
0.0036682189
0.0036263466
0.0043598413
0.0038361251
0.0033143163
0.0045852661
0.0035804808
0.0044395328
0.0046656430
0.0035812855
0.0043534338
0.0044192672
0.0057661533
0.0032205880
0.0043189526
0.0038358867
0.0038558543
0.0042780340
0.0040451288
0.0055192709
0.0046702027
0.0044586957
0.0024886429
0.0041003823
0.0026218593
0.0048177838
0.0041929185
0.0035561919
0.0049545169
0.0034683049
0.0047754645
0.0046252310
0.0047226250
0.0039309561
0.0045801103
0.0042735934
0.0052160323
0.0041654110
0.0045152009
0.0026727915
0.0043364763
0.0040095150
0.0044163167
0.0043732822
0.0036070645
0.0045766830
0.0042988956
0.0048216879
0.0046802461
0.0042826235
0.0044322908
0.0038864613
0.0046405196
0.0033935606
0.0032928288
0.0037341118
0.0046861172
0.0046980977
0.0030052066
0.0044140518
0.0054685473
0.0044131875
0.0035690665
0.0044273138
0.0041745603
0.0036523044
0.0037713647
0.0044390559
0.0049595535
0.0036559105
0.0036100447
0.0047965944
0.0034824610
0.0032204688
0.0046909750
0.0037329793
0.0042212307
0.0040519834
0.0044350624
0.0039835870
0.0041252375
0.0039131045
0.0036991835
0.0040127635
0.0043340325
0.0038771331
0.0038766265
0.0037705600
0.0041052401
0.0034791827
0.0049986243
0.0028037727
0.0039998889
0.0038325787
0.0039528608
0.0032438040
0.0047443807
0.0046456456
0.0054779649
0.0043255985
0.0044694841
0.0043811202
0.0040068626
0.0035725236
0.0049054325
0.0040279627
0.0056225061
0.0030299723
0.0049164891
0.0040206909
0.0052015483
0.0040867925
0.0043333471
0.0033605099
0.0048826039
0.0034989715
0.0041874051
0.0052148402
0.0035028160
0.0037103593
0.0053153038
0.0036163628
0.0045105219
0.0052373409
0.0044609010
0.0044844747
0.0040690005
0.0043627024
0.0040853024
0.0036841035
0.0033801794
0.0041668415
0.0042967200
0.0049188733
0.0044337511
0.0042743683
0.0054739714
0.0050756633
0.0039014518
0.0038210750
0.0052130222
0.0055984259
0.0046791136
0.0043780804
0.0032688081
0.0041050315
0.0033493638
0.0040946007
0.0041794479
0.0036652684
0.0040317476
0.0035665929
0.0038997233
0.0041830838
0.0035867691
0.0042137206
0.0043065846
0.0040561855
0.0039934814
0.0040986836
0.0051030219
0.0045020580
0.0033434033
0.0039115548
0.0042130649
0.0042800307
0.0039143264
0.0040215552
0.0040992200
0.0043758452
0.0042525530
0.0046461523
0.0040140748
0.0033973455
0.0043850243
0.0043201447
0.0045101643
0.0031210184
0.0046184957
0.0039114058
0.0046797991
0.0047584772
0.0040654242
0.0037589073
0.0034700930
0.0036676228
0.0049254298
0.0051447749
0.0038467348
0.0039712489
0.0037592947
0.0044290125
0.0035387874
0.0050577223
0.0041934550
0.0036768615
0.0045075417
0.0043589771
0.0032775998
0.0032333434
0.0037339330
0.0036929846
0.0051073134
0.0041062832
0.0050070584
0.0044638216
0.0039458871
0.0044525862
0.0040469766
0.0048201382
0.0042031109
0.0027614534
0.0045796931
0.0039083660
0.0041723549
0.0043853521
0.0042812526
0.0037364662
0.0035486817
0.0042907596
0.0039532483
0.0039958656
0.0032809079
0.0040426254
0.0046665072
0.0054180324
0.0035557747
0.0042793751
0.0036694407
0.0051665306
0.0040983260
0.0049980283
0.0037182868
0.0029186308
0.0046256781
0.0040331781
0.0049375296
0.0052074790
0.0030840039
0.0023797750
0.0046006441
0.0028392673
0.0046698749
0.0031384826
0.0046770871
0.0045255423
0.0037835240
0.0037396848
0.0031993389
0.0036926866
0.0036190450
0.0032598972
0.0042604506
0.0033610165
0.0045045614
0.0049420297
0.0047204196
0.0035859644
0.0047429204
0.0029616356
0.0048219562
0.0035804510
0.0048228800
0.0045434535
0.0037179589
0.0039060116
0.0050844848
0.0041521788
0.0038250089
0.0041055977
0.0049208999
0.0037129223
0.0039323270
0.0037464797
0.0048112869
0.0028585792
0.0027885139
0.0040139258
0.0042550862
0.0045556724
0.0041718185
0.0038582981
0.0025248230
0.0041059256
0.0022832155
0.0035998821
0.0038168728
0.0054164231
0.0032860339
0.0036362410
0.0042730272
0.0027460158
0.0044067502
0.0037108064
0.0045016110
0.0037786365
0.0042458177
0.0041418970
0.0035285354
0.0044278502
0.0033128262
0.0040805936
0.0029284954
0.0044015050
0.0041626692
0.0038113296
0.0047014952
0.0045092702
0.0053304136
0.0047913194
0.0034418106
0.0035688579
0.0037780702
0.0046282113
0.0039662719
0.0044826865
0.0039780438
0.0023816228
0.0035374165
0.0032958984
0.0027247965
0.0026004016
0.0022245944
0.0030106306
0.0024089217
0.0031524301
0.0026745796
0.0022394955
0.0033428371
0.0027766228
0.0032578707
0.0030601025
0.0015602112
0.0026570559
0.0020719171
0.0028421879
0.0018714666
0.0026434660
0.0024616718
0.0025912523
0.0033313632
0.0033612251
0.0034987032
0.0025521219
0.0028546453
0.0025265813
0.0023603737
0.0019154251
0.0017528236
0.0027228594
0.0029064417
0.0031436682
0.0021491945
0.0026250482
0.0025565624
0.0030679107
0.0026704073
0.0033688545
0.0031033158
0.0028748214
0.0034517348
0.0031390786
0.0024357736
0.0024281144
0.0020848513
0.0029618740
0.0027644038
0.0030852854
0.0025048256
0.0030965507
0.0023838878
0.0025821924
0.0029670596
0.0026918352
0.0027903318
0.0031014979
0.0028791130
0.0033218563
0.0025415421
0.0030574799
0.0025736392
0.0034196079
0.0028551221
0.0028378665
0.0028291941
0.0022891760
0.0030989647
0.0027165115
0.0016848147
0.0028064847
0.0019500256
0.0019392669
0.0036486983
0.0026760399
0.0017742515
0.0031498075
0.0031967461
0.0026565492
0.0023340583
0.0020984411
0.0035424232
0.0030979514
0.0024545193
0.0024433136
0.0026772916
0.0031324625
0.0028098226
0.0022296011
0.0028064549
0.0028081536
0.0023563802
0.0031447113
0.0030134320
0.0032471120
0.0020220876
0.0029102266
0.0023693442
0.0022983551
0.0025650561
0.0025113821
0.0028800964
0.0023459792
0.0031316876
0.0028613210
0.0032918155
0.0024344921
0.0023573935
0.0027337968
0.0029183030
0.0031929016
0.0037165284
0.0020258725
0.0026581585
0.0031404495
0.0028531253
0.0017629564
0.0024521947
0.0020875037
0.0030985475
0.0025724471
0.0026192963
0.0026582479
0.0032506287
0.0034307539
0.0019778907
0.0019755363
0.0031271875
0.0032666028
0.0028730333
0.0030852556
0.0030224323
0.0026180446
0.0032953024
0.0028979480
0.0026426315
0.0030353665
0.0029807389
0.0032661259
0.0030397773
0.0019714236
0.0028768480
0.0026649535
0.0027188361
0.0029395223
0.0027066469
0.0022553802
0.0026736856
0.0032391846
0.0026465356
0.0034262538
0.0032660067
0.0024608076
0.0033541620
0.0028359592
0.0033195317
0.0029141903
0.0024114549
0.0031712949
0.0025531352
0.0028313696
0.0029758811
0.0029091239
0.0026056767
0.0027213991
0.0030238330
0.0034012794
0.0026308000
0.0026808083
0.0023636222
0.0016854703
0.0019408464
0.0023859143
0.0024386942
0.0019651949
0.0026070774
0.0022544265
0.0023152232
0.0024069846
0.0029511750
0.0032237172
0.0022989511
0.0028406680
0.0030034781
0.0024199188
0.0021794438
0.0024807155
0.0019896924
0.0023190379
0.0018077195
0.0028162003
0.0033970177
0.0025960207
0.0034723878
0.0021258295
0.0025098324
0.0028602183
0.0032381117
0.0025325418
0.0023318529
0.0021978319
0.0025154054
0.0031856894
0.0029600263
0.0029086173
0.0025399029
0.0024661124
0.0023218095
0.0029737949
0.0031838715
0.0019982457
0.0032931864
0.0029748976
0.0031424761
0.0032482743
0.0030604303
0.0021663010
0.0030446351
0.0031655133
0.0024903119
0.0026312470
0.0035038590
0.0036294460
0.0030643344
0.0030638278
0.0029134750
0.0027623475
0.0029641688
0.0027945042
0.0029514134
0.0023249388
0.0024252832
0.0033926666
0.0027380586
0.0028018057
0.0038832426
0.0025469661
0.0029101968
0.0021541715
0.0027443171
0.0027104020
0.0026563108
0.0031118989
0.0028066635
0.0029325783
0.0026201308
0.0026682019
0.0019571483
0.0022558272
0.0025573671
0.0030171275
0.0022614300
0.0024967790
0.0028428733
0.0024759769
0.0031365156
0.0030209422
0.0029276013
0.0026635826
0.0035434365
0.0025109649
0.0024670959
0.0040314198
0.0025983155
0.0024898350
0.0027192831
0.0032157004
0.0031246841
0.0029389560
0.0026682019
0.0038846731
0.0024340749
0.0021691918
0.0017580390
0.0029577017
0.0026507974
0.0021580160
0.0031849742
0.0029232800
0.0029719770
0.0029871464
0.0035363436
0.0021904707
0.0028795898
0.0025463402
0.0019422174
0.0019745827
0.0036148429
0.0030965507
0.0035685003
0.0026116073
0.0028074384
0.0026805699
0.0031960011
0.0027492940
0.0029439628
0.0030066669
0.0022929013
0.0028945804
0.0023061633
0.0031218529
0.0034609437
0.0026468039
0.0025507808
0.0020982921
0.0030977130
0.0038583875
0.0027528405
0.0023311377
0.0025522113
0.0030490160
0.0030318201
0.0027679503
0.0026088059
0.0023785532
0.0029101670
0.0026214719
0.0022477806
0.0024966300
0.0025933087
0.0023971498
0.0030883551
0.0033804476
0.0025011003
0.0027752221
0.0028400421
0.0029106736
0.0023482144
0.0025500953
0.0030289888
0.0030260980
0.0026317537
0.0025696158
0.0024479330
0.0026997328
0.0033026934
0.0030883849
0.0027211010
0.0027282834
0.0028100610
0.0037678182
0.0026099384
0.0029223561
0.0018458068
0.0036698878
0.0026085675
0.0029686689
0.0022742450
0.0026459992
0.0028936267
0.0022057593
0.0035840273
0.0030511022
0.0031103194
0.0025299191
0.0029774010
0.0027301013
0.0022884309
0.0032352805
0.0017267466
0.0028207898
0.0021731257
0.0033486485
0.0034931302
0.0028747320
0.0029258430
0.0023172796
0.0023469329
0.0032260716
0.0021716952
0.0033310354
0.0029703081
0.0029728115
0.0033482313
0.0034287572
0.0025447011
0.0024425983
0.0025655925
0.0026000738
0.0021702349
0.0032785535
0.0029839873
0.0035410225
0.0026097894
0.0020694435
0.0028749108
0.0026067495
0.0027071536
0.0024266243
0.0032270551
0.0029233694
0.0035049319
0.0021146536
0.0019634962
0.0031752288
0.0031414032
0.0032699108
0.0026903450
0.0023136139
0.0025267005
0.0030526817
0.0027353764
0.0025925934
0.0017232299
0.0025395453
0.0032334030
0.0026540458
0.0031247139
0.0025445223
0.0029953420
0.0033558905
0.0026961565
0.0031304359
0.0025170445
0.0029710531
0.0026433170
0.0023144782
0.0028661788
0.0029668212
0.0035115778
0.0021861494
0.0035513639
0.0027137399
0.0027270317
0.0024989545
0.0024049580
0.0032100976
0.0028958321
0.0021067560
0.0028626621
0.0022360682
0.0029373765
0.0033589005
0.0029030740
0.0028223693
0.0032905340
0.0031210482
0.0028778613
0.0026293993
0.0030805171
0.0034953058
0.0022436082
0.0024946332
0.0034991503
0.0025081635
0.0028451979
0.0032531619
0.0025797188
0.0019885898
0.0023176372
0.0023013651
0.0028042495
0.0024783611
0.0021419525
0.0029705465
0.0022878349
0.0029204488
0.0029795766
0.0022994578
0.0028229952
0.0030260980
0.0037240982
0.0020097494
0.0028997660
0.0024948418
0.0025345385
0.0027763844
0.0025641322
0.0036524832
0.0031444728
0.0029907227
0.0015235543
0.0027247071
0.0016429722
0.0030791461
0.0026605129
0.0022419095
0.0033102632
0.0023539662
0.0031716824
0.0029933155
0.0031394064
0.0024434030
0.0030066967
0.0027793944
0.0034467876
0.0027870834
0.0029941797
0.0016641915
0.0028065145
0.0026406050
0.0028311610
0.0029047132
0.0023061633
0.0030251741
0.0028484166
0.0030799806
0.0030001104
0.0030038059
0.0028805733
0.0025736690
0.0030012429
0.0021985471
0.0021091402
0.0024108887
0.0031534433
0.0030473471
0.0019061863
0.0027643740
0.0036971271
0.0028942823
0.0022890866
0.0028301179
0.0027110279
0.0024015009
0.0024243593
0.0029367507
0.0032448471
0.0023449063
0.0024407804
0.0031374395
0.0021968484
0.0021275878
0.0031335950
0.0024170578
0.0027286410
0.0026189089
0.0029726923
0.0026280880
0.0027473569
0.0024999678
0.0024313927
0.0025918186
0.0029016435
0.0026290715
0.0025503039
0.0024810135
0.0026675165
0.0023097396
0.0033141375
0.0018181801
0.0025023818
0.0024985671
0.0024887919
0.0020503402
0.0032494366
0.0030243695
0.0034598708
0.0028483272
0.0029110909
0.0028995872
0.0025926232
0.0022587776
0.0032918155
0.0026956797
0.0037222505
0.0019093454
0.0033491254
0.0025696456
0.0033792257
0.0026423633
0.0027953386
0.0022562146
0.0031795800
0.0023634136
0.0026878417
0.0035206974
0.0023318827
0.0024296939
0.0035398602
0.0023329258
0.0028845668
0.0035400987
0.0029739141
0.0029805899
0.0026251078
0.0029990077
0.0026608407
0.0023750961
0.0021563768
0.0027019680
0.0029038787
0.0032753944
0.0030085444
0.0026878715
0.0036354661
0.0032610893
0.0025477707
0.0025276244
0.0035308897
0.0036686957
0.0031425953
0.0029431880
0.0020874739
0.0027243495
0.0021335185
0.0026885271
0.0026479959
0.0022639632
0.0026064813
0.0022037625
0.0026515126
0.0027489960
0.0023231804
0.0026180744
0.0028559566
0.0026587844
0.0025456548
0.0026384890
0.0034327507
0.0029708147
0.0021072030
0.0026039183
0.0027361214
0.0027761161
0.0025598705
0.0027068853
0.0027124286
0.0029037893
0.0027577877
0.0030548871
0.0026334822
0.0022007823
0.0029211342
0.0028081834
0.0029309988
0.0020559430
0.0031415820
0.0026057661
0.0030275583
0.0031999052
0.0025620162
0.0024368465
0.0023179054
0.0024765134
0.0033328235
0.0032674670
0.0024592280
0.0025053620
0.0024506152
0.0029181540
0.0022597015
0.0033791065
0.0027257204
0.0022786260
0.0029831529
0.0027858913
0.0021964312
0.0020595789
0.0023852587
0.0024356842
0.0034583807
0.0026439130
0.0032366812
0.0030128658
0.0025821924
0.0029698014
0.0026028752
0.0030696690
0.0027640760
0.0017327070
0.0028952062
0.0025029182
0.0025338829
0.0029299855
0.0028117001
0.0025077462
0.0023425221
0.0028509796
0.0025340319
0.0026381612
0.0020110309
0.0026939809
0.0030426681
0.0036036372
0.0022560358
0.0027114749
0.0024907291
0.0035262406
0.0027087033
0.0033626258
0.0024771690
0.0018306375
0.0030242503
0.0026301146
0.0032264590
0.0033617318
0.0019512475
0.0014812350
0.0030589998
0.0017752051
0.0031310022
0.0020691454
0.0030188859
0.0029298961
0.0023704767
0.0023722947
0.0020527542
0.0023894310
0.0023427904
0.0020283759
0.0027936995
0.0021550953
0.0030366182
0.0031501949
0.0029580891
0.0022877157
0.0029330254
0.0019576550
0.0030811727
0.0024519563
0.0033042729
0.0029942393
0.0023338497
0.0025605559
0.0032884479
0.0027616322
0.0024744272
0.0025918782
0.0032548606
0.0024174750
0.0025129616
0.0024952590
0.0031408966
0.0018402338
0.0017370880
0.0025225878
0.0027451515
0.0030857623
0.0026935041
0.0024884343
0.0015761256
0.0025875270
0.0014082789
0.0023496747
0.0024744868
0.0035622716
0.0021014214
0.0023903549
0.0027539730
0.0017980635
0.0028670430
0.0023270547
0.0029616952
0.0024658740
0.0028209090
0.0026731193
0.0022887290
0.0029545128
0.0021432042
0.0027417839
0.0018809736
0.0028780401
0.0026788414
0.0024224222
0.0030270815
0.0028345287
0.0034162700
0.0031471848
0.0021703243
0.0023371577
0.0023687780
0.0029979944
0.0026060641
0.0031070113
0.0025935173
